"ï»¿""symbol""",series,date,prevclose,openprice,highprice,lowprice,lastprice,closeprice,averageprice,totaltradedquantity,turnoverinrs,no.oftrades,deliverableqty,%dlyqttotradedqty
CAPLIPOINT,EQ,30-Dec-2014,397.6,406.0,410.0,391.55,407.95,404.85,403.45,7965,3213462.95,319,3498.0,43.92
CAPLIPOINT,EQ,29-Dec-2014,382.15,385.0,400.0,385.0,398.15,397.6,393.58,7130,2806238.0,396,4922.0,69.03
CAPLIPOINT,EQ,26-Dec-2014,390.2,387.0,396.4,380.3,381.05,382.15,385.17,8154,3140661.75,411,5859.0,71.85
CAPLIPOINT,EQ,24-Dec-2014,394.6,378.1,400.0,378.1,391.75,390.2,391.77,7313,2865012.4,293,5270.0,72.06
CAPLIPOINT,EQ,23-Dec-2014,399.0,400.0,400.0,391.0,396.5,394.6,394.2,5666,2233553.5,318,4148.0,73.21
CAPLIPOINT,EQ,22-Dec-2014,407.2,419.35,419.35,390.2,399.95,399.0,399.1,11889,4744908.65,570,6837.0,57.51
CAPLIPOINT,EQ,19-Dec-2014,413.4,414.95,424.25,405.1,406.1,407.2,411.64,7961,3277071.4,413,6091.0,76.51
CAPLIPOINT,EQ,18-Dec-2014,393.25,408.8,419.8,408.0,410.0,413.4,414.0,3686,1526001.15,284,2073.0,56.24
CAPLIPOINT,EQ,17-Dec-2014,405.35,409.75,413.0,382.2,398.0,393.25,395.55,10218,4041775.65,538,5658.0,55.37
CAPLIPOINT,EQ,16-Dec-2014,430.05,435.0,435.0,399.8,404.0,405.35,413.51,18363,7593360.0,814,14357.0,78.18
CAPLIPOINT,EQ,15-Dec-2014,416.45,416.0,435.0,412.0,428.1,430.05,428.46,9603,4114485.7,399,7496.0,78.06
CAPLIPOINT,EQ,12-Dec-2014,422.55,420.05,436.95,415.0,415.5,416.45,421.55,4314,1818551.85,247,2950.0,68.38
CAPLIPOINT,EQ,11-Dec-2014,428.2,430.0,437.0,418.1,425.5,422.55,422.56,4124,1742629.5,250,2987.0,72.43
CAPLIPOINT,EQ,10-Dec-2014,421.2,420.0,432.8,415.0,432.0,428.2,423.88,5537,2347035.85,297,3670.0,66.28
CAPLIPOINT,EQ,09-Dec-2014,425.15,422.0,427.75,415.0,422.0,421.2,420.04,4593,1929260.6,246,3016.0,65.67
CAPLIPOINT,EQ,08-Dec-2014,431.05,432.3,438.75,424.0,424.0,425.15,430.39,9161,3942767.45,328,7145.0,77.99
CAPLIPOINT,EQ,05-Dec-2014,441.35,439.85,439.85,430.0,430.5,431.05,433.85,7481,3245647.1,408,4116.0,55.02
CAPLIPOINT,EQ,04-Dec-2014,435.05,428.1,445.95,428.1,438.2,441.35,440.85,10715,4723715.65,568,7315.0,68.27
CAPLIPOINT,EQ,03-Dec-2014,435.0,437.0,447.0,428.05,435.75,435.05,436.85,10023,4378527.85,490,5746.0,57.33
CAPLIPOINT,EQ,02-Dec-2014,442.7,444.1,448.85,433.0,435.0,435.0,438.67,4873,2137639.55,403,2958.0,60.7
CAPLIPOINT,EQ,01-Dec-2014,438.8,446.15,465.1,439.1,442.25,442.7,448.02,19140,8575170.65,845,8812.0,46.04
CAPLIPOINT,EQ,28-Nov-2014,418.25,414.1,449.0,414.1,445.2,438.8,433.07,20853,9030756.05,1002,10922.0,52.38
CAPLIPOINT,EQ,27-Nov-2014,414.25,420.0,425.0,415.1,421.0,418.25,419.4,7041,2953003.0,268,4491.0,63.78
CAPLIPOINT,EQ,26-Nov-2014,411.15,411.2,421.0,411.05,415.0,414.25,417.18,7777,3244383.9,293,3224.0,41.46
CAPLIPOINT,EQ,25-Nov-2014,415.5,417.05,426.0,410.0,411.05,411.15,415.49,9224,3832523.95,405,5667.0,61.44
CAPLIPOINT,EQ,24-Nov-2014,422.85,438.8,438.8,411.0,417.95,415.5,419.2,5513,2311048.9,388,2958.0,53.65
CAPLIPOINT,EQ,21-Nov-2014,416.05,424.85,432.95,420.2,420.2,422.85,425.79,9210,3921516.35,662,4941.0,53.65
CAPLIPOINT,EQ,20-Nov-2014,421.45,420.95,434.55,412.3,415.0,416.05,421.23,11618,4893870.65,643,7214.0,62.09
CAPLIPOINT,EQ,19-Nov-2014,409.35,417.65,443.95,405.3,427.8,421.45,422.81,22489,9508597.9,1089,13599.0,60.47
CAPLIPOINT,EQ,18-Nov-2014,424.0,421.1,434.85,405.3,412.0,409.35,418.37,11392,4766019.0,612,7225.0,63.42
CAPLIPOINT,EQ,17-Nov-2014,433.3,459.9,459.9,420.25,423.0,424.0,425.83,9493,4042368.3,481,5733.0,60.39
CAPLIPOINT,EQ,14-Nov-2014,435.55,445.9,458.0,416.5,433.45,433.3,438.92,16616,7293047.0,874,9984.0,60.09
CAPLIPOINT,EQ,13-Nov-2014,436.4,448.0,473.0,427.1,432.6,435.55,454.96,25158,11445773.55,1302,13120.0,52.15
CAPLIPOINT,EQ,12-Nov-2014,443.15,443.15,446.95,433.95,434.15,436.4,439.25,9302,4085899.2,630,4049.0,43.53
CAPLIPOINT,EQ,11-Nov-2014,453.8,460.0,474.45,438.2,440.0,443.15,454.31,28585,12986478.35,1434,13140.0,45.97
CAPLIPOINT,EQ,10-Nov-2014,403.2,402.0,467.0,402.0,460.0,453.8,434.22,34102,14807623.1,1071,23348.0,68.47
CAPLIPOINT,EQ,07-Nov-2014,404.65,402.0,409.95,402.0,402.0,403.2,403.94,5839,2358602.45,234,4015.0,68.76
CAPLIPOINT,EQ,05-Nov-2014,401.35,401.2,410.0,395.05,400.2,404.65,402.98,8238,3319747.35,350,5564.0,67.54
CAPLIPOINT,EQ,03-Nov-2014,401.95,399.65,415.0,399.0,399.0,401.35,404.94,6637,2687569.45,429,2881.0,43.41
CAPLIPOINT,EQ,31-Oct-2014,410.05,405.75,413.9,396.0,399.0,401.95,405.81,7198,2921018.75,246,5365.0,74.53
CAPLIPOINT,EQ,30-Oct-2014,410.4,406.3,424.9,404.0,406.0,410.05,414.33,8316,3445593.7,409,4834.0,58.13
CAPLIPOINT,EQ,29-Oct-2014,402.35,400.0,426.95,394.2,408.0,410.4,409.58,12423,5088259.15,757,5809.0,46.76
CAPLIPOINT,EQ,28-Oct-2014,422.95,418.7,425.75,396.55,400.0,402.35,407.54,7744,3155999.55,512,4541.0,58.64
CAPLIPOINT,EQ,27-Oct-2014,426.9,425.0,439.25,420.0,420.0,422.95,428.22,17463,7478028.75,713,11362.0,65.06
CAPLIPOINT,EQ,23-Oct-2014,434.85,448.7,450.0,412.1,427.0,426.9,432.17,11666,5041687.65,572,5879.0,50.39
CAPLIPOINT,EQ,22-Oct-2014,389.35,394.75,442.8,391.6,435.0,434.85,432.04,79849,34497741.3,3581,20722.0,25.95
CAPLIPOINT,EQ,21-Oct-2014,341.1,340.0,403.9,335.0,391.05,389.35,382.87,44252,16942822.35,2436,12343.0,27.89
CAPLIPOINT,EQ,20-Oct-2014,347.8,350.0,361.7,335.15,339.0,341.1,349.15,7596,2652153.8,281,4537.0,59.73
CAPLIPOINT,EQ,17-Oct-2014,350.65,364.9,364.9,340.05,345.55,347.8,349.78,7131,2494286.0,278,4066.0,57.02
CAPLIPOINT,EQ,16-Oct-2014,373.45,406.0,406.0,345.25,345.25,350.65,363.8,12614,4588998.7,461,6828.0,54.13
CAPLIPOINT,EQ,14-Oct-2014,384.65,380.8,389.05,370.0,372.0,373.45,375.63,8575,3221061.65,196,7247.0,84.51
CAPLIPOINT,EQ,13-Oct-2014,380.95,315.0,395.0,315.0,380.0,384.65,371.27,6336,2352389.4,317,3584.0,56.57
CAPLIPOINT,EQ,10-Oct-2014,393.0,389.1,399.0,378.2,385.95,380.95,384.66,9032,3474251.85,315,4852.0,53.72
CAPLIPOINT,EQ,09-Oct-2014,385.0,382.0,406.0,382.0,396.6,393.0,397.32,12529,4978033.7,423,6598.0,52.66
CAPLIPOINT,EQ,08-Oct-2014,417.85,428.3,428.3,378.0,382.0,385.0,390.35,16308,6365860.4,708,10841.0,66.48
CAPLIPOINT,EQ,07-Oct-2014,434.75,431.0,448.0,413.1,414.3,417.85,435.92,19672,8575341.9,424,12820.0,65.17
CAPLIPOINT,EQ,01-Oct-2014,415.0,428.0,435.75,415.0,435.75,434.75,427.4,33778,14436737.75,575,21491.0,63.62
CAPLIPOINT,EQ,30-Sep-2014,395.25,393.25,415.0,383.0,415.0,415.0,406.86,18484,7520429.1,467,10146.0,54.89
CAPLIPOINT,EQ,29-Sep-2014,402.25,422.0,422.0,393.25,395.0,395.25,405.59,11770,4773844.45,507,6863.0,58.31
CAPLIPOINT,EQ,26-Sep-2014,421.1,401.0,425.0,400.05,402.0,402.25,402.15,15041,6048730.5,368,9974.0,66.31
CAPLIPOINT,EQ,25-Sep-2014,443.25,448.75,448.8,421.1,421.1,421.1,426.12,9483,4040883.6,254,7080.0,74.66
CAPLIPOINT,EQ,24-Sep-2014,465.35,465.0,473.0,442.1,445.3,443.25,449.23,8794,3950518.15,306,5818.0,66.16
CAPLIPOINT,EQ,23-Sep-2014,476.5,478.5,490.75,462.0,470.0,465.35,474.81,8267,3925253.4,369,4807.0,58.15
CAPLIPOINT,EQ,22-Sep-2014,492.35,490.0,492.0,467.75,477.7,476.5,475.76,12716,6049776.2,413,8522.0,67.02
CAPLIPOINT,EQ,19-Sep-2014,501.45,509.95,523.95,488.0,494.0,492.35,504.61,8143,4109006.3,465,3506.0,43.06
CAPLIPOINT,EQ,18-Sep-2014,486.8,485.0,509.65,485.0,500.0,501.45,503.64,8434,4247669.25,281,4097.0,48.58
CAPLIPOINT,EQ,17-Sep-2014,505.05,515.0,528.35,481.2,493.0,486.8,505.5,38199,19309699.8,1201,15677.0,41.04
CAPLIPOINT,EQ,16-Sep-2014,528.6,549.8,555.0,502.2,508.0,505.05,524.18,34931,18310137.6,854,17909.0,51.27
CAPLIPOINT,EQ,15-Sep-2014,503.45,524.85,528.6,496.0,528.6,528.6,523.56,16883,8839245.85,482,11523.0,68.25
CAPLIPOINT,EQ,12-Sep-2014,513.4,510.0,510.0,490.0,499.95,503.45,501.9,10957,5499357.4,393,6198.0,56.57
CAPLIPOINT,EQ,11-Sep-2014,520.35,546.35,546.35,495.0,505.0,513.4,538.41,25131,13530893.75,551,19745.0,78.57
CAPLIPOINT,EQ,10-Sep-2014,495.6,509.4,520.35,509.35,520.35,520.35,518.14,8787,4552916.75,135,4963.0,56.48
CAPLIPOINT,EQ,09-Sep-2014,472.0,495.6,495.6,485.55,495.6,495.6,495.21,14788,7323205.0,216,9574.0,64.74
CAPLIPOINT,EQ,08-Sep-2014,449.55,468.55,472.0,450.0,472.0,472.0,469.4,8920,4187047.15,131,7785.0,87.28
CAPLIPOINT,EQ,05-Sep-2014,440.7,444.0,462.7,440.4,446.2,449.55,449.03,11471,5150803.95,383,6544.0,57.05
CAPLIPOINT,EQ,04-Sep-2014,431.1,434.0,445.0,433.1,440.0,440.7,440.29,7863,3461967.85,194,5198.0,66.11
CAPLIPOINT,EQ,03-Sep-2014,442.65,454.5,454.5,429.95,434.5,431.1,437.37,14535,6357214.8,411,11337.0,78.0
CAPLIPOINT,EQ,02-Sep-2014,443.95,450.0,456.0,438.0,448.0,442.65,446.65,12983,5798846.2,346,6010.0,46.29
CAPLIPOINT,EQ,01-Sep-2014,440.1,459.0,462.1,433.05,448.0,443.95,452.62,21586,9770280.65,456,9882.0,45.78
CAPLIPOINT,EQ,28-Aug-2014,419.15,439.8,440.1,430.35,440.1,440.1,439.12,8462,3715848.75,153,5500.0,65.0
CAPLIPOINT,EQ,27-Aug-2014,399.2,379.35,419.15,379.25,419.15,419.15,403.45,42469,17134101.65,713,20557.0,48.4
CAPLIPOINT,EQ,26-Aug-2014,420.2,416.0,416.0,399.2,399.2,399.2,399.66,6767,2704477.8,115,5697.0,84.19
CAPLIPOINT,EQ,25-Aug-2014,426.25,444.4,444.4,415.1,424.0,420.2,429.98,13458,5786732.15,552,6675.0,49.6
CAPLIPOINT,EQ,22-Aug-2014,440.45,462.45,462.45,418.45,425.0,426.25,439.26,36992,16249282.35,986,15167.0,41.0
CAPLIPOINT,EQ,21-Aug-2014,419.5,434.0,440.45,426.55,440.45,440.45,437.41,16481,7209021.35,515,9213.0,55.9
CAPLIPOINT,EQ,20-Aug-2014,399.55,404.4,419.5,402.7,419.5,419.5,414.81,13423,5568050.95,236,9744.0,72.59
CAPLIPOINT,EQ,19-Aug-2014,387.2,387.0,404.9,370.0,399.0,399.55,395.28,27735,10963108.35,869,14843.0,53.52
CAPLIPOINT,EQ,18-Aug-2014,374.65,384.0,393.35,363.0,389.4,387.2,389.0,29270,11386159.25,595,12200.0,41.68
CAPLIPOINT,EQ,14-Aug-2014,360.0,374.0,378.0,342.0,370.25,374.65,369.14,14428,5325912.0,489,5980.0,41.45
CAPLIPOINT,EQ,13-Aug-2014,343.15,343.15,360.3,343.15,360.3,360.0,358.69,15776,5658637.6,328,9125.0,57.84
CAPLIPOINT,EQ,12-Aug-2014,345.9,346.0,349.1,341.0,345.0,343.15,344.05,1480,509201.25,81,989.0,66.82
CAPLIPOINT,EQ,11-Aug-2014,338.45,355.0,355.0,341.0,347.4,345.9,345.82,2286,790543.15,169,1348.0,58.97
CAPLIPOINT,EQ,08-Aug-2014,350.8,345.0,349.75,335.5,342.5,338.45,340.87,5045,1719679.4,220,3165.0,62.74
CAPLIPOINT,EQ,07-Aug-2014,354.5,355.0,359.9,340.3,348.0,350.8,350.77,8943,3136949.7,214,6037.0,67.51
CAPLIPOINT,EQ,06-Aug-2014,367.2,365.0,378.5,352.05,352.05,354.5,365.08,5122,1869937.9,309,2341.0,45.7
CAPLIPOINT,EQ,05-Aug-2014,363.35,369.0,373.8,355.25,370.0,367.2,366.1,8645,3164921.6,274,3759.0,43.48
CAPLIPOINT,EQ,04-Aug-2014,369.9,376.0,377.7,351.45,361.1,363.35,366.87,10549,3870153.45,348,6115.0,57.97
CAPLIPOINT,EQ,01-Aug-2014,364.35,381.0,382.55,350.0,367.0,369.9,378.89,45937,17405253.8,840,16115.0,35.08
CAPLIPOINT,EQ,31-Jul-2014,347.0,361.0,364.35,354.25,364.35,364.35,363.26,11177,4060107.05,177,8198.0,73.35
CAPLIPOINT,EQ,30-Jul-2014,330.5,341.0,347.0,321.0,347.0,347.0,345.53,21871,7557192.05,425,12299.0,56.23
CAPLIPOINT,EQ,28-Jul-2014,315.95,315.0,331.7,314.0,331.7,330.5,328.89,6850,2252881.15,184,5345.0,78.03
CAPLIPOINT,EQ,25-Jul-2014,322.05,306.05,322.05,306.05,322.05,315.95,311.1,9600,2986554.75,240,4936.0,51.42
CAPLIPOINT,EQ,24-Jul-2014,338.95,338.95,338.95,322.05,322.05,322.05,327.83,8456,2772129.9,146,5396.0,63.81
CAPLIPOINT,EQ,23-Jul-2014,338.65,355.55,355.55,330.1,335.0,338.95,350.5,46259,16213915.65,740,23738.0,51.32
CAPLIPOINT,EQ,22-Jul-2014,322.55,335.95,338.65,331.05,338.65,338.65,338.18,3763,1272588.05,64,3452.0,91.74
CAPLIPOINT,EQ,21-Jul-2014,307.2,319.0,322.55,316.0,322.55,322.55,320.67,7547,2420082.95,204,6237.0,82.64
CAPLIPOINT,EQ,18-Jul-2014,292.6,300.0,307.2,282.25,307.2,307.2,301.45,6911,2083299.65,182,5097.0,73.75
CAPLIPOINT,EQ,17-Jul-2014,280.2,294.2,294.2,280.0,294.2,292.6,291.31,16537,4817450.95,245,10494.0,63.46
CAPLIPOINT,EQ,16-Jul-2014,266.9,280.2,280.2,280.2,280.2,280.2,280.2,2429,680605.8,13,2429.0,100.0
CAPLIPOINT,EQ,15-Jul-2014,254.2,254.2,266.9,254.2,266.9,266.9,262.58,643,168841.55,22,632.0,98.29
CAPLIPOINT,EQ,14-Jul-2014,265.25,273.0,273.0,252.0,252.0,254.2,259.22,3961,1026788.7,78,2262.0,57.11
CAPLIPOINT,EQ,11-Jul-2014,265.35,266.0,278.0,265.0,265.0,265.25,268.7,4654,1250539.3,103,3631.0,78.02
CAPLIPOINT,EQ,10-Jul-2014,253.9,261.95,266.55,248.1,264.95,265.35,262.12,6735,1765362.25,135,5202.0,77.24
CAPLIPOINT,EQ,09-Jul-2014,265.4,264.0,264.0,252.15,253.55,253.9,253.66,4935,1251795.45,118,3338.0,67.64
CAPLIPOINT,EQ,08-Jul-2014,279.35,276.4,276.4,265.4,265.4,265.4,267.71,7699,2061130.1,126,7225.0,93.84
CAPLIPOINT,EQ,07-Jul-2014,276.8,286.0,290.0,263.0,278.0,279.35,274.11,20868,5720135.9,402,15068.0,72.21
CAPLIPOINT,EQ,04-Jul-2014,263.65,276.8,276.8,276.8,276.8,276.8,276.8,2178,602870.4,22,2177.0,99.95
CAPLIPOINT,EQ,03-Jul-2014,251.1,262.9,263.65,257.5,263.65,263.65,260.48,6324,1647254.2,176,5274.0,83.4
CAPLIPOINT,EQ,02-Jul-2014,239.15,242.05,251.1,240.0,251.1,251.1,248.48,4224,1049588.3,126,2482.0,58.76
CAPLIPOINT,EQ,01-Jul-2014,217.45,239.15,239.15,231.1,239.15,239.15,237.58,10736,2550616.05,218,7119.0,66.31
CAPLIPOINT,EQ,30-Jun-2014,197.7,217.45,217.45,217.45,217.45,217.45,217.45,860,187007.0,10,860.0,100.0
CAPLIPOINT,EQ,27-Jun-2014,179.75,177.3,197.7,177.05,197.7,197.7,189.72,4811,912743.5,70,4191.0,87.11
CAPLIPOINT,EQ,26-Jun-2014,181.25,183.0,185.0,174.0,177.05,179.75,178.68,3192,570354.15,48,1560.0,48.87
CAPLIPOINT,EQ,25-Jun-2014,178.2,178.2,182.0,178.2,181.0,181.25,180.75,746,134840.6,17,660.0,88.47
CAPLIPOINT,EQ,24-Jun-2014,179.0,177.0,182.0,176.2,178.2,178.2,179.51,2293,411605.05,20,420.0,18.32
CAPLIPOINT,EQ,23-Jun-2014,176.95,171.0,181.0,171.0,179.0,179.0,179.74,438,78727.0,8,220.0,50.23
CAPLIPOINT,EQ,30-Dec-2015,"1,441.50","1,455.40","1,475.00","1,390.00","1,413.00","1,410.00","1,435.44",14338,20581352.55,1945,7712.0,53.79
CAPLIPOINT,EQ,29-Dec-2015,"1,407.05","1,410.00","1,460.00","1,410.00","1,445.00","1,441.50","1,441.11",23504,33871754.2,2535,14800.0,62.97
CAPLIPOINT,EQ,28-Dec-2015,"1,332.40","1,354.90","1,424.75","1,345.00","1,405.00","1,407.05","1,392.47",17212,23967136.0,1454,9733.0,56.55
CAPLIPOINT,EQ,24-Dec-2015,"1,356.55","1,360.05","1,365.00","1,326.00","1,330.00","1,332.40","1,341.03",3671,4922934.85,468,2815.0,76.68
CAPLIPOINT,EQ,23-Dec-2015,"1,371.20","1,381.00","1,388.00","1,352.00","1,352.00","1,356.55","1,371.76",6164,8455516.9,676,3042.0,49.35
CAPLIPOINT,EQ,22-Dec-2015,"1,362.75","1,364.95","1,388.00","1,356.55","1,362.05","1,371.20","1,372.31",6868,9424993.95,468,3309.0,48.18
CAPLIPOINT,EQ,21-Dec-2015,"1,375.85","1,375.00","1,388.00","1,330.10","1,369.15","1,362.75","1,364.80",3350,4572070.95,742,1938.0,57.85
CAPLIPOINT,EQ,18-Dec-2015,"1,380.05","1,360.05","1,384.95","1,360.05","1,380.00","1,375.85","1,373.64",8920,12252829.05,1265,6304.0,70.67
CAPLIPOINT,EQ,17-Dec-2015,"1,328.70","1,320.95","1,384.90","1,320.95","1,376.20","1,380.05","1,358.29",11390,15470949.85,1697,7003.0,61.48
CAPLIPOINT,EQ,16-Dec-2015,"1,279.00","1,277.00","1,348.95","1,277.00","1,323.00","1,328.70","1,318.88",17731,23385073.85,2048,8286.0,46.73
CAPLIPOINT,EQ,15-Dec-2015,"1,286.65","1,293.95","1,299.00","1,233.80","1,273.00","1,279.00","1,276.59",7215,9210615.15,1034,4552.0,63.09
CAPLIPOINT,EQ,14-Dec-2015,"1,287.20","1,287.25","1,306.00","1,262.00","1,290.00","1,286.65","1,289.57",7184,9264239.9,1101,3184.0,44.32
CAPLIPOINT,EQ,11-Dec-2015,"1,313.40","1,325.00","1,330.05","1,273.00","1,285.00","1,287.20","1,301.42",5735,7463638.7,771,3770.0,65.74
CAPLIPOINT,EQ,10-Dec-2015,"1,296.55","1,314.40","1,329.00","1,292.00","1,302.10","1,313.40","1,315.26",10289,13532720.8,1043,5704.0,55.44
CAPLIPOINT,EQ,09-Dec-2015,"1,351.90","1,351.90","1,367.95","1,286.20","1,294.00","1,296.55","1,320.57",22335,29495021.25,1483,17095.0,76.54
CAPLIPOINT,EQ,08-Dec-2015,"1,388.90","1,383.55","1,398.00","1,340.00","1,350.00","1,351.90","1,368.81",6761,9254548.6,1001,4820.0,71.29
CAPLIPOINT,EQ,07-Dec-2015,"1,404.75","1,418.75","1,430.00","1,369.00","1,389.00","1,388.90","1,403.90",15402,21622848.4,975,9444.0,61.32
CAPLIPOINT,EQ,04-Dec-2015,"1,396.05","1,396.00","1,430.00","1,391.05","1,401.00","1,404.75","1,411.90",15660,22110346.7,2393,8338.0,53.24
CAPLIPOINT,EQ,03-Dec-2015,"1,359.05","1,367.90","1,418.00","1,344.00","1,397.40","1,396.05","1,388.51",10319,14328050.4,1373,4856.0,47.06
CAPLIPOINT,EQ,02-Dec-2015,"1,370.80","1,355.00","1,384.00","1,350.00","1,365.05","1,359.05","1,363.01",7097,9673299.75,1167,4558.0,64.22
CAPLIPOINT,EQ,01-Dec-2015,"1,401.65","1,401.00","1,409.00","1,359.60","1,370.50","1,370.80","1,387.11",6781,9406011.7,1023,4626.0,68.22
CAPLIPOINT,EQ,30-Nov-2015,"1,442.25","1,445.00","1,474.90","1,383.25","1,385.00","1,401.65","1,429.83",16730,23921058.3,2059,13013.0,77.78
CAPLIPOINT,EQ,27-Nov-2015,"1,486.85","1,489.95","1,498.90","1,435.05","1,442.00","1,442.25","1,457.16",9319,13579239.95,1128,5730.0,61.49
CAPLIPOINT,EQ,26-Nov-2015,"1,486.65","1,469.00","1,532.00","1,450.00","1,484.95","1,486.85","1,503.19",39214,58945968.1,4346,16477.0,42.02
CAPLIPOINT,EQ,24-Nov-2015,"1,403.05","1,403.00","1,499.95","1,401.00","1,485.50","1,486.65","1,465.96",61885,90720919.85,7258,30472.0,49.24
CAPLIPOINT,EQ,23-Nov-2015,"1,333.50","1,343.50","1,434.00","1,325.00","1,401.45","1,403.05","1,378.17",55260,76157649.35,3953,29657.0,53.67
CAPLIPOINT,EQ,20-Nov-2015,"1,317.15","1,317.40","1,347.95","1,310.00","1,337.90","1,333.50","1,332.76",12755,16999371.05,1900,9362.0,73.4
CAPLIPOINT,EQ,19-Nov-2015,"1,296.65","1,323.20","1,373.00","1,270.95","1,324.80","1,317.15","1,332.84",28247,37648750.6,3634,12148.0,43.01
CAPLIPOINT,EQ,18-Nov-2015,"1,289.70","1,298.55","1,300.00","1,271.20","1,291.00","1,296.65","1,291.59",17707,22870120.95,3032,10251.0,57.89
CAPLIPOINT,EQ,17-Nov-2015,"1,283.45","1,290.15","1,300.00","1,280.40","1,295.00","1,289.70","1,290.42",4662,6015957.55,738,2751.0,59.01
CAPLIPOINT,EQ,16-Nov-2015,"1,297.10","1,296.00","1,305.00","1,272.00","1,289.00","1,283.45","1,286.23",6891,8863401.7,1072,5246.0,76.13
CAPLIPOINT,EQ,13-Nov-2015,"1,313.55","1,308.00","1,318.00","1,280.00","1,294.00","1,297.10","1,302.93",8657,11279494.5,1597,4915.0,56.77
CAPLIPOINT,EQ,11-Nov-2015,"1,307.20","1,313.20","1,330.95","1,262.05","1,312.00","1,313.55","1,313.69",1782,2340999.55,267,1174.0,65.88
CAPLIPOINT,EQ,10-Nov-2015,"1,325.60","1,349.00","1,349.00","1,298.35","1,315.50","1,307.20","1,313.34",9547,12538425.4,1286,5923.0,62.04
CAPLIPOINT,EQ,09-Nov-2015,"1,329.95","1,282.00","1,350.00","1,266.25","1,335.00","1,325.60","1,323.93",20669,27364362.05,2158,10538.0,50.98
CAPLIPOINT,EQ,06-Nov-2015,"1,296.90","1,350.10","1,388.95","1,313.95","1,322.00","1,329.95","1,344.22",76407,102707725.55,7445,27810.0,36.4
CAPLIPOINT,EQ,05-Nov-2015,"1,299.60","1,303.95","1,345.00","1,280.50","1,305.00","1,296.90","1,312.39",34148,44815504.05,2524,15476.0,45.32
CAPLIPOINT,EQ,04-Nov-2015,"1,250.95","1,257.00","1,330.00","1,245.50","1,302.00","1,299.60","1,304.78",49542,64641234.15,3760,21569.0,43.54
CAPLIPOINT,EQ,03-Nov-2015,"1,245.20","1,257.65","1,267.45","1,240.00","1,252.35","1,250.95","1,250.60",10969,13717851.8,775,7011.0,63.92
CAPLIPOINT,EQ,02-Nov-2015,"1,276.70","1,261.00","1,278.00","1,223.00","1,236.10","1,245.20","1,246.14",12314,15345004.15,1600,6581.0,53.44
CAPLIPOINT,EQ,30-Oct-2015,"1,318.45","1,330.00","1,335.70","1,265.00","1,270.00","1,276.70","1,298.75",13174,17109699.15,2150,7475.0,56.74
CAPLIPOINT,EQ,29-Oct-2015,"1,323.55","1,323.55","1,377.00","1,310.25","1,315.00","1,318.45","1,342.41",15150,20337488.5,1703,7180.0,47.39
CAPLIPOINT,EQ,28-Oct-2015,"1,320.95","1,321.15","1,335.00","1,299.60","1,322.00","1,323.55","1,314.68",9291,12214676.05,1317,4471.0,48.12
CAPLIPOINT,EQ,27-Oct-2015,"1,327.50","1,340.00","1,340.00","1,317.45","1,329.00","1,320.95","1,325.40",6224,8249320.65,774,3245.0,52.14
CAPLIPOINT,EQ,26-Oct-2015,"1,348.55","1,363.00","1,363.00","1,320.00","1,331.00","1,327.50","1,334.87",7094,9469569.5,947,4949.0,69.76
CAPLIPOINT,EQ,23-Oct-2015,"1,359.95","1,375.00","1,375.00","1,330.20","1,355.00","1,348.55","1,353.74",6449,8730275.5,817,4304.0,66.74
CAPLIPOINT,EQ,21-Oct-2015,"1,352.60","1,363.95","1,385.00","1,352.60","1,360.00","1,359.95","1,367.36",9103,12447077.1,1190,4043.0,44.41
CAPLIPOINT,EQ,20-Oct-2015,"1,336.00","1,341.35","1,365.00","1,336.00","1,357.00","1,352.60","1,353.08",7076,9574362.65,977,4220.0,59.64
CAPLIPOINT,EQ,19-Oct-2015,"1,359.65","1,353.75","1,387.95","1,330.00","1,339.00","1,336.00","1,350.63",15224,20562001.3,1575,7192.0,47.24
CAPLIPOINT,EQ,16-Oct-2015,"1,335.75","1,339.75","1,370.00","1,325.00","1,360.00","1,359.65","1,351.72",17483,23632194.0,1399,9307.0,53.23
CAPLIPOINT,EQ,15-Oct-2015,"1,353.60","1,355.00","1,365.00","1,331.95","1,334.00","1,335.75","1,346.99",11927,16065523.1,1419,5748.0,48.19
CAPLIPOINT,EQ,14-Oct-2015,"1,328.85","1,332.05","1,374.85","1,322.10","1,352.00","1,353.60","1,359.69",20362,27686076.15,2652,7583.0,37.24
CAPLIPOINT,EQ,13-Oct-2015,"1,361.40","1,358.05","1,358.05","1,320.60","1,330.00","1,328.85","1,334.57",10468,13970272.75,1296,6325.0,60.42
CAPLIPOINT,EQ,12-Oct-2015,"1,372.35","1,377.00","1,382.25","1,320.00","1,350.00","1,361.40","1,350.14",20850,28150477.4,2422,9386.0,45.02
CAPLIPOINT,EQ,09-Oct-2015,"1,373.90","1,380.00","1,400.05","1,353.00","1,358.00","1,372.35","1,376.55",33395,45970051.2,4228,16941.0,50.73
CAPLIPOINT,EQ,08-Oct-2015,"1,504.00","1,495.10","1,515.30","1,357.65","1,357.65","1,373.90","1,399.98",85109,119150587.3,10143,47260.0,55.53
CAPLIPOINT,EQ,07-Oct-2015,"1,514.10","1,506.10","1,550.00","1,491.25","1,508.00","1,504.00","1,522.01",19768,30087027.85,1919,6895.0,34.88
CAPLIPOINT,EQ,06-Oct-2015,"1,474.25","1,470.00","1,543.05","1,460.00","1,523.00","1,514.10","1,522.00",52987,80646178.55,4357,21116.0,39.85
CAPLIPOINT,EQ,05-Oct-2015,"1,442.45","1,459.95","1,515.00","1,441.10","1,474.80","1,474.25","1,478.53",28743,42497338.0,2994,10783.0,37.52
CAPLIPOINT,EQ,01-Oct-2015,"1,442.25","1,442.25","1,469.95","1,436.40","1,440.00","1,442.45","1,453.07",11026,16021557.85,1122,4743.0,43.02
CAPLIPOINT,EQ,30-Sep-2015,"1,452.65","1,463.95","1,463.95","1,430.00","1,444.90","1,442.25","1,443.62",11361,16400932.05,1289,5349.0,47.08
CAPLIPOINT,EQ,29-Sep-2015,"1,455.00","1,444.00","1,470.00","1,425.10","1,443.00","1,452.65","1,450.34",11638,16879044.55,1857,4130.0,35.49
CAPLIPOINT,EQ,28-Sep-2015,"1,469.85","1,494.90","1,494.90","1,442.10","1,454.00","1,455.00","1,456.40",11073,16126706.25,1487,6058.0,54.71
CAPLIPOINT,EQ,24-Sep-2015,"1,438.30","1,420.00","1,508.00","1,420.00","1,481.00","1,469.85","1,478.83",21681,32062432.3,2504,6706.0,30.93
CAPLIPOINT,EQ,23-Sep-2015,"1,456.05","1,456.10","1,471.95","1,412.60","1,448.50","1,438.30","1,446.84",29754,43049296.5,3001,16041.0,53.91
CAPLIPOINT,EQ,22-Sep-2015,"1,509.45","1,525.00","1,540.00","1,441.95","1,449.00","1,456.05","1,491.47",20773,30982226.35,2655,12283.0,59.13
CAPLIPOINT,EQ,21-Sep-2015,"1,531.55","1,529.90","1,560.00","1,486.00","1,519.00","1,509.45","1,523.93",23903,36426480.3,4591,12724.0,53.23
CAPLIPOINT,EQ,18-Sep-2015,"1,526.35","1,558.00","1,558.00","1,515.00","1,531.00","1,531.55","1,534.74",16971,26046051.65,3910,9785.0,57.66
CAPLIPOINT,EQ,16-Sep-2015,"1,531.00","1,553.90","1,561.60","1,510.00","1,520.15","1,526.35","1,534.78",18457,28327413.6,2481,7104.0,38.49
CAPLIPOINT,EQ,15-Sep-2015,"1,559.55","1,563.70","1,574.55","1,521.10","1,532.00","1,531.00","1,543.12",24713,38135016.65,6088,10688.0,43.25
CAPLIPOINT,EQ,14-Sep-2015,"1,532.25","1,540.00","1,586.00","1,534.00","1,556.00","1,559.55","1,567.79",31596,49535865.75,5316,12198.0,38.61
CAPLIPOINT,EQ,11-Sep-2015,"1,441.90","1,445.00","1,592.00","1,445.00","1,516.00","1,532.25","1,543.26",106331,164096711.1,14079,28984.0,27.26
CAPLIPOINT,EQ,10-Sep-2015,"1,474.85","1,450.00","1,476.00","1,420.00","1,450.00","1,441.90","1,448.50",24342,35259339.15,3655,9878.0,40.58
CAPLIPOINT,EQ,09-Sep-2015,"1,447.35","1,470.00","1,518.85","1,463.00","1,476.00","1,474.85","1,492.39",35479,52948382.6,4280,14077.0,39.68
CAPLIPOINT,EQ,08-Sep-2015,"1,441.80","1,445.00","1,489.00","1,390.00","1,440.00","1,447.35","1,444.35",41447,59863956.35,6202,14452.0,34.87
CAPLIPOINT,EQ,07-Sep-2015,"1,496.85","1,500.00","1,570.00","1,421.00","1,434.00","1,441.80","1,493.58",51199,76469687.5,6091,15171.0,29.63
CAPLIPOINT,EQ,04-Sep-2015,"1,605.85","1,600.00","1,600.00","1,450.00","1,495.00","1,496.85","1,510.25",93575,141322007.9,10758,25664.0,27.43
CAPLIPOINT,EQ,03-Sep-2015,"1,396.85","1,412.95","1,645.95","1,390.00","1,595.00","1,605.85","1,554.16",255948,397784730.7,24694,59012.0,23.06
CAPLIPOINT,EQ,02-Sep-2015,"1,379.45","1,410.00","1,422.00","1,382.55","1,396.00","1,396.85","1,401.71",22367,31352153.65,2661,10545.0,47.15
CAPLIPOINT,EQ,01-Sep-2015,"1,405.95","1,368.05","1,437.00","1,368.00","1,375.00","1,379.45","1,402.49",26569,37262662.0,3610,12245.0,46.09
CAPLIPOINT,EQ,31-Aug-2015,"1,383.90","1,363.10","1,428.95","1,350.05","1,412.00","1,405.95","1,398.97",24665,34505504.3,2941,11345.0,46.0
CAPLIPOINT,EQ,28-Aug-2015,"1,308.30","1,318.00","1,437.00","1,318.00","1,387.00","1,383.90","1,394.27",76819,107106781.5,7523,30227.0,39.35
CAPLIPOINT,EQ,27-Aug-2015,"1,267.55","1,337.00","1,337.00","1,295.00","1,302.00","1,308.30","1,312.54",14195,18631496.9,2085,7047.0,49.64
CAPLIPOINT,EQ,26-Aug-2015,"1,256.90","1,254.90","1,288.30","1,200.00","1,266.50","1,267.55","1,259.44",22412,28226583.3,4770,10625.0,47.41
CAPLIPOINT,EQ,25-Aug-2015,"1,275.20","1,335.00","1,351.00","1,150.00","1,255.00","1,256.90","1,235.08",44229,54626162.4,5188,18584.0,42.02
CAPLIPOINT,EQ,24-Aug-2015,"1,471.30","1,400.00","1,428.00","1,205.00","1,250.00","1,275.20","1,339.20",79206,106072744.35,9574,35691.0,45.06
CAPLIPOINT,EQ,21-Aug-2015,"1,364.40","1,385.00","1,519.90","1,351.50","1,463.00","1,471.30","1,453.10",234551,340824974.6,19793,62792.0,26.77
CAPLIPOINT,EQ,20-Aug-2015,"1,347.00","1,347.95","1,388.00","1,325.00","1,362.00","1,364.40","1,364.46",37907,51722634.75,5287,16737.0,44.15
CAPLIPOINT,EQ,19-Aug-2015,"1,352.25","1,356.90","1,373.50","1,250.00","1,347.00","1,347.00","1,347.94",35551,47920537.55,3300,15569.0,43.79
CAPLIPOINT,EQ,18-Aug-2015,"1,314.45","1,322.00","1,377.00","1,322.00","1,360.00","1,352.25","1,352.23",49648,67135566.95,4208,21268.0,42.84
CAPLIPOINT,EQ,17-Aug-2015,"1,217.20","1,236.00","1,329.00","1,222.15","1,302.20","1,314.45","1,298.99",51095,66371902.55,5400,25767.0,50.43
CAPLIPOINT,EQ,14-Aug-2015,"1,193.70","1,225.00","1,244.45","1,200.00","1,221.00","1,217.20","1,221.54",11595,14163730.9,1409,5996.0,51.71
CAPLIPOINT,EQ,13-Aug-2015,"1,215.25","1,240.00","1,254.00","1,185.00","1,205.00","1,193.70","1,215.74",11519,14004161.85,1602,5472.0,47.5
CAPLIPOINT,EQ,12-Aug-2015,"1,286.25","1,291.00","1,298.60","1,200.00","1,207.10","1,215.25","1,245.88",19324,24075389.2,2081,12411.0,64.23
CAPLIPOINT,EQ,11-Aug-2015,"1,271.25","1,290.00","1,333.00","1,279.00","1,279.00","1,286.25","1,306.55",54773,71563539.15,4716,17997.0,32.86
CAPLIPOINT,EQ,10-Aug-2015,"1,253.65","1,261.00","1,295.00","1,229.80","1,260.00","1,271.25","1,277.07",18131,23154553.8,1914,8912.0,49.15
CAPLIPOINT,EQ,07-Aug-2015,"1,265.70","1,272.00","1,289.00","1,250.00","1,254.00","1,253.65","1,268.30",9185,11649304.25,1247,4926.0,53.63
CAPLIPOINT,EQ,06-Aug-2015,"1,295.80","1,315.00","1,315.00","1,255.00","1,262.00","1,265.70","1,282.38",12296,15768136.4,1635,6780.0,55.14
CAPLIPOINT,EQ,05-Aug-2015,"1,292.05","1,310.00","1,340.00","1,291.00","1,295.00","1,295.80","1,312.52",23470,30804904.05,2539,10444.0,44.5
CAPLIPOINT,EQ,04-Aug-2015,"1,273.00","1,297.90","1,321.10","1,261.00","1,293.10","1,292.05","1,294.53",34368,44490331.1,3218,13404.0,39.0
CAPLIPOINT,EQ,03-Aug-2015,"1,204.90","1,198.00","1,324.50","1,198.00","1,272.00","1,273.00","1,275.85",58179,74227483.1,6682,21015.0,36.12
CAPLIPOINT,EQ,31-Jul-2015,"1,193.30","1,209.00","1,250.00","1,196.45","1,207.50","1,204.90","1,224.29",16676,20416187.5,1903,7732.0,46.37
CAPLIPOINT,EQ,30-Jul-2015,"1,193.20","1,208.95","1,217.00","1,170.00","1,193.00","1,193.30","1,193.40",14773,17630160.35,1701,8056.0,54.53
CAPLIPOINT,EQ,29-Jul-2015,"1,204.50","1,216.00","1,224.00","1,185.00","1,193.00","1,193.20","1,204.02",9598,11556155.75,1317,5240.0,54.59
CAPLIPOINT,EQ,28-Jul-2015,"1,208.85","1,229.00","1,250.50","1,195.15","1,200.00","1,204.50","1,218.39",20149,24549247.25,2310,8744.0,43.4
CAPLIPOINT,EQ,27-Jul-2015,"1,194.30","1,199.95","1,294.80","1,179.85","1,207.00","1,208.85","1,226.24",46090,56517325.85,5069,15038.0,32.63
CAPLIPOINT,EQ,24-Jul-2015,"1,266.65","1,269.00","1,296.00","1,188.05","1,194.45","1,194.30","1,221.17",52100,63623169.75,3936,33650.0,64.59
CAPLIPOINT,EQ,23-Jul-2015,"1,312.50","1,315.00","1,349.00","1,260.00","1,265.00","1,266.65","1,288.98",28912,37267102.15,2501,18608.0,64.36
CAPLIPOINT,EQ,22-Jul-2015,"1,379.80","1,362.00","1,370.00","1,295.20","1,300.00","1,312.50","1,332.76",35573,47410382.3,2805,20922.0,58.81
CAPLIPOINT,EQ,21-Jul-2015,"1,361.60","1,398.00","1,435.00","1,336.00","1,361.00","1,379.80","1,396.68",89934,125609397.15,7519,29539.0,32.85
CAPLIPOINT,EQ,20-Jul-2015,"1,261.15","1,265.10","1,389.00","1,264.90","1,372.00","1,361.60","1,354.39",87931,119092641.4,8330,26919.0,30.61
CAPLIPOINT,EQ,17-Jul-2015,"1,274.60","1,272.10","1,313.00","1,241.00","1,270.00","1,261.15","1,272.36",36598,46565669.3,3679,13687.0,37.4
CAPLIPOINT,EQ,16-Jul-2015,"1,310.60","1,316.00","1,335.00","1,267.00","1,268.30","1,274.60","1,290.05",28155,36321483.8,2889,11477.0,40.76
CAPLIPOINT,EQ,15-Jul-2015,"1,325.40","1,330.00","1,358.45","1,276.90","1,306.00","1,310.60","1,318.78",51730,68220411.6,5601,15156.0,29.3
CAPLIPOINT,EQ,14-Jul-2015,"1,294.30","1,325.00","1,416.00","1,280.00","1,322.00","1,325.40","1,361.75",187608,255475450.85,15354,40550.0,21.61
CAPLIPOINT,EQ,13-Jul-2015,"1,078.60","1,081.10","1,294.30","1,081.10","1,294.30","1,294.30","1,233.31",166306,205107573.6,14059,40123.0,24.13
CAPLIPOINT,EQ,10-Jul-2015,"1,007.25","1,030.00","1,115.00","1,020.00","1,086.45","1,078.60","1,071.47",82013,87874623.15,5407,27673.0,33.74
CAPLIPOINT,EQ,09-Jul-2015,989.50,"1,014.00","1,035.90",980.00,"1,008.50","1,007.25","1,013.82",44264,44875908.95,3166,14948.0,33.77
CAPLIPOINT,EQ,08-Jul-2015,989.85,985.00,"1,023.55",966.95,996.00,989.50,995.52,12859,12801404.25,1316,5715.0,44.44
CAPLIPOINT,EQ,07-Jul-2015,992.30,"1,009.95","1,025.05",985.00,"1,000.00",989.85,"1,003.04",14570,14614240.55,1329,7120.0,48.87
CAPLIPOINT,EQ,06-Jul-2015,970.35,955.45,"1,018.00",949.95,986.00,992.30,984.56,15400,15162183.85,2552,8838.0,57.39
CAPLIPOINT,EQ,03-Jul-2015,987.00,"1,004.00","1,035.00",962.00,976.90,970.35,"1,002.69",20259,20313592.65,1937,10867.0,53.64
CAPLIPOINT,EQ,02-Jul-2015,950.35,962.00,"1,008.00",949.95,999.00,987.00,970.71,31088,30177502.65,1487,22501.0,72.38
CAPLIPOINT,EQ,01-Jul-2015,930.85,945.00,963.95,936.05,954.90,950.35,951.10,12787,12161723.25,1334,6516.0,50.96
CAPLIPOINT,EQ,30-Jun-2015,917.60,901.05,942.90,900.00,927.00,930.85,925.67,10143,9389066.05,1413,4933.0,48.63
CAPLIPOINT,EQ,29-Jun-2015,914.10,875.00,933.95,851.00,906.10,917.60,900.41,13035,11736854.2,2021,6377.0,48.92
CAPLIPOINT,EQ,26-Jun-2015,914.35,911.90,934.95,910.00,911.00,914.10,921.49,8223,7577447.0,1053,3888.0,47.28
CAPLIPOINT,EQ,25-Jun-2015,918.30,920.10,926.50,905.95,915.00,914.35,914.03,5193,4746537.45,654,2508.0,48.3
CAPLIPOINT,EQ,24-Jun-2015,936.90,950.00,950.00,906.00,910.05,918.30,925.87,10523,9742974.45,1286,4521.0,42.96
CAPLIPOINT,EQ,23-Jun-2015,969.75,969.00,978.00,891.50,940.00,936.90,943.30,11776,11108337.9,1154,5771.0,49.01
CAPLIPOINT,EQ,22-Jun-2015,965.30,980.05,988.00,956.00,960.10,969.75,971.37,11482,11153323.6,1142,7258.0,63.21
CAPLIPOINT,EQ,19-Jun-2015,957.85,969.95,989.00,950.00,962.10,965.30,968.37,12538,12141398.8,1471,6659.0,53.11
CAPLIPOINT,EQ,18-Jun-2015,932.45,944.90,986.80,944.80,964.00,957.85,968.91,35065,33974911.3,2643,14831.0,42.3
CAPLIPOINT,EQ,17-Jun-2015,910.15,918.00,950.00,895.95,935.00,932.45,929.59,14391,13377666.8,1240,7196.0,50.0
CAPLIPOINT,EQ,16-Jun-2015,900.65,909.95,929.00,886.00,914.50,910.15,907.35,11310,10262081.8,1108,5576.0,49.3
CAPLIPOINT,EQ,15-Jun-2015,879.85,899.00,924.00,878.05,902.00,900.65,900.33,13787,12412794.7,1474,6402.0,46.44
CAPLIPOINT,EQ,12-Jun-2015,912.05,913.00,929.90,873.25,882.00,879.85,896.96,11687,10482739.6,1513,6547.0,56.02
CAPLIPOINT,EQ,11-Jun-2015,916.95,927.00,989.00,903.00,910.00,912.05,949.01,28899,27425325.5,2638,11958.0,41.38
CAPLIPOINT,EQ,10-Jun-2015,833.60,859.95,916.95,835.00,916.95,916.95,888.22,18026,16011019.6,1476,9034.0,50.12
CAPLIPOINT,EQ,09-Jun-2015,868.75,874.80,874.85,808.05,832.00,833.60,834.58,8069,6734232.4,1217,4378.0,54.26
CAPLIPOINT,EQ,08-Jun-2015,867.15,903.00,903.00,864.10,867.00,868.75,868.98,5310,4614263.8,587,3296.0,62.07
CAPLIPOINT,EQ,05-Jun-2015,866.65,906.00,906.00,851.00,868.10,867.15,870.86,5021,4372577.1,671,2975.0,59.25
CAPLIPOINT,EQ,04-Jun-2015,886.50,900.00,900.00,855.00,871.50,866.65,873.80,8090,7069014.8,917,5221.0,64.54
CAPLIPOINT,EQ,03-Jun-2015,915.50,915.90,915.90,870.00,885.00,886.50,890.65,11252,10021593.85,1333,6373.0,56.64
CAPLIPOINT,EQ,02-Jun-2015,950.45,955.05,955.05,906.00,922.00,915.50,923.52,4505,4160473.1,639,2726.0,60.51
CAPLIPOINT,EQ,01-Jun-2015,949.65,967.00,967.50,941.00,955.00,950.45,954.51,5646,5389149.5,686,3723.0,65.94
CAPLIPOINT,EQ,29-May-2015,959.30,959.65,980.05,940.00,954.00,949.65,955.90,5823,5566201.55,635,4117.0,70.7
CAPLIPOINT,EQ,28-May-2015,949.60,961.90,989.90,934.95,951.05,959.30,964.73,20291,19575383.55,1754,11988.0,59.08
CAPLIPOINT,EQ,27-May-2015,904.40,900.00,949.60,892.50,949.60,949.60,935.38,10652,9963695.5,760,7095.0,66.61
CAPLIPOINT,EQ,26-May-2015,886.10,880.00,920.00,871.05,902.00,904.40,899.42,13975,12569409.3,1673,7267.0,52.0
CAPLIPOINT,EQ,25-May-2015,915.15,928.00,928.00,876.10,885.10,886.10,893.47,10815,9662878.75,845,7545.0,69.76
CAPLIPOINT,EQ,22-May-2015,941.95,902.10,958.85,902.10,912.00,915.15,928.91,10443,9700566.0,1135,5518.0,52.84
CAPLIPOINT,EQ,21-May-2015,965.80,978.00,989.00,930.00,946.00,941.95,955.97,9974,9534824.85,870,6595.0,66.12
CAPLIPOINT,EQ,20-May-2015,987.65,"1,017.50","1,019.00",940.00,962.00,965.80,975.64,6341,6186506.7,600,3869.0,61.02
CAPLIPOINT,EQ,19-May-2015,994.05,980.10,"1,029.00",979.05,989.00,987.65,"1,002.60",13014,13047876.05,1201,4589.0,35.26
CAPLIPOINT,EQ,18-May-2015,969.80,975.00,"1,008.50",972.00,990.00,994.05,991.97,10635,10549607.75,1147,5661.0,53.23
CAPLIPOINT,EQ,15-May-2015,978.50,"1,027.40","1,027.40",965.00,968.00,969.80,978.38,5612,5490661.6,667,3913.0,69.73
CAPLIPOINT,EQ,14-May-2015,978.75,978.00,998.95,968.00,976.00,978.50,981.65,4839,4750207.65,616,2615.0,54.04
CAPLIPOINT,EQ,13-May-2015,960.65,975.00,997.50,944.25,978.15,978.75,975.87,9239,9016068.6,922,4392.0,47.54
CAPLIPOINT,EQ,12-May-2015,987.60,980.10,"1,015.10",952.30,957.40,960.65,965.60,7690,7425498.35,918,3640.0,47.33
CAPLIPOINT,EQ,11-May-2015,986.10,"1,001.00","1,025.00",938.50,989.80,987.60,991.18,10493,10400484.45,1352,5079.0,48.4
CAPLIPOINT,EQ,08-May-2015,953.00,969.90,"1,000.65",933.00,989.90,986.10,985.32,13282,13086966.0,1238,5806.0,43.71
CAPLIPOINT,EQ,07-May-2015,994.95,945.25,976.50,945.25,950.00,953.00,955.14,11432,10919180.55,829,6496.0,56.82
CAPLIPOINT,EQ,06-May-2015,"1,027.25","1,044.00","1,044.00",978.00,999.00,994.95,996.60,21605,21531584.55,1289,15671.0,72.53
CAPLIPOINT,EQ,05-May-2015,982.85,"1,031.95","1,031.95",989.95,"1,031.95","1,027.25","1,024.81",26287,26939244.2,1608,9477.0,36.05
CAPLIPOINT,EQ,04-May-2015,936.05,955.05,982.85,951.00,982.85,982.85,973.16,6261,6092971.9,491,3980.0,63.57
CAPLIPOINT,EQ,30-Apr-2015,962.75,965.00,980.00,927.00,930.00,936.05,944.87,14113,13334889.2,1368,7295.0,51.69
CAPLIPOINT,EQ,29-Apr-2015,964.50,976.00,"1,009.20",950.00,955.00,962.75,989.49,20396,20181582.7,1435,11193.0,54.88
CAPLIPOINT,EQ,28-Apr-2015,"1,011.85","1,010.00","1,010.00",961.30,976.00,964.50,964.12,17599,16967595.8,574,14693.0,83.49
CAPLIPOINT,EQ,27-Apr-2015,"1,065.10","1,036.05","1,041.75","1,011.85","1,011.85","1,011.85","1,015.71",4371,4439654.35,246,2660.0,60.86
CAPLIPOINT,EQ,24-Apr-2015,"1,121.15","1,130.10","1,144.00","1,065.10","1,065.10","1,065.10","1,085.22",11478,12456121.85,1149,6100.0,53.15
CAPLIPOINT,EQ,23-Apr-2015,"1,138.45","1,148.95","1,184.00","1,100.00","1,108.00","1,121.15","1,148.55",12729,14619847.2,1489,5454.0,42.85
CAPLIPOINT,EQ,22-Apr-2015,"1,121.65","1,138.00","1,173.00","1,115.00","1,137.00","1,138.45","1,149.39",26649,30630184.3,2445,10941.0,41.06
CAPLIPOINT,EQ,21-Apr-2015,"1,072.55","1,075.00","1,126.15","1,031.05","1,121.65","1,121.65","1,103.62",26311,29037348.45,1894,11025.0,41.9
CAPLIPOINT,EQ,20-Apr-2015,"1,074.80","1,075.00","1,104.00","1,041.00","1,080.00","1,072.55","1,073.36",18306,19648956.05,1912,10117.0,55.27
CAPLIPOINT,EQ,17-Apr-2015,"1,122.85","1,066.75","1,159.90","1,066.75","1,070.00","1,074.80","1,102.89",39392,43445055.85,2920,17355.0,44.06
CAPLIPOINT,EQ,16-Apr-2015,"1,181.90","1,189.90","1,200.00","1,122.85","1,122.85","1,122.85","1,137.54",16061,18270060.45,1136,9749.0,60.7
CAPLIPOINT,EQ,15-Apr-2015,"1,241.40","1,241.40","1,284.80","1,179.35","1,179.35","1,181.90","1,224.72",34104,41767689.5,3086,20250.0,59.38
CAPLIPOINT,EQ,13-Apr-2015,"1,298.05","1,280.00","1,284.00","1,233.15","1,233.15","1,241.40","1,239.39",26272,32561123.5,1176,15541.0,59.15
CAPLIPOINT,EQ,10-Apr-2015,"1,324.00","1,337.00","1,337.00","1,277.20","1,295.25","1,298.05","1,297.66",27550,35750580.7,2510,15650.0,56.81
CAPLIPOINT,EQ,09-Apr-2015,"1,299.50","1,340.00","1,364.45","1,271.20","1,301.00","1,324.00","1,331.39",103858,138275680.05,5517,46575.0,44.84
CAPLIPOINT,EQ,08-Apr-2015,"1,237.65","1,274.00","1,299.50","1,269.95","1,299.50","1,299.50","1,291.95",27354,35339981.45,788,16231.0,59.34
CAPLIPOINT,EQ,07-Apr-2015,"1,178.75","1,233.40","1,237.65","1,190.00","1,237.65","1,237.65","1,232.38",34290,42258354.8,1310,15469.0,45.11
CAPLIPOINT,EQ,06-Apr-2015,"1,122.65","1,174.00","1,178.75","1,125.00","1,178.75","1,178.75","1,162.68",56522,65717266.95,3017,24713.0,43.72
CAPLIPOINT,EQ,01-Apr-2015,"1,025.30","1,020.00","1,127.80","1,020.00","1,127.80","1,122.65","1,087.99",108731,118298459.1,6011,58563.0,53.86
CAPLIPOINT,EQ,31-Mar-2015,966.15,964.80,"1,038.00",957.05,"1,021.35","1,025.30","1,000.97",57644,57699738.25,3988,21924.0,38.03
CAPLIPOINT,EQ,30-Mar-2015,928.15,930.00,"1,020.95",930.00,954.00,966.15,996.31,73468,73196850.9,3674,43973.0,59.85
CAPLIPOINT,EQ,27-Mar-2015,917.10,924.90,966.00,924.90,926.00,928.15,937.77,27223,25528870.5,4455,13721.0,50.4
CAPLIPOINT,EQ,26-Mar-2015,840.40,821.25,924.40,821.00,920.70,917.10,896.41,28844,25856122.5,2795,11391.0,39.49
CAPLIPOINT,EQ,25-Mar-2015,884.95,900.00,900.00,830.00,834.55,840.40,863.42,11416,9856796.85,1082,6906.0,60.49
CAPLIPOINT,EQ,24-Mar-2015,891.30,891.70,934.95,862.05,887.00,884.95,891.83,47110,42014205.05,3124,33453.0,71.01
CAPLIPOINT,EQ,23-Mar-2015,940.45,935.00,935.00,876.05,894.00,891.30,896.58,44175,39606510.05,2441,39030.0,88.35
CAPLIPOINT,EQ,20-Mar-2015,944.35,948.00,956.00,931.05,940.05,940.45,941.84,15509,14606971.6,1504,9382.0,60.49
CAPLIPOINT,EQ,19-Mar-2015,974.65,981.00,988.00,940.10,945.00,944.35,952.62,18450,17575780.3,1597,11564.0,62.68
CAPLIPOINT,EQ,18-Mar-2015,976.15,979.00,990.00,965.00,970.00,974.65,972.36,15168,14748742.55,1138,10140.0,66.85
CAPLIPOINT,EQ,17-Mar-2015,968.25,953.00,999.00,953.00,976.00,976.15,980.39,32406,31770616.05,2521,16347.0,50.44
CAPLIPOINT,EQ,16-Mar-2015,949.75,955.00,998.70,939.65,969.80,968.25,967.45,52761,51043678.25,3477,28091.0,53.24
CAPLIPOINT,EQ,13-Mar-2015,911.20,939.00,"1,002.30",930.05,945.15,949.75,976.34,99142,96796758.85,5287,36001.0,36.31
CAPLIPOINT,EQ,12-Mar-2015,828.40,834.25,911.20,826.20,911.20,911.20,898.25,58578,52617474.4,3177,21611.0,36.89
CAPLIPOINT,EQ,11-Mar-2015,800.10,804.65,840.00,804.65,830.00,828.40,825.64,26008,21473209.9,2291,10996.0,42.28
CAPLIPOINT,EQ,10-Mar-2015,816.95,819.90,823.80,781.20,800.00,800.10,802.10,35999,28874713.05,2145,27618.0,76.72
CAPLIPOINT,EQ,09-Mar-2015,819.35,834.90,850.10,790.00,811.00,816.95,820.16,35177,28850885.25,2918,15650.0,44.49
CAPLIPOINT,EQ,05-Mar-2015,782.40,797.00,821.50,784.00,821.50,819.35,813.93,21791,17736303.75,1308,11404.0,52.33
CAPLIPOINT,EQ,04-Mar-2015,746.70,747.10,784.00,739.20,784.00,782.40,779.94,19644,15321163.6,803,11284.0,57.44
CAPLIPOINT,EQ,03-Mar-2015,761.50,772.35,775.00,743.00,750.00,746.70,752.18,3695,2779289.05,466,2597.0,70.28
CAPLIPOINT,EQ,02-Mar-2015,774.85,790.00,790.00,756.00,756.10,761.50,769.86,6191,4766195.8,570,3918.0,63.29
CAPLIPOINT,EQ,28-Feb-2015,750.40,750.50,787.90,740.05,775.00,774.85,776.76,15488,12030478.15,1317,6484.0,41.86
CAPLIPOINT,EQ,27-Feb-2015,763.85,770.00,779.80,742.00,756.00,750.40,754.83,13679,10325378.45,1218,7372.0,53.89
CAPLIPOINT,EQ,26-Feb-2015,765.90,752.00,803.00,738.30,765.00,763.85,775.67,21504,16680028.4,1950,7310.0,33.99
CAPLIPOINT,EQ,25-Feb-2015,786.55,780.00,799.90,747.25,759.75,765.90,760.79,18973,14434430.05,1371,9889.0,52.12
CAPLIPOINT,EQ,24-Feb-2015,827.90,828.75,848.30,786.55,786.55,786.55,799.66,30301,24230429.15,1973,15844.0,52.29
CAPLIPOINT,EQ,23-Feb-2015,810.95,830.00,851.45,810.90,817.00,827.90,845.47,65284,55195949.75,2511,31389.0,48.08
CAPLIPOINT,EQ,20-Feb-2015,772.35,776.00,810.95,764.85,810.95,810.95,795.99,45377,36119651.5,2449,26880.0,59.24
CAPLIPOINT,EQ,19-Feb-2015,750.05,778.00,787.55,758.80,769.50,772.35,777.38,59425,46195720.8,2733,35177.0,59.2
CAPLIPOINT,EQ,18-Feb-2015,714.35,711.20,750.05,711.20,750.05,750.05,740.25,29696,21982497.45,1145,21439.0,72.19
CAPLIPOINT,EQ,16-Feb-2015,706.95,741.80,742.25,711.00,715.00,714.35,731.48,50747,37120341.55,1493,30622.0,60.34
CAPLIPOINT,EQ,13-Feb-2015,642.70,667.00,706.95,647.00,706.95,706.95,687.80,41801,28750836.2,2256,26833.0,64.19
CAPLIPOINT,EQ,12-Feb-2015,616.30,619.75,653.00,619.75,647.00,642.70,638.73,27283,17426442.45,1371,16909.0,61.98
CAPLIPOINT,EQ,11-Feb-2015,658.15,672.00,690.00,608.00,618.00,616.30,642.86,67892,43644918.3,4347,39681.0,58.45
CAPLIPOINT,EQ,10-Feb-2015,600.85,599.05,660.90,599.05,656.10,658.15,648.85,79414,51527818.1,2911,44639.0,56.21
CAPLIPOINT,EQ,09-Feb-2015,561.40,540.10,614.00,538.00,602.55,600.85,590.58,40467,23899193.9,2164,16995.0,42.0
CAPLIPOINT,EQ,06-Feb-2015,610.00,549.00,589.45,549.00,560.00,561.40,561.23,74261,41677466.15,4180,34349.0,46.25
CAPLIPOINT,EQ,05-Feb-2015,677.75,617.50,630.75,610.00,610.00,610.00,610.98,20608,12590986.45,564,15035.0,72.96
CAPLIPOINT,EQ,04-Feb-2015,651.85,654.00,686.70,605.00,682.80,677.75,655.80,120722,79168953.4,6270,41099.0,34.04
CAPLIPOINT,EQ,03-Feb-2015,595.45,603.95,654.95,590.05,654.90,651.85,642.54,139700,89762311.05,6152,60342.0,43.19
CAPLIPOINT,EQ,02-Feb-2015,600.75,600.00,607.50,570.00,599.00,595.45,588.15,43880,25807977.45,2929,12340.0,28.12
CAPLIPOINT,EQ,30-Jan-2015,522.30,528.00,626.00,486.00,606.00,600.75,580.65,307761,178702008.95,15196,47661.0,15.49
CAPLIPOINT,EQ,29-Jan-2015,435.25,436.90,522.30,436.90,522.30,522.30,504.99,161783,81699561.45,6732,55212.0,34.13
CAPLIPOINT,EQ,28-Jan-2015,436.35,439.00,439.00,431.00,435.90,435.25,435.15,6682,2907649.1,286,5848.0,87.52
CAPLIPOINT,EQ,27-Jan-2015,430.95,439.00,439.00,425.10,438.00,436.35,432.97,7086,3068001.6,324,5531.0,78.06
CAPLIPOINT,EQ,23-Jan-2015,425.65,430.00,435.00,419.00,435.00,430.95,427.22,10795,4611860.75,514,8378.0,77.61
CAPLIPOINT,EQ,22-Jan-2015,428.70,441.70,441.70,423.05,426.85,425.65,427.84,6680,2858000.45,418,4747.0,71.06
CAPLIPOINT,EQ,21-Jan-2015,428.45,429.90,435.00,426.00,427.00,428.70,430.27,3725,1602772.4,251,2394.0,64.27
CAPLIPOINT,EQ,20-Jan-2015,427.70,442.00,442.00,422.00,433.00,428.45,428.50,3206,1373771.0,233,2044.0,63.76
CAPLIPOINT,EQ,19-Jan-2015,429.65,435.00,444.20,415.00,429.90,427.70,433.14,12454,5394287.15,654,7911.0,63.52
CAPLIPOINT,EQ,16-Jan-2015,418.05,432.00,432.00,420.10,428.00,429.65,425.76,4878,2076856.15,310,3838.0,78.68
CAPLIPOINT,EQ,15-Jan-2015,417.45,417.90,426.00,414.00,418.80,418.05,420.58,10502,4416900.8,479,6159.0,58.65
CAPLIPOINT,EQ,14-Jan-2015,416.00,412.75,424.00,412.70,417.95,417.45,419.57,3138,1316598.3,229,1879.0,59.88
CAPLIPOINT,EQ,13-Jan-2015,420.35,426.40,426.50,413.80,415.50,416.00,417.27,4985,2080098.15,337,2736.0,54.88
CAPLIPOINT,EQ,12-Jan-2015,431.75,441.90,441.90,414.90,420.00,420.35,422.76,13235,5595201.3,603,9937.0,75.08
CAPLIPOINT,EQ,09-Jan-2015,428.35,430.00,439.90,425.05,433.00,431.75,432.33,8815,3810946.5,601,5369.0,60.91
CAPLIPOINT,EQ,08-Jan-2015,400.70,402.10,434.95,400.00,429.00,428.35,420.44,16510,6941389.9,786,10909.0,66.08
CAPLIPOINT,EQ,07-Jan-2015,394.20,403.95,406.70,394.95,400.25,400.70,399.91,5560,2223490.35,420,4175.0,75.09
CAPLIPOINT,EQ,06-Jan-2015,410.35,417.00,417.00,389.00,403.80,394.20,399.39,16095,6428185.95,738,8941.0,55.55
CAPLIPOINT,EQ,05-Jan-2015,404.85,411.00,412.00,401.80,412.00,410.35,408.64,10782,4405923.85,577,6791.0,62.98
CAPLIPOINT,EQ,02-Jan-2015,402.45,405.00,415.00,402.20,403.10,404.85,408.14,5584,2279046.75,320,3601.0,64.49
CAPLIPOINT,EQ,01-Jan-2015,403.90,402.05,407.25,401.00,401.55,402.45,403.21,1940,782234.2,153,1394.0,71.86
CAPLIPOINT,EQ,31-Dec-2014,404.85,407.75,409.00,403.00,403.00,403.90,405.52,5552,2251472.15,213,3879.0,69.87
CAPLIPOINT,EQ,29-Dec-2016,337.00,336.05,349.50,334.55,343.85,344.40,343.70,47997,16496590.95,1618,22498.0,46.87
CAPLIPOINT,EQ,28-Dec-2016,335.50,337.05,343.60,335.05,335.10,337.00,339.18,26620,9028875.55,930,10595.0,39.8
CAPLIPOINT,EQ,27-Dec-2016,331.00,334.95,336.50,330.95,334.10,335.50,334.36,22998,7689653.55,854,11892.0,51.71
CAPLIPOINT,EQ,26-Dec-2016,341.45,341.00,341.40,330.00,332.50,331.00,333.54,32160,10726650.3,1327,14933.0,46.43
CAPLIPOINT,EQ,23-Dec-2016,347.35,350.00,357.00,338.35,340.25,341.45,349.98,62082,21727571.05,2241,24795.0,39.94
CAPLIPOINT,EQ,22-Dec-2016,351.15,348.40,350.00,334.70,344.55,347.35,343.13,29227,10028674.65,1280,15094.0,51.64
CAPLIPOINT,EQ,21-Dec-2016,346.05,351.00,356.50,346.15,350.50,351.15,351.54,33130,11646391.35,1127,19161.0,57.84
CAPLIPOINT,EQ,20-Dec-2016,345.00,347.45,353.00,344.50,348.35,346.05,348.70,26653,9293804.75,992,17697.0,66.4
CAPLIPOINT,EQ,19-Dec-2016,351.55,353.20,353.50,343.35,344.10,345.00,347.08,16483,5720856.2,663,9423.0,57.17
CAPLIPOINT,EQ,16-Dec-2016,339.50,346.00,356.00,340.00,349.25,351.55,347.69,42331,14718158.8,1352,23377.0,55.22
CAPLIPOINT,EQ,15-Dec-2016,344.50,342.00,352.75,336.00,340.05,339.50,343.68,32277,11092927.75,1213,16648.0,51.58
CAPLIPOINT,EQ,14-Dec-2016,350.85,350.00,353.95,342.40,342.50,344.50,347.07,14091,4890567.2,589,7556.0,53.62
CAPLIPOINT,EQ,13-Dec-2016,351.10,351.00,354.00,346.00,350.00,350.85,350.24,17268,6047906.45,744,9294.0,53.82
CAPLIPOINT,EQ,12-Dec-2016,355.05,359.90,359.90,350.00,352.00,351.10,354.18,13617,4822900.05,557,7462.0,54.8
CAPLIPOINT,EQ,09-Dec-2016,354.40,350.10,358.55,350.10,355.55,355.05,354.28,16563,5867944.85,1143,8102.0,48.92
CAPLIPOINT,EQ,08-Dec-2016,352.60,359.60,361.00,351.20,354.60,354.40,356.55,21558,7686448.1,1129,8943.0,41.48
CAPLIPOINT,EQ,07-Dec-2016,355.85,358.95,362.05,350.10,354.00,352.60,355.81,24175,8601785.9,838,11180.0,46.25
CAPLIPOINT,EQ,06-Dec-2016,357.70,360.00,369.00,353.35,356.50,355.85,362.45,41520,15049010.2,2577,17216.0,41.46
CAPLIPOINT,EQ,05-Dec-2016,360.50,358.95,364.05,355.00,357.50,357.70,360.59,12894,4649491.6,1284,4553.0,35.31
CAPLIPOINT,EQ,02-Dec-2016,366.85,368.95,374.00,355.15,359.50,360.50,364.80,28710,10473331.5,2478,7089.0,24.69
CAPLIPOINT,EQ,01-Dec-2016,367.20,369.00,378.20,363.30,366.00,366.85,370.40,37513,13894700.35,1559,19117.0,50.96
CAPLIPOINT,EQ,30-Nov-2016,362.30,365.00,369.00,365.00,367.00,367.20,367.15,19803,7270735.75,817,10470.0,52.87
CAPLIPOINT,EQ,29-Nov-2016,365.10,367.00,374.30,359.00,363.00,362.30,368.18,33948,12498832.3,1206,17759.0,52.31
CAPLIPOINT,EQ,28-Nov-2016,360.10,362.60,371.90,356.50,365.00,365.10,365.06,59905,21869074.15,2023,25998.0,43.4
CAPLIPOINT,EQ,25-Nov-2016,350.20,351.60,364.00,347.10,359.20,360.10,358.97,57496,20639219.05,1869,27425.0,47.7
CAPLIPOINT,EQ,24-Nov-2016,346.60,348.00,356.35,340.10,350.10,350.20,349.26,51203,17883235.1,1717,19463.0,38.01
CAPLIPOINT,EQ,23-Nov-2016,341.50,347.40,351.00,336.05,348.00,346.60,345.46,36471,12599196.6,1916,15198.0,41.67
CAPLIPOINT,EQ,22-Nov-2016,332.90,337.90,345.00,326.55,344.00,341.50,334.34,51356,17170267.1,2031,24298.0,47.31
CAPLIPOINT,EQ,21-Nov-2016,348.25,348.25,354.00,330.10,332.80,332.90,341.14,44802,15283767.85,1836,22003.0,49.11
CAPLIPOINT,EQ,18-Nov-2016,359.15,361.00,361.05,343.00,347.05,348.25,350.78,37975,13320721.1,1409,17477.0,46.02
CAPLIPOINT,EQ,17-Nov-2016,358.30,356.90,369.00,351.10,360.00,359.15,360.94,53468,19298619.65,3710,22262.0,41.64
CAPLIPOINT,EQ,16-Nov-2016,345.80,346.00,371.45,335.00,360.00,358.30,355.43,115865,41182288.2,4897,45045.0,38.88
CAPLIPOINT,EQ,15-Nov-2016,360.30,362.45,362.45,340.00,342.95,345.80,345.99,81795,28300392.75,3616,32026.0,39.15
CAPLIPOINT,EQ,11-Nov-2016,377.80,371.00,380.00,357.55,360.00,360.30,364.61,80095,29203355.6,2614,46645.0,58.24
CAPLIPOINT,EQ,10-Nov-2016,364.50,396.00,397.55,375.35,377.70,377.80,385.64,114340,44093749.85,4689,59199.0,51.77
CAPLIPOINT,EQ,09-Nov-2016,365.45,330.00,370.00,310.00,367.00,364.50,353.04,130754,46161301.45,4972,51376.0,39.29
CAPLIPOINT,EQ,08-Nov-2016,381.00,385.15,386.70,361.05,366.90,365.45,372.16,90895,33827877.05,2700,57105.0,62.83
CAPLIPOINT,EQ,07-Nov-2016,364.35,367.80,394.00,367.80,382.00,381.00,381.34,119360,45516380.35,4429,39457.0,33.06
CAPLIPOINT,EQ,04-Nov-2016,381.05,384.70,384.70,355.05,364.00,364.35,366.57,104694,38378190.9,5248,47405.0,45.28
CAPLIPOINT,EQ,03-Nov-2016,395.55,395.90,404.00,378.00,383.90,381.05,391.47,105219,41190442.3,4222,45209.0,42.97
CAPLIPOINT,EQ,02-Nov-2016,404.35,396.00,407.40,391.50,396.00,395.55,398.75,155351,61945780.0,5299,53962.0,34.74
CAPLIPOINT,EQ,01-Nov-2016,393.10,406.00,427.00,401.65,403.80,404.35,413.72,532589,220344213.9,13205,186395.0,35.0
CAPLIPOINT,EQ,30-Oct-2016,373.95,385.00,401.70,385.00,389.90,393.10,394.29,191398,75467114.8,4433,81940.0,42.81
CAPLIPOINT,EQ,28-Oct-2016,368.45,369.00,378.80,366.55,375.60,373.95,373.33,99882,37289188.25,2637,44918.0,44.97
CAPLIPOINT,EQ,27-Oct-2016,362.85,364.00,381.00,356.00,369.00,368.45,372.63,173637,64703042.05,6269,66951.0,38.56
CAPLIPOINT,EQ,26-Oct-2016,355.30,346.15,389.55,341.15,360.10,362.85,374.29,427110,159864342.9,11831,87125.0,20.4
CAPLIPOINT,EQ,25-Oct-2016,377.40,378.00,379.90,353.00,356.00,355.30,363.31,142770,51870020.4,4640,71301.0,49.94
CAPLIPOINT,EQ,24-Oct-2016,399.50,399.50,404.00,361.50,375.00,377.40,381.55,348237,132869483.15,10716,121511.0,34.89
CAPLIPOINT,EQ,21-Oct-2016,351.45,376.10,414.15,373.00,399.50,399.50,399.74,1464239,585309259.6,34271,277769.0,18.97
CAPLIPOINT,EQ,20-Oct-2016,292.90,293.30,351.45,292.00,351.45,351.45,337.31,334651,112882630.25,7066,92052.0,27.51
CAPLIPOINT,EQ,19-Oct-2016,"1,455.00",295.00,299.50,290.90,293.00,292.90,294.37,76491,22516449.05,2097,44596.0,58.3
CAPLIPOINT,EQ,18-Oct-2016,"1,443.65","1,445.00","1,472.00","1,442.05","1,454.70","1,455.00","1,459.27",26588,38799061.0,1219,13475.0,50.68
CAPLIPOINT,EQ,17-Oct-2016,"1,423.15","1,423.00","1,460.00","1,416.00","1,444.00","1,443.65","1,441.71",18222,26270766.0,1600,8668.0,47.57
CAPLIPOINT,EQ,14-Oct-2016,"1,397.60","1,408.00","1,430.00","1,400.00","1,425.00","1,423.15","1,414.06",11053,15629613.2,851,7780.0,70.39
CAPLIPOINT,EQ,13-Oct-2016,"1,399.90","1,400.00","1,414.00","1,375.00","1,399.00","1,397.60","1,397.53",7554,10556971.9,705,4990.0,66.06
CAPLIPOINT,EQ,10-Oct-2016,"1,388.35","1,422.00","1,422.00","1,390.00","1,404.00","1,399.90","1,403.72",4662,6544121.5,604,2972.0,63.75
CAPLIPOINT,EQ,07-Oct-2016,"1,378.00","1,410.00","1,424.50","1,366.00","1,393.00","1,388.35","1,394.84",9016,12575862.65,968,5532.0,61.36
CAPLIPOINT,EQ,06-Oct-2016,"1,381.00","1,408.85","1,410.00","1,371.00","1,371.20","1,378.00","1,388.18",4480,6219062.7,781,2445.0,54.58
CAPLIPOINT,EQ,05-Oct-2016,"1,384.70","1,385.00","1,414.95","1,362.10","1,394.00","1,381.00","1,381.14",6580,9087880.55,797,3384.0,51.43
CAPLIPOINT,EQ,04-Oct-2016,"1,401.70","1,400.00","1,438.90","1,350.05","1,390.00","1,384.70","1,391.81",15697,21847244.75,1800,5220.0,33.25
CAPLIPOINT,EQ,03-Oct-2016,"1,301.30","1,320.00","1,426.20","1,316.00","1,406.20","1,401.70","1,373.32",26521,36421814.8,2356,13735.0,51.79
CAPLIPOINT,EQ,30-Sep-2016,"1,275.80","1,299.95","1,323.95","1,281.35","1,305.00","1,301.30","1,295.61",6142,7957619.85,446,4820.0,78.48
CAPLIPOINT,EQ,29-Sep-2016,"1,359.35","1,370.00","1,390.00","1,175.00","1,287.00","1,275.80","1,304.19",19163,24992221.75,1940,13628.0,71.12
CAPLIPOINT,EQ,28-Sep-2016,"1,338.80","1,339.95","1,364.40","1,339.95","1,354.05","1,359.35","1,355.18",7380,10001253.3,519,6515.0,88.28
CAPLIPOINT,EQ,27-Sep-2016,"1,329.20","1,333.70","1,350.00","1,331.05","1,346.65","1,338.80","1,335.76",2582,3448942.05,410,1608.0,62.28
CAPLIPOINT,EQ,26-Sep-2016,"1,332.70","1,334.10","1,364.80","1,325.00","1,330.00","1,329.20","1,341.98",9530,12789064.8,676,7759.0,81.42
CAPLIPOINT,EQ,23-Sep-2016,"1,311.70","1,311.05","1,355.00","1,301.05","1,341.85","1,332.70","1,339.90",10899,14603563.55,1051,7470.0,68.54
CAPLIPOINT,EQ,22-Sep-2016,"1,309.15","1,319.95","1,330.90","1,310.00","1,310.00","1,311.70","1,315.69",2072,2726109.3,328,1223.0,59.03
CAPLIPOINT,EQ,21-Sep-2016,"1,312.55","1,312.05","1,338.85","1,302.00","1,306.10","1,309.15","1,325.06",5090,6744530.65,515,3304.0,64.91
CAPLIPOINT,EQ,20-Sep-2016,"1,325.55","1,340.00","1,340.00","1,305.00","1,308.00","1,312.55","1,320.67",2915,3849762.2,575,1368.0,46.93
CAPLIPOINT,EQ,19-Sep-2016,"1,333.15","1,333.00","1,365.00","1,305.00","1,320.00","1,325.55","1,345.16",10892,14651509.95,1033,6816.0,62.58
CAPLIPOINT,EQ,16-Sep-2016,"1,295.95","1,299.90","1,340.00","1,299.90","1,330.50","1,333.15","1,324.35",10944,14493736.2,978,8647.0,79.01
CAPLIPOINT,EQ,15-Sep-2016,"1,295.75","1,295.00","1,305.00","1,275.10","1,293.50","1,295.95","1,289.38",5113,6592584.9,535,3321.0,64.95
CAPLIPOINT,EQ,14-Sep-2016,"1,297.40","1,298.00","1,314.95","1,290.00","1,298.00","1,295.75","1,301.71",5824,7581130.95,545,4157.0,71.38
CAPLIPOINT,EQ,12-Sep-2016,"1,311.95","1,251.00","1,335.20","1,251.00","1,307.00","1,297.40","1,300.72",21299,27704101.25,1855,11421.0,53.62
CAPLIPOINT,EQ,09-Sep-2016,"1,321.70","1,327.70","1,353.90","1,300.00","1,306.00","1,311.95","1,320.43",19027,25123809.1,1205,11288.0,59.33
CAPLIPOINT,EQ,08-Sep-2016,"1,325.95","1,328.05","1,370.00","1,300.95","1,315.60","1,321.70","1,331.85",14869,19803238.6,1220,8057.0,54.19
CAPLIPOINT,EQ,07-Sep-2016,"1,305.50","1,318.80","1,369.85","1,306.20","1,325.00","1,325.95","1,337.44",28782,38494256.15,2263,14608.0,50.75
CAPLIPOINT,EQ,06-Sep-2016,"1,229.20","1,229.00","1,339.00","1,229.00","1,313.00","1,305.50","1,289.83",37159,47928723.1,3037,22506.0,60.57
CAPLIPOINT,EQ,02-Sep-2016,"1,188.00","1,188.00","1,241.35","1,180.00","1,230.00","1,229.20","1,225.67",12908,15820902.25,1097,7063.0,54.72
CAPLIPOINT,EQ,01-Sep-2016,"1,205.20","1,209.25","1,218.00","1,181.00","1,187.00","1,188.00","1,196.62",8274,9900799.05,780,4952.0,59.85
CAPLIPOINT,EQ,31-Aug-2016,"1,209.75","1,221.00","1,221.05","1,200.00","1,203.00","1,205.20","1,209.77",3741,4525743.45,502,2782.0,74.37
CAPLIPOINT,EQ,30-Aug-2016,"1,222.05","1,235.00","1,235.00","1,201.75","1,206.50","1,209.75","1,218.30",3612,4400496.0,518,2657.0,73.56
CAPLIPOINT,EQ,29-Aug-2016,"1,229.30","1,230.05","1,247.95","1,201.60","1,222.25","1,222.05","1,229.75",5027,6181936.7,658,3046.0,60.59
CAPLIPOINT,EQ,26-Aug-2016,"1,227.25","1,222.65","1,236.00","1,221.95","1,231.90","1,229.30","1,229.88",5063,6226888.0,506,3167.0,62.55
CAPLIPOINT,EQ,25-Aug-2016,"1,240.65","1,247.05","1,254.00","1,220.10","1,222.55","1,227.25","1,237.39",5679,7027152.95,603,3847.0,67.74
CAPLIPOINT,EQ,24-Aug-2016,"1,217.50","1,219.95","1,257.50","1,219.95","1,245.00","1,240.65","1,244.01",25940,32269598.05,1954,9879.0,38.08
CAPLIPOINT,EQ,23-Aug-2016,"1,221.35","1,221.05","1,225.00","1,205.05","1,224.00","1,217.50","1,215.00",3626,4405575.2,379,2554.0,70.44
CAPLIPOINT,EQ,22-Aug-2016,"1,220.40","1,220.00","1,235.00","1,205.00","1,225.00","1,221.35","1,222.96",8194,10020907.8,625,4974.0,60.7
CAPLIPOINT,EQ,19-Aug-2016,"1,193.80","1,193.00","1,245.00","1,192.95","1,216.35","1,220.40","1,211.76",8331,10095184.9,819,4553.0,54.65
CAPLIPOINT,EQ,18-Aug-2016,"1,174.15","1,169.05","1,225.00","1,160.00","1,190.00","1,193.80","1,197.66",7031,8420772.5,726,4250.0,60.45
CAPLIPOINT,EQ,17-Aug-2016,"1,121.50","1,106.05","1,185.00","1,106.05","1,168.20","1,174.15","1,160.96",7384,8572508.15,831,2759.0,37.36
CAPLIPOINT,EQ,16-Aug-2016,"1,134.15","1,134.15","1,152.90","1,100.00","1,125.70","1,121.50","1,117.00",8557,9558151.35,781,4235.0,49.49
CAPLIPOINT,EQ,12-Aug-2016,"1,167.65","1,170.00","1,185.00","1,130.00","1,141.50","1,134.15","1,145.13",6726,7702122.25,790,4914.0,73.06
CAPLIPOINT,EQ,11-Aug-2016,"1,182.30","1,186.80","1,205.00","1,160.00","1,161.00","1,167.65","1,182.75",5860,6930937.95,902,2849.0,48.62
CAPLIPOINT,EQ,10-Aug-2016,"1,203.75","1,215.95","1,216.00","1,179.75","1,181.00","1,182.30","1,189.15",4759,5659142.55,637,3557.0,74.74
CAPLIPOINT,EQ,09-Aug-2016,"1,239.85","1,240.05","1,248.45","1,200.00","1,210.00","1,203.75","1,216.64",7014,8533542.55,827,4549.0,64.86
CAPLIPOINT,EQ,08-Aug-2016,"1,198.25","1,234.00","1,277.00","1,210.00","1,239.95","1,239.85","1,238.53",33861,41937739.85,2709,14134.0,41.74
CAPLIPOINT,EQ,05-Aug-2016,"1,225.60","1,242.00","1,250.00","1,172.60","1,201.00","1,198.25","1,206.55",15524,18730520.1,1340,7960.0,51.28
CAPLIPOINT,EQ,04-Aug-2016,"1,225.15","1,227.25","1,250.00","1,211.00","1,222.70","1,225.60","1,227.04",6710,8233471.65,654,4151.0,61.86
CAPLIPOINT,EQ,03-Aug-2016,"1,234.20","1,236.00","1,272.00","1,205.05","1,227.10","1,225.15","1,244.96",22548,28071367.4,1807,7171.0,31.8
CAPLIPOINT,EQ,02-Aug-2016,"1,218.60","1,230.00","1,265.00","1,225.00","1,242.00","1,234.20","1,243.57",21928,27269098.1,1751,9465.0,43.16
CAPLIPOINT,EQ,01-Aug-2016,"1,157.30","1,175.00","1,239.70","1,166.00","1,230.00","1,218.60","1,212.74",33804,40995578.1,2673,14543.0,43.02
CAPLIPOINT,EQ,29-Jul-2016,"1,157.20","1,167.95","1,198.85","1,150.00","1,160.00","1,157.30","1,171.89",10599,12420902.3,1162,4834.0,45.61
CAPLIPOINT,EQ,28-Jul-2016,"1,135.70","1,140.05","1,185.00","1,136.60","1,167.00","1,157.20","1,163.60",10516,12236459.15,979,4252.0,40.43
CAPLIPOINT,EQ,27-Jul-2016,"1,109.95","1,129.80","1,150.50","1,119.35","1,140.10","1,135.70","1,131.88",10872,12305812.35,1092,5954.0,54.76
CAPLIPOINT,EQ,26-Jul-2016,"1,224.20","1,234.00","1,239.00","1,070.10","1,115.00","1,109.95","1,136.79",32013,36392185.3,3722,16138.0,50.41
CAPLIPOINT,EQ,25-Jul-2016,"1,168.35","1,180.00","1,248.00","1,170.00","1,220.00","1,224.20","1,224.10",35866,43903452.3,2457,15606.0,43.51
CAPLIPOINT,EQ,22-Jul-2016,"1,138.50","1,159.95","1,195.00","1,136.25","1,169.00","1,168.35","1,171.14",37300,43683447.95,2671,13770.0,36.92
CAPLIPOINT,EQ,21-Jul-2016,"1,105.10","1,105.00","1,162.00","1,100.00","1,138.00","1,138.50","1,141.66",38249,43667200.6,3086,11641.0,30.43
CAPLIPOINT,EQ,20-Jul-2016,"1,049.65","1,068.00","1,119.90","1,055.00","1,106.00","1,105.10","1,096.44",14998,16444426.4,1240,7438.0,49.59
CAPLIPOINT,EQ,19-Jul-2016,"1,063.35","1,075.05","1,080.00","1,042.20","1,052.00","1,049.65","1,060.30",6268,6645942.05,593,4598.0,73.36
CAPLIPOINT,EQ,18-Jul-2016,"1,070.45","1,070.00","1,083.90","1,059.95","1,060.00","1,063.35","1,071.45",3995,4280445.55,416,2468.0,61.78
CAPLIPOINT,EQ,15-Jul-2016,"1,085.40","1,070.50","1,097.95","1,051.00","1,074.80","1,070.45","1,069.86",6864,7343542.35,698,4496.0,65.5
CAPLIPOINT,EQ,14-Jul-2016,"1,097.55","1,109.50","1,109.50","1,078.75","1,080.10","1,085.40","1,088.50",5177,5635154.85,549,2855.0,55.15
CAPLIPOINT,EQ,13-Jul-2016,"1,115.05","1,115.05","1,122.95","1,095.00","1,095.00","1,097.55","1,106.66",6302,6974182.9,534,3939.0,62.5
CAPLIPOINT,EQ,12-Jul-2016,"1,117.95","1,130.00","1,135.00","1,110.95","1,111.00","1,115.05","1,119.32",26251,29383378.2,1332,18063.0,68.81
CAPLIPOINT,EQ,11-Jul-2016,"1,057.55","1,069.90","1,147.80","1,065.00","1,124.00","1,117.95","1,115.30",44327,49437729.05,3558,18727.0,42.25
CAPLIPOINT,EQ,08-Jul-2016,"1,053.30","1,053.05","1,068.00","1,043.75","1,051.15","1,057.55","1,054.97",6179,6518630.4,730,3221.0,52.13
CAPLIPOINT,EQ,07-Jul-2016,"1,065.20","1,076.00","1,085.00","1,050.00","1,059.95","1,053.30","1,063.95",5266,5602767.75,607,2665.0,50.61
CAPLIPOINT,EQ,05-Jul-2016,"1,048.00","1,060.05","1,125.00","1,049.95","1,077.00","1,065.20","1,088.11",28290,30782527.15,2287,10637.0,37.6
CAPLIPOINT,EQ,04-Jul-2016,"1,072.65","1,081.50","1,086.00","1,040.30","1,043.00","1,048.00","1,058.92",11364,12033536.0,1073,5823.0,51.24
CAPLIPOINT,EQ,01-Jul-2016,993.85,987.00,"1,080.00",987.00,"1,080.00","1,072.65","1,053.23",52113,54886739.75,3767,19410.0,37.25
CAPLIPOINT,EQ,30-Jun-2016,992.85,993.15,"1,016.85",987.30,993.00,993.85,999.60,7608,7604946.05,765,4486.0,58.96
CAPLIPOINT,EQ,29-Jun-2016,987.70,987.00,999.95,987.00,993.00,992.85,992.71,4468,4435420.0,430,2767.0,61.93
CAPLIPOINT,EQ,28-Jun-2016,985.05,986.00,"1,004.90",980.00,993.50,987.70,992.23,6639,6587415.8,665,3724.0,56.09
CAPLIPOINT,EQ,27-Jun-2016,961.90,980.00,"1,025.00",961.00,986.00,985.05,993.62,17250,17139970.0,1599,8307.0,48.16
CAPLIPOINT,EQ,24-Jun-2016,965.15,951.00,972.05,938.10,964.00,961.90,952.03,14382,13692108.85,1004,8903.0,61.9
CAPLIPOINT,EQ,23-Jun-2016,954.10,955.05,970.00,950.35,960.00,965.15,958.62,5016,4808430.85,395,4085.0,81.44
CAPLIPOINT,EQ,22-Jun-2016,966.20,966.00,969.80,951.25,955.00,954.10,957.50,3163,3028578.0,272,2489.0,78.69
CAPLIPOINT,EQ,21-Jun-2016,959.00,967.85,970.10,960.05,967.75,966.20,966.92,4947,4783376.6,538,3154.0,63.76
CAPLIPOINT,EQ,20-Jun-2016,959.95,959.05,968.00,941.75,961.00,959.00,957.92,2988,2862278.3,403,1568.0,52.48
CAPLIPOINT,EQ,17-Jun-2016,955.60,955.05,969.00,950.00,962.90,959.95,959.40,4962,4760538.65,462,3583.0,72.21
CAPLIPOINT,EQ,16-Jun-2016,956.70,956.00,970.00,950.00,953.10,955.60,958.00,5096,4881956.15,482,2454.0,48.16
CAPLIPOINT,EQ,15-Jun-2016,945.35,967.35,967.35,946.00,955.10,956.70,953.43,6974,6649187.05,477,5460.0,78.29
CAPLIPOINT,EQ,14-Jun-2016,968.90,968.00,984.95,941.20,942.10,945.35,950.19,10533,10008310.6,736,8781.0,83.37
CAPLIPOINT,EQ,13-Jun-2016,954.75,950.00,985.00,937.70,966.00,968.90,957.65,8823,8449328.4,802,4425.0,50.15
CAPLIPOINT,EQ,10-Jun-2016,961.60,962.00,974.60,950.20,953.00,954.75,958.74,4676,4483046.25,526,3207.0,68.58
CAPLIPOINT,EQ,09-Jun-2016,965.95,968.05,980.00,951.60,964.40,961.60,966.41,3168,3061576.05,361,2190.0,69.13
CAPLIPOINT,EQ,08-Jun-2016,970.50,977.05,989.00,960.00,969.95,965.95,973.51,4147,4037131.5,451,1840.0,44.37
CAPLIPOINT,EQ,07-Jun-2016,970.55,972.00,990.00,950.00,970.00,970.50,969.06,5826,5645761.7,832,3418.0,58.67
CAPLIPOINT,EQ,06-Jun-2016,958.10,960.00,990.90,960.00,969.30,970.55,966.66,25464,24614938.2,539,23412.0,91.94
CAPLIPOINT,EQ,03-Jun-2016,976.20,998.00,999.00,953.00,953.10,958.10,970.71,7784,7555989.1,769,4894.0,62.87
CAPLIPOINT,EQ,02-Jun-2016,986.10,986.00,"1,000.00",970.00,975.00,976.20,981.87,4157,4081635.5,411,2919.0,70.22
CAPLIPOINT,EQ,01-Jun-2016,992.40,993.95,"1,000.00",974.95,982.00,986.10,989.25,4719,4668264.9,570,3213.0,68.09
CAPLIPOINT,EQ,31-May-2016,"1,014.80","1,014.95","1,023.00",990.00,994.00,992.40,999.22,5846,5841435.3,713,3280.0,56.11
CAPLIPOINT,EQ,30-May-2016,998.85,"1,020.00","1,050.00","1,003.15","1,017.00","1,014.80","1,026.72",24520,25175139.0,1822,14999.0,61.17
CAPLIPOINT,EQ,27-May-2016,"1,002.90","1,020.00","1,037.00",986.20,"1,002.00",998.85,"1,007.54",14914,15026482.4,1679,6369.0,42.7
CAPLIPOINT,EQ,26-May-2016,969.40,980.00,"1,017.90",955.35,"1,008.90","1,002.90",994.15,12321,12248981.3,1720,3725.0,30.23
CAPLIPOINT,EQ,25-May-2016,958.50,965.10,976.65,964.00,975.00,969.40,968.90,2888,2798174.65,302,1833.0,63.47
CAPLIPOINT,EQ,24-May-2016,974.45,974.00,989.00,940.00,970.00,958.50,959.98,7851,7536815.3,869,3748.0,47.74
CAPLIPOINT,EQ,23-May-2016,976.30,976.35,990.00,965.00,975.00,974.45,978.99,3221,3153340.9,380,1575.0,48.9
CAPLIPOINT,EQ,20-May-2016,"1,003.15","1,005.20","1,014.00",956.00,966.70,976.30,971.70,11320,10999613.05,1056,7446.0,65.78
CAPLIPOINT,EQ,19-May-2016,"1,021.50","1,036.80","1,037.80",994.00,"1,004.00","1,003.15","1,012.28",4805,4863990.5,571,2597.0,54.05
CAPLIPOINT,EQ,18-May-2016,"1,017.00","1,017.05","1,040.00","1,009.95","1,025.00","1,021.50","1,017.19",5129,5217172.5,560,2732.0,53.27
CAPLIPOINT,EQ,17-May-2016,"1,041.75","1,050.00","1,053.00","1,010.00","1,023.00","1,017.00","1,024.79",8177,8379710.5,878,4540.0,55.52
CAPLIPOINT,EQ,16-May-2016,"1,041.65","1,042.95","1,086.00",999.90,"1,041.00","1,041.75","1,055.32",18269,19279700.15,1899,7906.0,43.28
CAPLIPOINT,EQ,13-May-2016,933.20,949.80,"1,100.00",949.80,"1,032.00","1,041.65","1,039.59",66850,69496640.1,6256,17975.0,26.89
CAPLIPOINT,EQ,12-May-2016,933.75,933.00,937.70,924.00,933.00,933.20,928.48,73617,68351879.1,1319,71425.0,97.02
CAPLIPOINT,EQ,11-May-2016,944.65,940.00,940.00,920.00,933.00,933.75,930.08,38018,35359715.8,645,35177.0,92.53
CAPLIPOINT,EQ,10-May-2016,940.50,964.00,964.00,931.70,941.25,944.65,937.63,37511,35171390.0,414,34891.0,93.02
CAPLIPOINT,EQ,09-May-2016,943.30,943.00,967.00,930.00,937.25,940.50,939.75,9873,9278164.0,627,5816.0,58.91
CAPLIPOINT,EQ,06-May-2016,959.30,960.05,965.00,936.15,943.00,943.30,949.84,67708,64312100.8,537,66004.0,97.48
CAPLIPOINT,EQ,05-May-2016,962.65,974.70,978.05,952.65,961.00,959.30,964.00,3491,3365307.15,397,2150.0,61.59
CAPLIPOINT,EQ,04-May-2016,975.95,975.00,990.00,960.00,964.90,962.65,970.62,7130,6920491.0,716,3928.0,55.09
CAPLIPOINT,EQ,03-May-2016,983.95,960.00,987.50,960.00,970.00,975.95,975.12,4716,4598651.45,724,2206.0,46.78
CAPLIPOINT,EQ,02-May-2016,969.45,995.65,"1,000.00",960.45,987.85,983.95,981.24,5537,5433106.05,760,2764.0,49.92
CAPLIPOINT,EQ,29-Apr-2016,979.35,979.10,995.05,950.00,976.90,969.45,976.25,6090,5945345.7,735,3621.0,59.46
CAPLIPOINT,EQ,28-Apr-2016,994.15,"1,000.05","1,003.00",975.00,989.60,979.35,990.04,4571,4525454.3,418,2694.0,58.94
CAPLIPOINT,EQ,27-Apr-2016,995.60,"1,007.00","1,007.00",993.00,"1,003.05",994.15,996.83,3625,3613509.5,400,1937.0,53.43
CAPLIPOINT,EQ,26-Apr-2016,997.55,"1,008.30","1,008.30",992.00,999.00,995.60,996.61,5138,5120592.6,454,3040.0,59.17
CAPLIPOINT,EQ,25-Apr-2016,"1,010.65","1,025.00","1,025.00",990.00,992.00,997.55,"1,000.88",8347,8354332.1,744,6189.0,74.15
CAPLIPOINT,EQ,22-Apr-2016,"1,024.10","1,043.00","1,043.00","1,005.00","1,010.00","1,010.65","1,012.73",7743,7841546.85,603,5833.0,75.33
CAPLIPOINT,EQ,21-Apr-2016,"1,034.65","1,027.50","1,064.00","1,020.10","1,020.10","1,024.10","1,033.27",6015,6215096.15,931,3181.0,52.88
CAPLIPOINT,EQ,20-Apr-2016,"1,050.55","1,050.55","1,070.00","1,030.00","1,032.50","1,034.65","1,047.96",6742,7065348.3,688,4302.0,63.81
CAPLIPOINT,EQ,18-Apr-2016,"1,060.15","1,065.00","1,075.00","1,035.00","1,047.00","1,050.55","1,054.00",5109,5384883.6,510,3158.0,61.81
CAPLIPOINT,EQ,13-Apr-2016,"1,066.05","1,078.00","1,078.00","1,056.05","1,060.20","1,060.15","1,063.41",3646,3877179.7,445,2463.0,67.55
CAPLIPOINT,EQ,12-Apr-2016,"1,054.60","1,060.10","1,075.00","1,045.00","1,066.00","1,066.05","1,064.35",4472,4759754.65,456,2728.0,61.0
CAPLIPOINT,EQ,11-Apr-2016,"1,066.60","1,062.40","1,077.00","1,051.00","1,054.00","1,054.60","1,058.48",2217,2346656.0,286,1535.0,69.24
CAPLIPOINT,EQ,08-Apr-2016,"1,064.65","1,064.00","1,080.00","1,060.50","1,065.00","1,066.60","1,068.42",1384,1478689.55,257,779.0,56.29
CAPLIPOINT,EQ,07-Apr-2016,"1,064.00","1,064.10","1,095.00","1,060.05","1,060.20","1,064.65","1,073.00",3241,3477581.45,375,1689.0,52.11
CAPLIPOINT,EQ,06-Apr-2016,"1,072.50","1,068.00","1,104.00","1,060.00","1,060.00","1,064.00","1,079.69",6540,7061183.6,1216,3205.0,49.01
CAPLIPOINT,EQ,05-Apr-2016,"1,106.30","1,114.00","1,114.00","1,059.90","1,068.00","1,072.50","1,081.45",6402,6923423.6,736,2894.0,45.2
CAPLIPOINT,EQ,04-Apr-2016,"1,085.20","1,096.00","1,119.00","1,047.20","1,100.05","1,106.30","1,089.56",8761,9545602.35,1221,3179.0,36.29
CAPLIPOINT,EQ,01-Apr-2016,"1,010.20","1,009.00","1,095.20","1,009.00","1,090.00","1,085.20","1,072.98",17766,19062512.8,2095,6842.0,38.51
CAPLIPOINT,EQ,31-Mar-2016,"1,012.20","1,012.05","1,020.00","1,002.50","1,010.00","1,010.20","1,011.68",4088,4135742.35,447,2830.0,69.23
CAPLIPOINT,EQ,30-Mar-2016,"1,012.80","1,024.55","1,024.60",999.15,"1,020.00","1,012.20","1,010.56",6286,6352408.4,461,4556.0,72.48
CAPLIPOINT,EQ,29-Mar-2016,"1,011.20","1,025.00","1,025.00",990.00,"1,005.00","1,012.80","1,003.31",18498,18559238.65,1287,9009.0,48.7
CAPLIPOINT,EQ,28-Mar-2016,"1,006.30","1,004.75","1,024.90",994.00,"1,018.00","1,011.20","1,008.43",11283,11378109.0,1446,4407.0,39.06
CAPLIPOINT,EQ,23-Mar-2016,"1,014.85","1,018.75","1,018.75","1,000.00","1,004.95","1,006.30","1,010.11",6150,6212203.05,471,3846.0,62.54
CAPLIPOINT,EQ,22-Mar-2016,"1,009.65","1,010.00","1,018.05","1,002.05","1,017.90","1,014.85","1,012.81",4145,4198076.9,470,2474.0,59.69
CAPLIPOINT,EQ,21-Mar-2016,997.50,"1,019.90","1,019.90",993.50,"1,013.00","1,009.65","1,004.95",13015,13079432.3,914,9502.0,73.01
CAPLIPOINT,EQ,18-Mar-2016,"1,009.65","1,001.00","1,016.55",993.00,"1,000.00",997.50,999.46,8748,8743249.95,675,6585.0,75.27
CAPLIPOINT,EQ,17-Mar-2016,"1,008.05","1,008.05","1,024.00","1,005.10","1,010.00","1,009.65","1,011.72",6621,6698575.3,867,4000.0,60.41
CAPLIPOINT,EQ,16-Mar-2016,"1,010.95","1,000.00","1,030.00",992.00,"1,003.50","1,008.05","1,007.58",6503,6552277.8,742,3935.0,60.51
CAPLIPOINT,EQ,15-Mar-2016,"1,011.20","1,011.40","1,023.95","1,005.95","1,012.50","1,010.95","1,012.56",7483,7576963.75,727,4197.0,56.09
CAPLIPOINT,EQ,14-Mar-2016,"1,026.65","1,028.80","1,045.00","1,005.00","1,014.90","1,011.20","1,025.87",10339,10606425.8,1144,5525.0,53.44
CAPLIPOINT,EQ,11-Mar-2016,"1,001.15","1,009.75","1,037.00","1,005.00","1,027.95","1,026.65","1,021.35",10358,10579122.2,992,3842.0,37.09
CAPLIPOINT,EQ,10-Mar-2016,"1,015.15","1,011.25","1,028.95",990.90,"1,005.00","1,001.15","1,009.00",7959,8030638.55,708,2865.0,36.0
CAPLIPOINT,EQ,09-Mar-2016,"1,029.70","1,049.95","1,049.95",995.40,"1,011.20","1,015.15","1,016.03",5706,5797486.85,940,2517.0,44.11
CAPLIPOINT,EQ,08-Mar-2016,"1,016.35","1,007.05","1,096.00","1,007.05","1,023.35","1,029.70","1,043.84",13685,14285010.15,1553,5735.0,41.91
CAPLIPOINT,EQ,04-Mar-2016,"1,028.60","1,025.10","1,025.10",993.00,"1,022.45","1,016.35","1,010.11",7646,7723302.9,873,3853.0,50.39
CAPLIPOINT,EQ,03-Mar-2016,"1,016.60","1,016.60","1,050.00","1,015.00","1,025.20","1,028.60","1,032.91",9010,9306506.8,1272,4568.0,50.7
CAPLIPOINT,EQ,02-Mar-2016,980.60,980.00,"1,047.00",980.00,"1,014.70","1,016.60","1,023.77",23408,23964329.65,1969,6833.0,29.19
CAPLIPOINT,EQ,01-Mar-2016,939.20,939.20,990.00,933.50,989.00,980.60,964.81,12053,11628877.45,1369,4774.0,39.61
CAPLIPOINT,EQ,29-Feb-2016,925.75,945.90,945.90,903.00,945.00,939.20,930.64,6530,6077047.1,808,2901.0,44.43
CAPLIPOINT,EQ,26-Feb-2016,941.45,953.95,954.00,900.00,925.10,925.75,929.32,5344,4966285.6,790,2679.0,50.13
CAPLIPOINT,EQ,25-Feb-2016,944.80,959.00,962.00,935.35,942.20,941.45,948.51,4867,4616419.6,682,2389.0,49.09
CAPLIPOINT,EQ,24-Feb-2016,951.15,952.05,964.90,931.50,945.00,944.80,945.80,9173,8675863.1,699,6387.0,69.63
CAPLIPOINT,EQ,23-Feb-2016,972.40,979.70,979.70,941.00,954.00,951.15,954.27,5431,5182666.3,749,3373.0,62.11
CAPLIPOINT,EQ,22-Feb-2016,959.35,965.00,999.00,962.00,969.90,972.40,972.78,6332,6159664.9,682,3981.0,62.87
CAPLIPOINT,EQ,19-Feb-2016,962.50,974.80,991.40,933.65,957.20,959.35,964.77,8036,7752910.7,844,3594.0,44.72
CAPLIPOINT,EQ,18-Feb-2016,977.85,995.00,"1,024.95",956.95,969.80,962.50,993.14,10222,10151882.25,1405,3704.0,36.24
CAPLIPOINT,EQ,17-Feb-2016,946.35,946.00,995.00,920.00,980.05,977.85,956.31,23660,22626307.95,1965,11247.0,47.54
CAPLIPOINT,EQ,16-Feb-2016,995.50,"1,000.00","1,025.95",932.00,950.00,946.35,962.40,17615,16952625.2,1800,12256.0,69.58
CAPLIPOINT,EQ,15-Feb-2016,930.25,996.40,"1,048.00",972.00,988.30,995.50,"1,013.65",18803,19059603.55,2585,8474.0,45.07
CAPLIPOINT,EQ,12-Feb-2016,974.45,980.05,"1,003.70",838.10,938.90,930.25,918.95,31152,28627010.65,2937,17457.0,56.04
CAPLIPOINT,EQ,11-Feb-2016,"1,027.80","1,027.00","1,033.80",965.00,981.00,974.45,983.87,11741,11551616.45,1510,6493.0,55.3
CAPLIPOINT,EQ,10-Feb-2016,"1,076.10","1,076.00","1,089.70","1,015.05","1,034.00","1,027.80","1,038.22",11375,11809734.3,1405,6607.0,58.08
CAPLIPOINT,EQ,09-Feb-2016,"1,145.60","1,135.00","1,135.00","1,070.05","1,080.00","1,076.10","1,089.91",11871,12938271.55,1179,7587.0,63.91
CAPLIPOINT,EQ,08-Feb-2016,"1,193.95","1,215.20","1,220.00","1,109.90","1,150.00","1,145.60","1,170.88",26680,31239092.95,2394,15838.0,59.36
CAPLIPOINT,EQ,05-Feb-2016,"1,160.70","1,171.85","1,224.00","1,128.00","1,200.00","1,193.95","1,188.81",17834,21201298.7,1969,9175.0,51.45
CAPLIPOINT,EQ,04-Feb-2016,"1,084.90","1,119.70","1,188.95","1,101.05","1,163.00","1,160.70","1,142.48",18430,21055986.4,2772,7016.0,38.07
CAPLIPOINT,EQ,03-Feb-2016,"1,142.05","1,121.00","1,121.00","1,061.90","1,076.00","1,084.90","1,097.23",10945,12009193.2,1767,5927.0,54.15
CAPLIPOINT,EQ,02-Feb-2016,"1,226.10","1,228.00","1,240.00","1,120.40","1,142.00","1,142.05","1,169.94",14933,17470673.45,2434,7649.0,51.22
CAPLIPOINT,EQ,01-Feb-2016,"1,205.25","1,225.00","1,250.00","1,211.00","1,228.00","1,226.10","1,228.53",17194,21123387.25,1455,8934.0,51.96
CAPLIPOINT,EQ,29-Jan-2016,"1,186.70","1,165.55","1,232.90","1,165.55","1,206.80","1,205.25","1,206.06",13387,16145551.35,1817,3995.0,29.84
CAPLIPOINT,EQ,28-Jan-2016,"1,182.30","1,160.00","1,200.00","1,160.00","1,193.00","1,186.70","1,188.27",7116,8455743.1,918,2196.0,30.86
CAPLIPOINT,EQ,27-Jan-2016,"1,206.80","1,218.00","1,219.00","1,156.95","1,185.00","1,182.30","1,186.54",14682,17420719.25,1951,5005.0,34.09
CAPLIPOINT,EQ,25-Jan-2016,"1,096.00","1,138.85","1,235.00","1,138.85","1,203.00","1,206.80","1,195.24",63562,75971772.55,7337,13970.0,21.98
CAPLIPOINT,EQ,22-Jan-2016,913.65,922.45,"1,096.35",922.45,"1,096.35","1,096.00","1,032.41",36869,38063874.15,3680,14635.0,39.69
CAPLIPOINT,EQ,21-Jan-2016,921.10,932.05,952.95,901.40,922.45,913.65,923.11,9138,8435348.15,1330,4511.0,49.37
CAPLIPOINT,EQ,20-Jan-2016,926.95,911.55,935.00,876.20,925.00,921.10,907.66,15537,14102356.05,1901,8878.0,57.14
CAPLIPOINT,EQ,19-Jan-2016,943.35,944.30,962.55,910.00,924.00,926.95,936.42,28266,26468908.35,2483,14847.0,52.53
CAPLIPOINT,EQ,18-Jan-2016,"1,016.95",951.20,994.00,932.05,932.05,943.35,951.67,26702,25411423.4,2271,14862.0,55.66
CAPLIPOINT,EQ,15-Jan-2016,"1,061.85","1,070.05","1,097.85",952.50,"1,015.45","1,016.95","1,013.30",46626,47246201.1,5935,18655.0,40.01
CAPLIPOINT,EQ,14-Jan-2016,"1,141.45","1,120.00","1,125.00","1,051.05","1,060.55","1,061.85","1,082.65",18306,19819004.7,2810,10348.0,56.53
CAPLIPOINT,EQ,13-Jan-2016,"1,223.75","1,239.00","1,239.00","1,120.00","1,134.00","1,141.45","1,162.03",18148,21088523.75,2878,9456.0,52.1
CAPLIPOINT,EQ,12-Jan-2016,"1,231.95","1,258.00","1,258.00","1,218.00","1,219.00","1,223.75","1,234.50",5177,6390992.85,695,3303.0,63.8
CAPLIPOINT,EQ,11-Jan-2016,"1,264.10","1,259.00","1,272.85","1,225.00","1,235.00","1,231.95","1,244.27",6421,7989430.7,644,4970.0,77.4
CAPLIPOINT,EQ,08-Jan-2016,"1,253.65","1,266.40","1,279.60","1,246.95","1,265.00","1,264.10","1,259.95",7371,9287085.9,795,4606.0,62.49
CAPLIPOINT,EQ,07-Jan-2016,"1,277.15","1,275.00","1,280.00","1,241.70","1,252.00","1,253.65","1,256.65",10219,12841659.75,1201,7128.0,69.75
CAPLIPOINT,EQ,06-Jan-2016,"1,301.70","1,315.20","1,315.20","1,261.00","1,284.00","1,277.15","1,281.85",13228,16956252.7,1916,6986.0,52.81
CAPLIPOINT,EQ,05-Jan-2016,"1,319.95","1,326.10","1,340.05","1,288.00","1,300.00","1,301.70","1,311.74",9820,12881245.3,1015,6404.0,65.21
CAPLIPOINT,EQ,04-Jan-2016,"1,388.40","1,380.00","1,387.05","1,265.05","1,321.50","1,319.95","1,333.22",19438,25915197.25,2307,9751.0,50.16
CAPLIPOINT,EQ,01-Jan-2016,"1,410.50","1,411.00","1,413.30","1,375.00","1,379.00","1,388.40","1,387.74",5644,7832413.8,580,3706.0,65.66
CAPLIPOINT,EQ,31-Dec-2015,"1,410.00","1,420.00","1,445.00","1,402.00","1,405.00","1,410.50","1,424.16",7507,10691191.6,995,3866.0,51.5
CAPLIPOINT,EQ,29-Dec-2017,632.9,637.9,637.9,630.2,632.0,631.45,632.92,19762,12507691.05,1012,12288.0,62.18
CAPLIPOINT,EQ,28-Dec-2017,634.15,630.05,642.95,630.05,633.3,632.9,635.33,24515,15575007.55,1146,12659.0,51.64
CAPLIPOINT,EQ,27-Dec-2017,632.65,639.0,643.7,632.0,632.5,634.15,638.34,57317,36587951.3,2108,21545.0,37.59
CAPLIPOINT,EQ,26-Dec-2017,638.25,638.25,642.0,631.0,631.05,632.65,634.33,14370,9115297.95,789,8765.0,61.0
CAPLIPOINT,EQ,22-Dec-2017,634.4,639.6,640.0,630.0,639.0,638.25,635.06,21622,13731265.65,1112,14372.0,66.47
CAPLIPOINT,EQ,21-Dec-2017,637.2,637.15,642.8,630.1,633.2,634.4,635.88,17786,11309820.35,891,12237.0,68.8
CAPLIPOINT,EQ,20-Dec-2017,634.5,640.6,645.0,631.25,637.0,637.2,637.49,16032,10220251.55,1064,10683.0,66.64
CAPLIPOINT,EQ,19-Dec-2017,633.0,633.2,642.4,607.7,635.0,634.5,634.42,23617,14983198.0,1258,12360.0,52.34
CAPLIPOINT,EQ,18-Dec-2017,638.25,638.0,639.95,606.95,631.7,633.0,632.93,14646,9269884.35,880,8671.0,59.2
CAPLIPOINT,EQ,15-Dec-2017,638.95,645.0,645.0,635.0,638.35,638.25,638.66,22702,14498897.9,1776,16101.0,70.92
CAPLIPOINT,EQ,14-Dec-2017,635.05,649.7,649.7,632.55,641.0,638.95,638.78,19591,12514251.4,1639,12066.0,61.59
CAPLIPOINT,EQ,13-Dec-2017,641.8,640.1,646.0,633.2,635.75,635.05,637.53,20728,13214647.65,1367,11833.0,57.09
CAPLIPOINT,EQ,12-Dec-2017,648.4,650.0,653.85,639.4,642.9,641.8,645.3,9691,6253635.0,682,6714.0,69.28
CAPLIPOINT,EQ,11-Dec-2017,656.5,665.95,665.95,645.2,646.75,648.4,652.16,21453,13990722.3,1173,12126.0,56.52
CAPLIPOINT,EQ,08-Dec-2017,661.45,665.0,665.0,650.0,655.05,656.5,657.59,26817,17634492.6,1048,17304.0,64.53
CAPLIPOINT,EQ,07-Dec-2017,661.5,661.5,670.9,652.6,660.0,661.45,660.24,68680,45345172.15,3789,38469.0,56.01
CAPLIPOINT,EQ,06-Dec-2017,662.15,669.75,669.75,658.0,661.6,661.5,662.69,33724,22348662.2,2647,23266.0,68.99
CAPLIPOINT,EQ,05-Dec-2017,655.3,660.7,667.1,645.05,664.9,662.15,657.14,33009,21691651.5,2775,22707.0,68.79
CAPLIPOINT,EQ,04-Dec-2017,654.55,663.85,663.85,640.25,655.0,655.3,653.34,25620,16738498.05,2044,14767.0,57.64
CAPLIPOINT,EQ,01-Dec-2017,648.85,666.3,668.0,652.0,653.85,654.55,658.98,39971,26340031.0,3060,21807.0,54.56
CAPLIPOINT,EQ,30-Nov-2017,637.4,635.0,666.0,626.45,662.0,648.85,645.15,199931,128985017.05,12888,162307.0,81.18
CAPLIPOINT,EQ,29-Nov-2017,630.9,634.95,641.0,634.0,637.3,637.4,637.79,28727,18321782.35,1564,17217.0,59.93
CAPLIPOINT,EQ,28-Nov-2017,633.35,633.35,637.95,624.0,633.0,630.9,630.62,49005,30903691.05,3892,32677.0,66.68
CAPLIPOINT,EQ,27-Nov-2017,637.8,637.8,640.05,631.55,633.75,633.35,634.91,35850,22761414.15,5542,27451.0,76.57
CAPLIPOINT,EQ,24-Nov-2017,651.05,657.7,657.7,634.1,638.9,637.8,642.5,65853,42310750.4,4544,48938.0,74.31
CAPLIPOINT,EQ,23-Nov-2017,654.5,665.9,665.9,644.95,648.1,651.05,650.64,37639,24489331.1,3229,24048.0,63.89
CAPLIPOINT,EQ,22-Nov-2017,660.85,665.0,666.55,651.5,655.0,654.5,657.32,27648,18173616.65,2834,18048.0,65.28
CAPLIPOINT,EQ,21-Nov-2017,669.25,674.95,674.95,658.0,660.85,660.85,664.78,44649,29681761.25,3134,33233.0,74.43
CAPLIPOINT,EQ,20-Nov-2017,673.75,680.7,680.7,663.05,663.05,669.25,670.38,36801,24670671.85,2422,25754.0,69.98
CAPLIPOINT,EQ,17-Nov-2017,667.7,667.75,675.5,663.3,673.0,673.75,671.72,59125,39715319.8,2666,42624.0,72.09
CAPLIPOINT,EQ,16-Nov-2017,663.2,666.2,669.85,661.15,668.0,667.7,666.61,27690,18458299.05,2161,16629.0,60.05
CAPLIPOINT,EQ,15-Nov-2017,667.2,674.0,675.0,660.05,664.95,663.2,665.79,36089,24027814.75,3005,20533.0,56.9
CAPLIPOINT,EQ,14-Nov-2017,653.2,664.95,681.95,654.95,669.1,667.2,668.24,87077,58188264.95,7828,47286.0,54.3
CAPLIPOINT,EQ,13-Nov-2017,676.9,684.3,684.3,650.0,652.15,653.2,660.88,79745,52701903.0,3244,51083.0,64.06
CAPLIPOINT,EQ,10-Nov-2017,675.3,694.85,718.0,672.5,675.85,676.9,694.55,128016,88913320.2,5482,58523.0,45.72
CAPLIPOINT,EQ,09-Nov-2017,682.8,686.25,688.8,665.0,674.5,675.3,677.36,50542,34235335.3,2008,31033.0,61.4
CAPLIPOINT,EQ,08-Nov-2017,681.55,690.0,690.0,681.0,682.55,682.8,684.38,40795,27919172.15,1393,27596.0,67.65
CAPLIPOINT,EQ,07-Nov-2017,682.8,682.8,698.0,678.65,683.0,681.55,689.65,50012,34490933.9,1972,24272.0,48.53
CAPLIPOINT,EQ,06-Nov-2017,683.0,689.0,689.0,672.15,681.0,682.8,682.7,24592,16788959.95,1183,16261.0,66.12
CAPLIPOINT,EQ,03-Nov-2017,680.3,687.25,691.95,681.0,681.05,683.0,686.31,38126,26166074.95,1937,16852.0,44.2
CAPLIPOINT,EQ,02-Nov-2017,663.75,668.7,686.7,667.7,679.0,680.3,677.63,53160,36022828.3,2396,22756.0,42.81
CAPLIPOINT,EQ,01-Nov-2017,671.05,680.0,687.95,655.85,660.25,663.75,672.37,65513,44049101.75,2540,33191.0,50.66
CAPLIPOINT,EQ,31-Oct-2017,678.05,680.0,686.0,669.0,670.0,671.05,673.07,24378,16408039.4,1378,16243.0,66.63
CAPLIPOINT,EQ,30-Oct-2017,672.6,673.0,685.0,671.9,680.0,678.05,677.33,25283,17124884.75,1141,13149.0,52.01
CAPLIPOINT,EQ,27-Oct-2017,684.15,694.0,694.0,668.3,668.3,672.6,679.68,37464,25463354.5,1844,24561.0,65.56
CAPLIPOINT,EQ,26-Oct-2017,699.55,704.0,704.0,680.0,685.0,684.15,687.26,39935,27445872.9,1386,29217.0,73.16
CAPLIPOINT,EQ,25-Oct-2017,688.7,690.0,703.75,689.9,697.45,699.55,697.09,34246,23872644.45,2070,19483.0,56.89
CAPLIPOINT,EQ,24-Oct-2017,694.35,700.0,700.0,684.65,685.05,688.7,689.84,41466,28604998.4,1576,24034.0,57.96
CAPLIPOINT,EQ,23-Oct-2017,699.7,688.0,701.8,688.0,695.0,694.35,695.93,32911,22903822.65,1794,17788.0,54.05
CAPLIPOINT,EQ,19-Oct-2017,694.0,699.0,706.0,696.1,697.15,699.7,701.63,11372,7978945.95,599,6021.0,52.95
CAPLIPOINT,EQ,18-Oct-2017,697.9,696.55,706.75,692.0,692.6,694.0,698.13,23174,16178492.85,1252,10501.0,45.31
CAPLIPOINT,EQ,17-Oct-2017,700.3,700.4,707.5,690.2,696.75,697.9,697.01,45738,31879877.7,1623,25797.0,56.4
CAPLIPOINT,EQ,16-Oct-2017,702.2,710.0,714.0,693.05,700.35,700.3,703.88,63776,44890816.1,4676,23828.0,37.36
CAPLIPOINT,EQ,13-Oct-2017,710.95,710.95,715.0,700.05,703.5,702.2,707.35,35549,25145601.9,1754,18226.0,51.27
CAPLIPOINT,EQ,12-Oct-2017,696.4,700.0,716.0,698.0,710.3,710.95,709.8,60917,43238764.15,3468,27880.0,45.77
CAPLIPOINT,EQ,11-Oct-2017,709.6,706.0,714.95,693.0,693.1,696.4,704.38,45920,32345207.9,1741,20226.0,44.05
CAPLIPOINT,EQ,10-Oct-2017,711.65,712.0,717.0,705.15,709.0,709.6,711.61,32933,23435438.9,1386,17206.0,52.25
CAPLIPOINT,EQ,09-Oct-2017,710.0,703.0,719.5,703.0,714.9,711.65,712.69,52404,37347770.6,2845,22116.0,42.2
CAPLIPOINT,EQ,06-Oct-2017,714.4,718.0,727.9,707.0,711.0,710.0,714.87,47935,34267163.4,2202,18077.0,37.71
CAPLIPOINT,EQ,05-Oct-2017,709.35,707.85,720.0,700.0,714.0,714.4,712.06,62619,44588427.4,2488,30555.0,48.8
CAPLIPOINT,EQ,04-Oct-2017,696.6,700.0,723.75,698.0,707.85,709.35,712.56,92246,65730687.15,3443,29678.0,32.17
CAPLIPOINT,EQ,03-Oct-2017,690.8,693.95,709.6,689.0,698.0,696.6,699.91,63351,44340234.7,4422,20114.0,31.75
CAPLIPOINT,EQ,29-Sep-2017,685.4,692.1,696.55,682.15,693.95,690.8,691.06,59809,41331645.0,5074,35316.0,59.05
CAPLIPOINT,EQ,28-Sep-2017,688.5,685.0,693.9,675.05,685.0,685.4,685.44,86738,59454038.5,8872,33721.0,38.88
CAPLIPOINT,EQ,27-Sep-2017,696.9,696.9,699.8,677.2,688.1,688.5,688.58,102621,70662526.75,6348,41915.0,40.84
CAPLIPOINT,EQ,26-Sep-2017,651.15,663.0,703.8,651.95,691.45,696.9,682.23,195179,133157483.85,12320,51956.0,26.62
CAPLIPOINT,EQ,25-Sep-2017,681.9,678.05,681.1,643.0,653.7,651.15,652.04,113298,73874568.45,4893,52651.0,46.47
CAPLIPOINT,EQ,22-Sep-2017,706.65,705.75,705.75,679.1,681.55,681.9,688.97,93101,64144161.7,3936,47155.0,50.65
CAPLIPOINT,EQ,21-Sep-2017,725.05,729.9,737.9,700.0,703.0,706.65,720.3,99762,71858562.4,4506,38768.0,38.86
CAPLIPOINT,EQ,20-Sep-2017,727.1,732.0,744.85,721.0,726.0,725.05,730.4,253531,185177987.1,8699,67197.0,26.5
CAPLIPOINT,EQ,19-Sep-2017,706.95,709.95,745.0,705.5,728.0,727.1,727.24,295822,215133977.0,13291,86585.0,29.27
CAPLIPOINT,EQ,18-Sep-2017,691.05,694.1,719.95,694.0,703.9,706.95,708.55,160707,113869424.15,7547,65664.0,40.86
CAPLIPOINT,EQ,15-Sep-2017,708.4,704.0,711.0,683.0,686.0,691.05,699.33,106006,74133387.25,5983,47074.0,44.41
CAPLIPOINT,EQ,14-Sep-2017,685.4,693.9,719.8,691.2,706.0,708.4,706.42,285385,201600497.95,9850,68915.0,24.15
CAPLIPOINT,EQ,13-Sep-2017,648.4,648.15,703.7,646.05,688.7,685.4,680.83,334545,227766819.35,13580,96579.0,28.87
CAPLIPOINT,EQ,12-Sep-2017,642.2,647.0,654.0,641.1,647.0,648.4,647.6,44175,28607847.2,2603,17577.0,39.79
CAPLIPOINT,EQ,11-Sep-2017,640.8,649.95,650.0,637.0,640.95,642.2,643.24,31957,20556043.65,1834,17958.0,56.19
CAPLIPOINT,EQ,08-Sep-2017,646.25,651.05,654.7,636.0,637.0,640.8,643.33,81382,52355764.1,4035,32772.0,40.27
CAPLIPOINT,EQ,07-Sep-2017,642.2,647.2,664.2,643.0,646.0,646.25,652.05,77002,50209061.9,3354,28203.0,36.63
CAPLIPOINT,EQ,06-Sep-2017,649.5,646.05,652.95,640.0,643.0,642.2,644.56,40228,25929363.4,2770,14414.0,35.83
CAPLIPOINT,EQ,05-Sep-2017,648.05,654.9,656.0,646.0,647.0,649.5,650.25,29366,19095258.45,1746,13680.0,46.58
CAPLIPOINT,EQ,04-Sep-2017,651.5,645.1,664.8,645.05,646.0,648.05,652.46,57655,37617526.95,2814,18199.0,31.57
CAPLIPOINT,EQ,01-Sep-2017,651.1,650.1,666.45,649.0,654.0,651.5,656.36,55207,36235428.0,2706,22473.0,40.71
CAPLIPOINT,EQ,31-Aug-2017,650.3,651.0,658.95,645.4,653.0,651.1,650.69,41317,26884666.8,1715,14216.0,34.41
CAPLIPOINT,EQ,30-Aug-2017,652.8,668.95,668.95,647.8,649.0,650.3,656.96,62283,40917663.55,2731,24137.0,38.75
CAPLIPOINT,EQ,29-Aug-2017,668.75,668.75,669.0,650.1,652.0,652.8,659.09,52907,34870366.4,1885,23831.0,45.04
CAPLIPOINT,EQ,28-Aug-2017,664.75,666.0,678.5,655.5,669.0,668.75,669.8,98132,65729216.8,3629,33033.0,33.66
CAPLIPOINT,EQ,24-Aug-2017,641.25,649.45,672.0,636.1,663.0,664.75,656.58,138147,90704920.25,6409,36097.0,26.13
CAPLIPOINT,EQ,23-Aug-2017,643.3,640.0,658.85,629.0,640.0,641.25,642.68,75245,48358204.9,2848,34872.0,46.34
CAPLIPOINT,EQ,22-Aug-2017,659.85,668.95,668.95,626.1,646.0,643.3,647.24,85395,55270698.95,4381,29840.0,34.94
CAPLIPOINT,EQ,21-Aug-2017,674.8,670.05,687.05,655.0,660.0,659.85,667.82,72183,48205390.65,3229,33145.0,45.92
CAPLIPOINT,EQ,18-Aug-2017,670.45,664.0,687.65,657.0,676.2,674.8,672.73,78814,53020439.95,4277,24393.0,30.95
CAPLIPOINT,EQ,17-Aug-2017,684.45,686.0,699.8,665.95,671.0,670.45,682.11,106871,72897854.7,4094,31724.0,29.68
CAPLIPOINT,EQ,16-Aug-2017,688.5,693.8,708.0,678.1,685.9,684.45,693.24,87382,60576588.55,3885,25801.0,29.53
CAPLIPOINT,EQ,14-Aug-2017,678.5,689.95,715.4,683.0,685.55,688.5,695.52,110598,76922838.5,4699,39450.0,35.67
CAPLIPOINT,EQ,11-Aug-2017,657.85,631.0,704.45,620.0,673.05,678.5,668.65,202979,135721299.15,8120,64744.0,31.9
CAPLIPOINT,EQ,10-Aug-2017,701.05,698.3,698.3,601.3,661.0,657.85,673.25,132382,89126703.8,5377,50334.0,38.02
CAPLIPOINT,EQ,09-Aug-2017,727.8,727.1,727.1,684.15,701.0,701.05,705.48,105157,74185838.7,5300,36757.0,34.95
CAPLIPOINT,EQ,08-Aug-2017,758.55,767.0,777.0,721.5,727.15,727.8,747.13,180461,134828432.5,6760,63367.0,35.11
CAPLIPOINT,EQ,07-Aug-2017,733.25,737.8,784.8,735.5,759.3,758.55,761.87,468384,356846059.2,14513,104139.0,22.23
CAPLIPOINT,EQ,04-Aug-2017,731.8,734.8,745.05,726.05,730.3,733.25,734.1,141591,103942160.55,4768,38276.0,27.03
CAPLIPOINT,EQ,03-Aug-2017,726.5,733.4,766.5,725.05,732.0,731.8,749.13,450911,337791139.6,17833,91517.0,20.3
CAPLIPOINT,EQ,02-Aug-2017,681.5,682.05,731.75,682.05,729.0,726.5,715.52,332277,237749983.3,9814,88344.0,26.59
CAPLIPOINT,EQ,01-Aug-2017,680.9,685.0,693.4,677.0,678.25,681.5,682.92,75672,51677759.8,1739,42923.0,56.72
CAPLIPOINT,EQ,31-Jul-2017,685.15,685.0,693.5,678.65,681.5,680.9,684.01,52510,35917346.2,2307,20341.0,38.74
CAPLIPOINT,EQ,28-Jul-2017,680.1,678.5,711.9,675.0,684.25,685.15,684.45,86151,58965728.0,3043,22455.0,26.06
CAPLIPOINT,EQ,27-Jul-2017,693.8,698.0,703.25,673.2,678.0,680.1,686.5,128211,88017256.3,4003,51253.0,39.98
CAPLIPOINT,EQ,26-Jul-2017,685.5,685.5,705.0,685.5,695.1,693.8,696.99,81224,56612448.15,3224,28246.0,34.78
CAPLIPOINT,EQ,25-Jul-2017,699.6,700.05,706.0,680.0,682.15,685.5,691.62,86231,59638666.85,4412,40547.0,47.02
CAPLIPOINT,EQ,24-Jul-2017,711.85,717.8,717.8,696.0,697.0,699.6,702.88,94315,66292404.6,3783,30424.0,32.26
CAPLIPOINT,EQ,21-Jul-2017,690.35,695.5,718.8,684.0,713.0,711.85,702.69,162043,113865532.65,6228,49688.0,30.66
CAPLIPOINT,EQ,20-Jul-2017,696.4,702.35,707.95,681.3,691.85,690.35,695.11,81355,56550813.0,3429,25878.0,31.81
CAPLIPOINT,EQ,19-Jul-2017,684.9,684.0,720.5,684.0,696.0,696.4,700.32,162830,114033802.3,4450,42124.0,25.87
CAPLIPOINT,EQ,18-Jul-2017,708.05,713.7,713.7,680.0,689.0,684.9,691.15,124096,85768439.05,4573,49580.0,39.95
CAPLIPOINT,EQ,17-Jul-2017,718.15,724.9,737.95,705.0,707.0,708.05,718.85,123754,88960511.8,4484,51852.0,41.9
CAPLIPOINT,EQ,14-Jul-2017,738.65,741.0,775.0,705.3,715.0,718.15,747.84,342449,256097948.05,11913,88519.0,25.85
CAPLIPOINT,EQ,13-Jul-2017,755.8,762.65,767.25,734.0,736.0,738.65,747.93,184012,137627944.25,6309,61584.0,33.47
CAPLIPOINT,EQ,12-Jul-2017,680.7,687.0,761.95,676.0,760.0,755.8,733.68,705740,517785017.5,20009,154494.0,21.89
CAPLIPOINT,EQ,11-Jul-2017,677.15,683.0,698.5,675.0,682.0,680.7,687.71,84835,58342170.15,3057,27639.0,32.58
CAPLIPOINT,EQ,10-Jul-2017,689.05,694.85,694.85,565.0,680.0,677.15,676.01,14152,9566888.0,640,8554.0,60.44
CAPLIPOINT,EQ,07-Jul-2017,692.8,689.95,699.0,665.05,688.0,689.05,682.86,187138,127788132.7,7086,40740.0,21.77
CAPLIPOINT,EQ,06-Jul-2017,652.85,684.0,718.8,684.0,689.5,692.8,702.9,479227,336850589.45,17540,101355.0,21.15
CAPLIPOINT,EQ,05-Jul-2017,590.55,592.0,682.55,592.0,673.1,652.85,629.31,414152,260628573.55,11596,101077.0,24.41
CAPLIPOINT,EQ,04-Jul-2017,571.45,574.45,598.95,572.3,592.95,590.55,586.21,127256,74598740.1,5047,47861.0,37.61
CAPLIPOINT,EQ,03-Jul-2017,552.7,551.1,574.4,551.1,571.0,571.45,567.65,48553,27560883.5,2341,23156.0,47.69
CAPLIPOINT,EQ,30-Jun-2017,554.2,550.0,562.0,548.0,554.95,552.7,554.41,33816,18747799.25,1455,13118.0,38.79
CAPLIPOINT,EQ,29-Jun-2017,553.25,556.25,567.95,542.2,554.0,554.2,559.97,48607,27218635.75,1899,19456.0,40.03
CAPLIPOINT,EQ,28-Jun-2017,563.35,563.0,566.95,550.05,552.95,553.25,558.26,45394,25341714.45,3038,19626.0,43.23
CAPLIPOINT,EQ,27-Jun-2017,581.35,585.0,585.0,560.05,560.2,563.35,569.21,42200,24020545.05,1832,19820.0,46.97
CAPLIPOINT,EQ,23-Jun-2017,577.2,583.3,599.8,575.0,585.0,581.35,590.0,189687,111914735.85,6026,51194.0,26.99
CAPLIPOINT,EQ,22-Jun-2017,555.1,557.35,583.0,556.45,580.0,577.2,574.84,172588,99210761.05,6580,56703.0,32.85
CAPLIPOINT,EQ,21-Jun-2017,558.6,557.95,561.9,550.0,555.85,555.1,556.35,32459,18058457.35,1512,13927.0,42.91
CAPLIPOINT,EQ,20-Jun-2017,552.0,555.0,561.95,546.0,559.1,558.6,553.87,62430,34578235.2,3020,18768.0,30.06
CAPLIPOINT,EQ,19-Jun-2017,543.85,544.95,556.95,544.9,550.65,552.0,552.23,47606,26289503.35,2447,19739.0,41.46
CAPLIPOINT,EQ,16-Jun-2017,551.65,551.65,559.4,540.3,543.2,543.85,550.72,54745,30149305.8,1860,22417.0,40.95
CAPLIPOINT,EQ,15-Jun-2017,563.4,563.4,568.85,547.7,550.0,551.65,556.56,90524,50381729.45,3090,37105.0,40.99
CAPLIPOINT,EQ,14-Jun-2017,568.45,572.25,573.0,558.05,565.0,563.4,565.6,56374,31884913.8,2373,16993.0,30.14
CAPLIPOINT,EQ,13-Jun-2017,568.0,571.95,577.95,565.4,567.25,568.45,572.16,55607,31816150.05,3629,17678.0,31.79
CAPLIPOINT,EQ,12-Jun-2017,571.2,571.2,584.0,564.3,570.0,568.0,574.08,77384,44424401.3,3053,27877.0,36.02
CAPLIPOINT,EQ,09-Jun-2017,579.5,582.0,584.65,567.9,569.95,571.2,576.4,82431,47513259.9,2780,29042.0,35.23
CAPLIPOINT,EQ,08-Jun-2017,562.15,567.4,593.05,567.4,580.0,579.5,581.56,343701,199883197.85,10041,76348.0,22.21
CAPLIPOINT,EQ,07-Jun-2017,530.7,536.0,579.7,531.95,564.0,562.15,562.28,295125,165943619.25,10272,62858.0,21.3
CAPLIPOINT,EQ,06-Jun-2017,536.55,532.0,540.0,530.0,530.0,530.7,532.61,26758,14251613.25,1202,16013.0,59.84
CAPLIPOINT,EQ,05-Jun-2017,527.85,532.45,540.0,526.65,536.2,536.55,534.07,65638,35055234.0,3477,23001.0,35.04
CAPLIPOINT,EQ,02-Jun-2017,534.85,539.25,544.0,523.2,528.0,527.85,534.67,96989,51857180.8,2427,43383.0,44.73
CAPLIPOINT,EQ,01-Jun-2017,531.55,532.75,543.95,532.0,535.9,534.85,536.06,52667,28232823.4,2143,18503.0,35.13
CAPLIPOINT,EQ,31-May-2017,534.25,535.15,540.0,530.05,532.0,531.55,534.19,40783,21785903.3,1378,14460.0,35.46
CAPLIPOINT,EQ,30-May-2017,534.05,535.25,550.0,530.05,533.0,534.25,540.6,79435,42942794.95,2785,22546.0,28.38
CAPLIPOINT,EQ,29-May-2017,552.35,553.05,556.85,531.55,534.05,534.05,538.6,85592,46099858.1,3023,32406.0,37.86
CAPLIPOINT,EQ,26-May-2017,547.9,553.0,573.95,543.05,549.0,552.35,559.8,205642,115117580.55,6849,46957.0,22.83
CAPLIPOINT,EQ,25-May-2017,532.35,534.1,557.4,530.2,549.95,547.9,546.43,199876,109217978.55,6092,49254.0,24.64
CAPLIPOINT,EQ,24-May-2017,562.9,569.3,583.4,525.0,533.0,532.35,547.6,282961,154948409.15,8924,74923.0,26.48
CAPLIPOINT,EQ,23-May-2017,540.35,543.0,572.0,511.2,568.35,562.9,551.34,674457,371855273.7,19275,90239.0,13.38
CAPLIPOINT,EQ,22-May-2017,593.6,600.0,631.95,533.0,539.8,540.35,568.36,685978,389885875.2,21302,148634.0,21.67
CAPLIPOINT,EQ,19-May-2017,560.6,561.55,599.9,561.55,598.65,593.6,590.37,463092,273393755.2,12522,87067.0,18.8
CAPLIPOINT,EQ,18-May-2017,535.8,534.0,574.4,525.05,560.0,560.6,562.1,734886,413079890.9,20480,83441.0,11.35
CAPLIPOINT,EQ,17-May-2017,504.5,504.5,542.0,504.5,536.95,535.8,528.51,509227,269133215.25,13709,125376.0,24.62
CAPLIPOINT,EQ,16-May-2017,486.0,485.0,511.0,480.0,504.0,504.5,502.26,364007,182824748.6,12911,97563.0,26.8
CAPLIPOINT,EQ,15-May-2017,470.8,472.0,497.6,461.0,485.0,486.0,484.72,294178,142592712.75,11065,86664.0,29.46
CAPLIPOINT,EQ,12-May-2017,457.3,457.0,481.95,441.0,468.5,470.8,467.29,538424,251597685.8,15120,104393.0,19.39
CAPLIPOINT,EQ,11-May-2017,405.7,431.0,466.0,431.0,456.05,457.3,448.85,1077006,483411842.0,27585,259950.0,24.14
CAPLIPOINT,EQ,10-May-2017,401.55,405.0,409.95,403.6,406.2,405.7,406.79,57119,23235171.9,1700,39102.0,68.46
CAPLIPOINT,EQ,09-May-2017,398.8,400.0,408.0,400.0,401.05,401.55,403.8,49741,20085353.45,1420,30018.0,60.35
CAPLIPOINT,EQ,08-May-2017,386.55,388.0,412.65,388.0,399.5,398.8,398.53,121249,48321190.5,3451,38307.0,31.59
CAPLIPOINT,EQ,05-May-2017,389.0,392.4,395.0,385.05,388.9,386.55,390.43,31520,12306467.3,640,21968.0,69.7
CAPLIPOINT,EQ,04-May-2017,394.3,396.8,397.05,386.0,387.5,389.0,390.67,46932,18334876.4,1526,24633.0,52.49
CAPLIPOINT,EQ,03-May-2017,390.9,397.65,399.55,392.15,394.35,394.3,396.56,39597,15702597.4,954,17537.0,44.29
CAPLIPOINT,EQ,02-May-2017,393.8,395.95,399.0,390.0,392.0,390.9,394.91,29293,11567981.6,1036,16416.0,56.04
CAPLIPOINT,EQ,28-Apr-2017,390.4,393.8,400.0,390.0,394.0,393.8,395.38,40867,16158065.35,1144,21305.0,52.13
CAPLIPOINT,EQ,27-Apr-2017,386.9,387.0,392.1,386.1,390.0,390.4,388.69,16068,6245483.5,515,8412.0,52.35
CAPLIPOINT,EQ,26-Apr-2017,392.1,395.75,396.0,385.1,386.3,386.9,390.28,40788,15918764.2,795,26693.0,65.44
CAPLIPOINT,EQ,25-Apr-2017,396.55,397.0,401.95,390.5,390.55,392.1,393.86,42440,16715472.15,1165,30048.0,70.8
CAPLIPOINT,EQ,24-Apr-2017,402.0,402.5,405.0,395.25,397.5,396.55,398.84,31943,12740095.05,919,21314.0,66.73
CAPLIPOINT,EQ,21-Apr-2017,398.8,400.5,407.0,395.05,402.5,402.0,400.07,36680,14674395.15,908,24582.0,67.02
CAPLIPOINT,EQ,20-Apr-2017,400.0,400.85,406.0,395.05,397.35,398.8,400.58,40940,16399782.65,1126,25405.0,62.05
CAPLIPOINT,EQ,19-Apr-2017,395.5,397.45,401.95,390.9,400.7,400.0,397.66,37740,15007583.4,862,25931.0,68.71
CAPLIPOINT,EQ,18-Apr-2017,390.25,391.05,407.45,391.05,395.15,395.5,399.22,58712,23438787.4,1598,35196.0,59.95
CAPLIPOINT,EQ,17-Apr-2017,384.8,385.0,394.85,381.0,391.05,390.25,390.04,41063,16016213.05,1164,24316.0,59.22
CAPLIPOINT,EQ,13-Apr-2017,385.4,385.05,394.0,383.55,384.1,384.8,387.55,44580,17277019.0,1854,18669.0,41.88
CAPLIPOINT,EQ,12-Apr-2017,387.25,387.25,389.85,384.05,386.95,385.4,386.0,21818,8421708.3,593,13970.0,64.03
CAPLIPOINT,EQ,11-Apr-2017,390.1,390.5,392.0,385.05,386.15,387.25,387.9,23067,8947659.9,1006,14742.0,63.91
CAPLIPOINT,EQ,10-Apr-2017,390.55,390.55,396.2,387.2,388.0,390.1,391.56,26604,10417038.3,781,17829.0,67.02
CAPLIPOINT,EQ,07-Apr-2017,402.4,402.45,405.75,389.95,391.95,390.55,394.36,45347,17882856.15,1356,31333.0,69.1
CAPLIPOINT,EQ,06-Apr-2017,405.35,405.0,410.0,400.05,401.25,402.4,404.74,34539,13979162.45,912,21281.0,61.61
CAPLIPOINT,EQ,05-Apr-2017,403.6,403.6,410.4,403.6,404.3,405.35,407.18,40992,16691276.65,1601,21290.0,51.94
CAPLIPOINT,EQ,03-Apr-2017,388.35,388.35,414.95,386.5,402.5,403.6,400.22,62815,25139554.65,2059,31932.0,50.83
CAPLIPOINT,EQ,31-Mar-2017,384.9,386.3,391.4,383.2,389.0,388.35,387.84,40964,15887662.35,1059,22182.0,54.15
CAPLIPOINT,EQ,30-Mar-2017,385.35,385.35,388.7,382.05,385.0,384.9,384.57,13179,5068221.7,508,8540.0,64.8
CAPLIPOINT,EQ,29-Mar-2017,383.85,384.95,389.95,382.5,385.05,385.35,385.05,25718,9902649.3,660,16741.0,65.09
CAPLIPOINT,EQ,28-Mar-2017,387.55,385.1,393.65,382.55,383.0,383.85,386.59,14710,5686799.1,598,8960.0,60.91
CAPLIPOINT,EQ,27-Mar-2017,392.5,397.9,397.9,386.0,388.7,387.55,390.11,25361,9893699.85,688,12806.0,50.49
CAPLIPOINT,EQ,24-Mar-2017,388.1,386.05,394.95,386.05,391.9,392.5,392.43,27445,10770160.7,880,17986.0,65.53
CAPLIPOINT,EQ,23-Mar-2017,388.2,387.2,395.95,386.35,389.0,388.1,391.15,40131,15697341.8,1543,19125.0,47.66
CAPLIPOINT,EQ,22-Mar-2017,390.2,393.0,394.7,383.15,387.25,388.2,391.43,53257,20846168.45,1233,32430.0,60.89
CAPLIPOINT,EQ,21-Mar-2017,382.7,380.1,391.35,378.3,390.0,390.2,386.24,65719,25383228.85,1487,37781.0,57.49
CAPLIPOINT,EQ,20-Mar-2017,378.15,377.0,384.95,376.05,383.0,382.7,380.19,22930,8717842.35,947,13374.0,58.33
CAPLIPOINT,EQ,17-Mar-2017,377.9,379.9,383.7,375.25,376.2,378.15,379.3,28307,10736851.45,924,13813.0,48.8
CAPLIPOINT,EQ,16-Mar-2017,374.7,378.05,381.8,372.1,378.9,377.9,377.97,24806,9376016.3,1149,12686.0,51.14
CAPLIPOINT,EQ,15-Mar-2017,377.2,385.0,388.4,373.0,375.0,374.7,379.28,32737,12416614.15,1034,21681.0,66.23
CAPLIPOINT,EQ,14-Mar-2017,387.4,394.0,397.0,372.0,377.0,377.2,380.36,52317,19899051.75,1816,35807.0,68.44
CAPLIPOINT,EQ,10-Mar-2017,384.6,384.0,391.0,382.1,386.0,387.4,386.31,29879,11542681.25,857,18233.0,61.02
CAPLIPOINT,EQ,09-Mar-2017,383.45,387.7,390.0,380.15,384.75,384.6,385.08,33621,12946758.8,1242,17641.0,52.47
CAPLIPOINT,EQ,08-Mar-2017,392.25,399.15,399.15,382.0,383.0,383.45,387.28,36998,14328529.0,1517,21456.0,57.99
CAPLIPOINT,EQ,07-Mar-2017,395.5,397.0,402.95,391.0,392.0,392.25,395.25,18158,7176959.25,925,7227.0,39.8
CAPLIPOINT,EQ,06-Mar-2017,395.1,400.0,401.85,394.2,396.4,395.5,397.26,16294,6473002.05,704,8411.0,51.62
CAPLIPOINT,EQ,03-Mar-2017,401.05,402.05,402.05,393.05,395.0,395.1,396.58,26719,10596245.1,2727,14838.0,55.53
CAPLIPOINT,EQ,02-Mar-2017,410.05,416.0,416.0,397.0,402.85,401.05,404.56,32815,13275542.85,1649,21747.0,66.27
CAPLIPOINT,EQ,01-Mar-2017,404.5,409.9,416.7,404.0,409.85,410.05,412.36,58227,24010484.1,1987,29643.0,50.91
CAPLIPOINT,EQ,28-Feb-2017,396.6,396.2,409.0,395.3,405.95,404.5,402.91,42460,17107466.3,1505,26850.0,63.24
CAPLIPOINT,EQ,27-Feb-2017,401.9,406.75,406.75,395.0,397.0,396.6,398.04,23367,9301033.25,1994,15400.0,65.9
CAPLIPOINT,EQ,23-Feb-2017,410.8,408.55,413.0,399.0,401.15,401.9,404.45,30281,12247175.2,1878,19313.0,63.78
CAPLIPOINT,EQ,22-Feb-2017,410.1,413.8,417.85,408.35,409.55,410.8,413.21,29550,12210251.45,1635,17467.0,59.11
CAPLIPOINT,EQ,21-Feb-2017,406.9,408.0,412.7,405.25,410.25,410.1,408.83,31235,12769912.4,1147,15627.0,50.03
CAPLIPOINT,EQ,20-Feb-2017,397.95,400.0,410.0,399.2,408.0,406.9,404.99,41582,16840495.35,1564,21953.0,52.79
CAPLIPOINT,EQ,17-Feb-2017,393.5,393.55,405.75,393.55,396.25,397.95,400.35,36587,14647631.75,1511,15522.0,42.42
CAPLIPOINT,EQ,16-Feb-2017,378.8,389.0,399.0,377.0,395.05,393.5,392.22,29076,11404306.0,1416,14719.0,50.62
CAPLIPOINT,EQ,15-Feb-2017,396.9,396.9,396.9,335.0,382.0,378.8,376.49,63906,24059765.45,3523,35277.0,55.2
CAPLIPOINT,EQ,14-Feb-2017,408.25,411.9,411.9,395.0,397.4,396.9,400.96,35847,14373236.4,1324,21546.0,60.11
CAPLIPOINT,EQ,13-Feb-2017,423.45,428.0,428.0,401.0,409.8,408.25,409.66,49762,20385394.95,2563,34299.0,68.93
CAPLIPOINT,EQ,10-Feb-2017,428.95,428.9,430.0,422.0,424.95,423.45,424.56,37092,15747932.65,1120,29024.0,78.25
CAPLIPOINT,EQ,09-Feb-2017,437.3,440.0,440.0,423.0,430.65,428.95,429.46,48210,20704279.6,2223,34496.0,71.55
CAPLIPOINT,EQ,08-Feb-2017,448.9,449.5,449.5,435.0,436.55,437.3,438.02,53730,23535033.2,1417,41085.0,76.47
CAPLIPOINT,EQ,07-Feb-2017,440.35,447.9,459.95,444.6,448.0,448.9,450.61,142317,64128846.65,6781,78391.0,55.08
CAPLIPOINT,EQ,06-Feb-2017,441.95,441.0,450.0,436.0,438.3,440.35,442.13,80263,35486466.35,3972,56291.0,70.13
CAPLIPOINT,EQ,03-Feb-2017,431.65,437.4,446.8,433.7,442.0,441.95,440.65,87237,38441144.05,4246,42467.0,48.68
CAPLIPOINT,EQ,02-Feb-2017,427.55,425.4,443.7,422.35,430.0,431.65,433.01,84215,36465685.3,3422,36047.0,42.8
CAPLIPOINT,EQ,01-Feb-2017,421.35,418.0,430.0,416.85,425.0,427.55,424.78,52171,22161060.35,2779,33499.0,64.21
CAPLIPOINT,EQ,31-Jan-2017,422.6,424.95,428.0,419.8,422.0,421.35,423.38,43903,18587742.55,2806,28211.0,64.26
CAPLIPOINT,EQ,30-Jan-2017,422.35,418.0,432.0,418.0,421.95,422.6,424.61,58321,24763483.95,3414,31091.0,53.31
CAPLIPOINT,EQ,27-Jan-2017,430.25,425.0,432.0,418.5,422.3,422.35,423.02,75963,32133889.9,3522,43344.0,57.06
CAPLIPOINT,EQ,25-Jan-2017,423.4,424.0,433.0,424.0,431.0,430.25,429.52,82137,35279477.8,2521,52471.0,63.88
CAPLIPOINT,EQ,24-Jan-2017,405.4,406.85,434.8,405.0,425.0,423.4,421.96,216821,91490264.05,8655,84109.0,38.79
CAPLIPOINT,EQ,23-Jan-2017,403.5,406.0,408.75,402.0,406.9,405.4,405.03,30446,12331694.05,910,19977.0,65.61
CAPLIPOINT,EQ,20-Jan-2017,410.85,409.0,416.0,400.55,402.65,403.5,408.25,41713,17029176.65,1325,27409.0,65.71
CAPLIPOINT,EQ,19-Jan-2017,415.45,410.0,417.15,408.0,409.5,410.85,412.72,51043,21066554.55,3269,27816.0,54.5
CAPLIPOINT,EQ,18-Jan-2017,405.95,407.95,421.5,400.1,415.0,415.45,415.72,149136,61998418.8,4101,72960.0,48.92
CAPLIPOINT,EQ,17-Jan-2017,411.35,412.95,416.0,402.0,409.0,405.95,408.31,88183,36005724.5,2839,45576.0,51.68
CAPLIPOINT,EQ,16-Jan-2017,393.45,393.8,414.4,389.0,411.0,411.35,403.85,183859,74252333.05,4547,72116.0,39.22
CAPLIPOINT,EQ,13-Jan-2017,380.25,380.0,398.0,376.0,393.0,393.45,390.62,83228,32510486.75,3499,34675.0,41.66
CAPLIPOINT,EQ,12-Jan-2017,385.4,380.8,392.8,375.0,380.0,380.25,382.94,67839,25978454.45,2745,30434.0,44.86
CAPLIPOINT,EQ,11-Jan-2017,386.95,390.0,398.7,377.1,384.8,385.4,390.91,171386,66996511.25,4594,91834.0,53.58
CAPLIPOINT,EQ,10-Jan-2017,345.6,348.0,393.0,343.5,387.8,386.95,374.56,283061,106022450.15,8298,109743.0,38.77
CAPLIPOINT,EQ,09-Jan-2017,335.6,333.25,349.0,328.0,344.65,345.6,339.93,48013,16320840.65,1693,27218.0,56.69
CAPLIPOINT,EQ,06-Jan-2017,340.9,342.9,344.05,333.1,334.5,335.6,336.95,36750,12382993.2,973,21400.0,58.23
CAPLIPOINT,EQ,05-Jan-2017,341.2,342.55,346.8,340.0,341.5,340.9,342.4,13814,4729944.55,441,8042.0,58.22
CAPLIPOINT,EQ,04-Jan-2017,342.0,343.5,348.95,340.0,343.0,341.2,343.9,18544,6377199.85,811,10289.0,55.48
CAPLIPOINT,EQ,03-Jan-2017,340.05,340.1,346.0,340.1,341.0,342.0,343.43,26136,8975824.2,881,18517.0,70.85
CAPLIPOINT,EQ,02-Jan-2017,343.15,343.2,347.0,339.0,340.0,340.05,341.76,28058,9589125.7,966,15284.0,54.47
CAPLIPOINT,EQ,30-Dec-2016,344.4,346.45,354.6,341.35,346.0,343.15,347.22,44861,15576674.25,1374,19969.0,44.51
CAPLIPOINT,EQ,28-Dec-2018,385.25,385.5,387.05,380.1,382.45,381.95,383.83,14152,5431904.1,914,9388.0,66.34
CAPLIPOINT,EQ,27-Dec-2018,380.3,384.0,388.9,380.0,385.5,385.25,384.43,25126,9659237.4,2696,16910.0,67.3
CAPLIPOINT,EQ,26-Dec-2018,382.8,383.5,383.5,379.1,381.0,380.3,380.98,11185,4261311.95,525,7367.0,65.86
CAPLIPOINT,EQ,24-Dec-2018,384.25,385.0,389.0,381.7,382.25,382.8,384.25,13599,5225434.3,741,9684.0,71.21
CAPLIPOINT,EQ,21-Dec-2018,385.1,384.0,391.5,381.7,384.0,384.25,385.78,15019,5793970.2,778,9580.0,63.79
CAPLIPOINT,EQ,20-Dec-2018,391.8,393.85,393.95,384.05,385.7,385.1,388.15,18460,7165310.05,1327,13529.0,73.29
CAPLIPOINT,EQ,19-Dec-2018,387.65,388.05,395.0,388.0,391.0,391.8,391.24,14089,5512178.55,936,7967.0,56.55
CAPLIPOINT,EQ,18-Dec-2018,391.15,393.9,393.9,385.5,386.55,387.65,387.61,22313,8648641.3,1304,16187.0,72.55
CAPLIPOINT,EQ,17-Dec-2018,393.5,399.7,399.7,389.7,390.0,391.15,393.61,22777,8965268.55,2047,17047.0,74.84
CAPLIPOINT,EQ,14-Dec-2018,397.4,396.5,399.45,393.0,394.0,393.5,394.89,13651,5390623.9,1258,9965.0,73.0
CAPLIPOINT,EQ,13-Dec-2018,398.65,401.0,402.5,395.65,398.9,397.4,399.22,22919,9149793.5,1826,17585.0,76.73
CAPLIPOINT,EQ,12-Dec-2018,388.75,395.0,406.7,393.5,397.85,398.65,398.33,31514,12552946.65,2615,22349.0,70.92
CAPLIPOINT,EQ,11-Dec-2018,387.9,384.0,390.0,382.0,389.0,388.75,386.39,13999,5409121.95,754,8583.0,61.31
CAPLIPOINT,EQ,10-Dec-2018,398.05,392.0,394.75,385.0,386.6,387.9,388.35,12825,4980528.35,794,9734.0,75.9
CAPLIPOINT,EQ,07-Dec-2018,396.9,396.9,399.4,395.1,398.0,398.05,397.71,18324,7287678.85,581,15357.0,83.81
CAPLIPOINT,EQ,06-Dec-2018,398.7,398.0,399.85,393.95,398.0,396.9,396.08,14631,5795115.7,920,9187.0,62.79
CAPLIPOINT,EQ,05-Dec-2018,398.9,398.85,403.95,397.05,398.4,398.7,399.76,15208,6079578.55,750,8377.0,55.08
CAPLIPOINT,EQ,04-Dec-2018,406.75,408.9,408.9,397.0,398.3,398.9,401.5,20310,8154467.2,927,14954.0,73.63
CAPLIPOINT,EQ,03-Dec-2018,400.7,401.1,416.7,401.1,406.45,406.75,410.9,21984,9033209.8,1206,13930.0,63.36
CAPLIPOINT,EQ,30-Nov-2018,403.45,403.45,407.85,399.05,399.15,400.7,402.91,10762,4336163.2,837,7853.0,72.97
CAPLIPOINT,EQ,29-Nov-2018,405.4,408.6,408.65,399.0,403.0,403.45,403.44,17441,7036323.65,768,11707.0,67.12
CAPLIPOINT,EQ,28-Nov-2018,404.8,408.0,409.0,398.85,406.95,405.4,405.25,12661,5130810.85,667,8478.0,66.96
CAPLIPOINT,EQ,27-Nov-2018,400.65,400.7,410.0,400.7,404.5,404.8,406.11,10932,4439629.9,551,7498.0,68.59
CAPLIPOINT,EQ,26-Nov-2018,408.3,414.0,414.0,399.0,402.0,400.65,401.98,33296,13384249.4,1304,22782.0,68.42
CAPLIPOINT,EQ,22-Nov-2018,413.5,416.5,417.55,404.95,407.5,408.3,408.73,28633,11703068.35,1208,15691.0,54.8
CAPLIPOINT,EQ,21-Nov-2018,410.1,410.1,419.0,408.0,412.95,413.5,415.85,13750,5717958.75,904,7406.0,53.86
CAPLIPOINT,EQ,20-Nov-2018,424.35,425.0,425.0,406.2,409.0,410.1,414.14,18295,7576682.8,1056,13579.0,74.22
CAPLIPOINT,EQ,19-Nov-2018,423.75,424.0,428.4,420.1,422.2,424.35,425.35,16706,7105942.55,804,8647.0,51.76
CAPLIPOINT,EQ,16-Nov-2018,430.4,436.3,436.45,422.0,423.8,423.75,427.42,11751,5022631.05,588,8077.0,68.73
CAPLIPOINT,EQ,15-Nov-2018,428.45,427.0,439.0,426.7,429.75,430.4,432.65,13461,5823932.75,779,8554.0,63.55
CAPLIPOINT,EQ,14-Nov-2018,436.8,437.0,441.4,425.0,425.0,428.45,431.71,12384,5346336.4,685,6952.0,56.14
CAPLIPOINT,EQ,13-Nov-2018,441.5,434.25,440.4,433.0,436.0,436.8,435.58,11981,5218650.25,673,9071.0,75.71
CAPLIPOINT,EQ,12-Nov-2018,438.65,438.65,451.8,437.5,440.3,441.5,445.37,49354,21980731.0,1934,22309.0,45.2
CAPLIPOINT,EQ,09-Nov-2018,432.05,439.0,446.4,417.25,438.5,438.65,436.16,32180,14035685.95,1587,15411.0,47.89
CAPLIPOINT,EQ,07-Nov-2018,413.25,417.0,439.0,413.0,432.35,432.05,429.0,25382,10889000.85,1080,17361.0,68.4
CAPLIPOINT,EQ,06-Nov-2018,410.15,413.4,419.0,410.0,411.95,413.25,414.63,18502,7671447.1,1034,8193.0,44.28
CAPLIPOINT,EQ,05-Nov-2018,434.4,423.5,428.95,407.95,408.0,410.15,416.51,60199,25073372.15,2222,39062.0,64.89
CAPLIPOINT,EQ,02-Nov-2018,456.9,460.0,489.75,425.0,431.0,434.4,463.18,112268,51999994.85,5075,38020.0,33.87
CAPLIPOINT,EQ,01-Nov-2018,418.35,420.0,459.0,420.0,458.45,456.9,445.57,52770,23512723.8,2436,24257.0,45.97
CAPLIPOINT,EQ,31-Oct-2018,404.65,404.65,423.0,402.05,420.0,418.35,412.09,24091,9927758.65,849,14030.0,58.24
CAPLIPOINT,EQ,30-Oct-2018,398.95,401.0,407.2,398.95,407.0,404.65,403.25,18847,7600034.55,990,9876.0,52.4
CAPLIPOINT,EQ,29-Oct-2018,396.3,397.9,409.0,388.0,401.0,398.95,398.84,38845,15492910.8,1698,26441.0,68.07
CAPLIPOINT,EQ,26-Oct-2018,398.55,396.2,402.95,386.9,395.0,396.3,396.21,13164,5215689.15,1149,5933.0,45.07
CAPLIPOINT,EQ,25-Oct-2018,392.1,386.0,403.05,386.0,402.95,398.55,395.99,20160,7983210.3,1554,9145.0,45.36
CAPLIPOINT,EQ,24-Oct-2018,400.85,398.2,405.55,385.0,395.95,392.1,394.54,25601,10100531.3,1244,17027.0,66.51
CAPLIPOINT,EQ,23-Oct-2018,411.8,413.45,413.45,380.75,401.6,400.85,396.4,32439,12858841.4,1526,22100.0,68.13
CAPLIPOINT,EQ,22-Oct-2018,408.1,411.4,418.4,409.7,413.4,411.8,412.44,11755,4848190.75,779,6325.0,53.81
CAPLIPOINT,EQ,19-Oct-2018,426.45,422.1,427.9,402.5,409.0,408.1,413.28,32934,13610824.3,2063,14748.0,44.78
CAPLIPOINT,EQ,17-Oct-2018,435.5,445.95,445.95,425.0,425.0,426.45,436.69,18317,7998892.3,940,9279.0,50.66
CAPLIPOINT,EQ,16-Oct-2018,423.55,426.1,441.4,423.0,435.1,435.5,432.3,29854,12905758.8,1090,13963.0,46.77
CAPLIPOINT,EQ,15-Oct-2018,426.1,423.0,434.5,417.0,423.6,423.55,424.29,34859,14790209.55,1291,14837.0,42.56
CAPLIPOINT,EQ,12-Oct-2018,413.05,414.85,428.7,414.85,427.0,426.1,423.5,20697,8765217.85,1111,10519.0,50.82
CAPLIPOINT,EQ,11-Oct-2018,423.05,413.0,420.5,406.65,411.5,413.05,413.28,19724,8151591.95,862,9383.0,47.57
CAPLIPOINT,EQ,10-Oct-2018,410.4,410.4,429.0,410.4,424.0,423.05,420.67,25414,10690903.4,1202,13016.0,51.22
CAPLIPOINT,EQ,09-Oct-2018,409.05,411.9,419.9,406.3,411.0,410.4,413.47,21898,9054084.7,1372,7031.0,32.11
CAPLIPOINT,EQ,08-Oct-2018,418.3,428.0,428.0,402.45,407.8,409.05,412.7,31819,13131569.35,1647,12808.0,40.25
CAPLIPOINT,EQ,05-Oct-2018,435.55,435.0,441.0,410.0,416.5,418.3,426.19,29857,12724843.0,1224,16463.0,55.14
CAPLIPOINT,EQ,04-Oct-2018,454.45,452.95,458.6,415.25,438.7,435.55,440.5,129139,56885194.35,2886,57852.0,44.8
CAPLIPOINT,EQ,03-Oct-2018,427.55,427.55,466.4,421.9,456.0,454.45,452.57,97122,43954220.4,3887,38594.0,39.74
CAPLIPOINT,EQ,01-Oct-2018,410.95,412.0,431.0,412.0,429.0,427.55,422.32,47649,20123170.8,1857,32671.0,68.57
CAPLIPOINT,EQ,28-Sep-2018,423.0,419.0,427.75,400.0,412.6,410.95,415.72,32331,13440537.25,1966,18562.0,57.41
CAPLIPOINT,EQ,27-Sep-2018,435.05,435.0,439.0,417.65,422.5,423.0,428.4,25543,10942652.1,3405,13919.0,54.49
CAPLIPOINT,EQ,26-Sep-2018,427.55,440.95,445.0,431.2,435.0,435.05,437.56,20090,8790510.45,1438,8358.0,41.6
CAPLIPOINT,EQ,25-Sep-2018,433.6,438.35,446.65,420.0,433.0,427.55,434.45,30065,13061807.3,1617,14402.0,47.9
CAPLIPOINT,EQ,24-Sep-2018,462.35,460.0,460.0,424.35,433.0,433.6,436.54,36151,15781475.6,1867,21236.0,58.74
CAPLIPOINT,EQ,21-Sep-2018,478.5,478.5,486.0,432.0,465.05,462.35,466.43,43205,20152290.2,1800,27113.0,62.75
CAPLIPOINT,EQ,19-Sep-2018,494.4,495.0,497.35,475.0,478.05,478.5,482.22,31596,15236307.55,1515,19532.0,61.82
CAPLIPOINT,EQ,18-Sep-2018,505.3,507.8,509.9,493.0,494.0,494.4,501.53,24770,12422873.35,888,17486.0,70.59
CAPLIPOINT,EQ,17-Sep-2018,509.2,510.7,519.0,501.1,504.0,505.3,510.82,32960,16836538.3,1309,17041.0,51.7
CAPLIPOINT,EQ,14-Sep-2018,508.05,508.05,525.0,503.8,510.0,509.2,513.92,57108,29349109.8,3191,23003.0,40.28
CAPLIPOINT,EQ,12-Sep-2018,525.5,524.0,527.1,500.3,509.6,508.05,508.21,52818,26842438.15,1935,27667.0,52.38
CAPLIPOINT,EQ,11-Sep-2018,524.85,527.85,535.0,520.1,525.25,525.5,526.77,59981,31596129.7,2330,37320.0,62.22
CAPLIPOINT,EQ,10-Sep-2018,515.85,517.95,537.9,517.0,525.95,524.85,528.61,122459,64732648.3,4356,58372.0,47.67
CAPLIPOINT,EQ,07-Sep-2018,498.1,502.0,529.8,502.0,517.15,515.85,516.42,349773,180630096.25,10621,94149.0,26.92
CAPLIPOINT,EQ,06-Sep-2018,497.35,503.4,521.9,486.0,496.0,498.1,506.65,209545,106166592.05,8090,80671.0,38.5
CAPLIPOINT,EQ,05-Sep-2018,458.2,456.6,504.0,454.6,504.0,497.35,484.75,282714,137044331.95,8684,124314.0,43.97
CAPLIPOINT,EQ,04-Sep-2018,450.6,458.8,478.0,445.45,456.6,458.2,465.4,108829,50649355.5,4484,41619.0,38.24
CAPLIPOINT,EQ,03-Sep-2018,437.8,446.9,466.7,439.0,450.6,450.6,454.74,72298,32876882.25,2613,30222.0,41.8
CAPLIPOINT,EQ,31-Aug-2018,438.15,435.1,443.95,434.05,441.0,437.8,438.72,26246,11514546.9,1129,15590.0,59.4
CAPLIPOINT,EQ,30-Aug-2018,441.25,435.1,447.7,435.0,438.35,438.15,441.4,18995,8384352.45,906,9083.0,47.82
CAPLIPOINT,EQ,29-Aug-2018,437.15,435.1,448.65,431.05,441.1,441.25,442.56,38078,16851644.25,1866,17299.0,45.43
CAPLIPOINT,EQ,28-Aug-2018,443.5,445.7,456.4,435.65,436.0,437.15,443.7,91572,40630255.4,2905,44509.0,48.61
CAPLIPOINT,EQ,27-Aug-2018,405.9,406.0,446.45,406.0,446.0,443.5,435.07,185376,80651904.5,6318,69545.0,37.52
CAPLIPOINT,EQ,24-Aug-2018,405.15,402.0,408.0,402.0,406.5,405.9,405.85,17354,7043145.9,777,11013.0,63.46
CAPLIPOINT,EQ,23-Aug-2018,402.0,402.0,409.9,394.1,405.0,405.15,405.22,44545,18050560.95,1389,24587.0,55.2
CAPLIPOINT,EQ,21-Aug-2018,398.85,401.35,408.7,395.1,403.7,402.0,401.72,42751,17173777.2,1618,21078.0,49.3
CAPLIPOINT,EQ,20-Aug-2018,399.3,399.5,404.5,397.7,398.25,398.85,401.5,21968,8820204.3,1115,14730.0,67.05
CAPLIPOINT,EQ,17-Aug-2018,404.85,409.9,409.9,396.0,402.0,399.3,402.76,32510,13093801.75,1219,16245.0,49.97
CAPLIPOINT,EQ,16-Aug-2018,404.25,409.7,413.0,398.2,402.25,404.85,407.69,52531,21416476.7,1609,28933.0,55.08
CAPLIPOINT,EQ,14-Aug-2018,395.4,400.0,407.4,398.0,403.5,404.25,402.49,38253,15396568.25,1407,24398.0,63.78
CAPLIPOINT,EQ,13-Aug-2018,398.65,398.0,404.8,390.1,396.45,395.4,396.71,35751,14182828.65,1651,20492.0,57.32
CAPLIPOINT,EQ,10-Aug-2018,401.25,401.25,410.8,390.0,397.0,398.65,398.06,165117,65726356.4,2593,133294.0,80.73
CAPLIPOINT,EQ,09-Aug-2018,399.35,404.9,412.3,399.0,400.0,401.25,402.88,29885,12040132.8,1202,15643.0,52.34
CAPLIPOINT,EQ,08-Aug-2018,408.05,399.0,410.0,382.1,400.5,399.35,396.46,215779,85547854.05,5721,112099.0,51.95
CAPLIPOINT,EQ,07-Aug-2018,453.35,432.0,435.0,408.05,408.05,408.05,414.34,238197,98694769.45,5217,131582.0,55.24
CAPLIPOINT,EQ,06-Aug-2018,472.2,483.0,495.8,448.6,448.6,453.35,478.49,298382,142772773.45,7277,96227.0,32.25
CAPLIPOINT,EQ,03-Aug-2018,450.55,458.5,473.05,456.95,473.05,472.2,469.38,74270,34860828.65,2069,31220.0,42.04
CAPLIPOINT,EQ,02-Aug-2018,450.45,452.0,459.8,440.0,456.0,450.55,451.14,16543,7463130.5,917,9512.0,57.5
CAPLIPOINT,EQ,01-Aug-2018,454.2,461.0,474.65,435.0,449.0,450.45,459.01,35592,16337150.2,1363,16418.0,46.13
CAPLIPOINT,EQ,31-Jul-2018,432.6,434.0,454.2,432.45,454.2,454.2,448.84,32354,14521847.1,1514,23323.0,72.09
CAPLIPOINT,EQ,30-Jul-2018,429.4,448.0,448.0,429.4,432.0,432.6,438.36,16848,7385506.2,785,10264.0,60.92
CAPLIPOINT,EQ,27-Jul-2018,435.4,435.4,435.45,427.0,430.0,429.4,430.83,8806,3793897.55,462,5381.0,61.11
CAPLIPOINT,EQ,26-Jul-2018,440.05,462.05,462.05,431.05,436.05,435.4,448.44,44995,20177469.95,1714,21393.0,47.55
CAPLIPOINT,EQ,25-Jul-2018,419.1,426.5,440.05,426.35,440.05,440.05,438.19,48396,21206869.4,751,26712.0,55.19
CAPLIPOINT,EQ,24-Jul-2018,399.15,405.0,419.1,395.25,419.1,419.1,415.91,54367,22611945.7,1219,32417.0,59.63
CAPLIPOINT,EQ,23-Jul-2018,389.3,383.25,400.95,383.25,397.7,399.15,394.69,20303,8013448.55,1228,11847.0,58.35
CAPLIPOINT,EQ,20-Jul-2018,386.7,386.0,392.55,381.95,388.5,389.3,387.47,20802,8060250.55,865,10618.0,51.04
CAPLIPOINT,EQ,19-Jul-2018,379.55,383.9,389.85,367.55,389.0,386.7,379.39,26702,10130591.1,1184,15686.0,58.74
CAPLIPOINT,EQ,18-Jul-2018,392.4,390.1,397.4,374.0,377.1,379.55,386.94,18176,7032936.2,894,10896.0,59.95
CAPLIPOINT,EQ,17-Jul-2018,391.1,385.1,399.1,385.1,394.6,392.4,392.38,13621,5344587.7,718,7587.0,55.7
CAPLIPOINT,EQ,16-Jul-2018,399.05,405.95,405.95,387.35,397.9,391.1,395.08,18094,7148558.7,590,11999.0,66.31
CAPLIPOINT,EQ,13-Jul-2018,398.95,398.95,406.95,391.0,400.05,399.05,398.19,23900,9516669.55,1083,13784.0,57.67
CAPLIPOINT,EQ,12-Jul-2018,402.1,402.1,408.85,395.0,399.75,398.95,401.17,27609,11075966.95,1249,13059.0,47.3
CAPLIPOINT,EQ,11-Jul-2018,405.95,405.95,409.45,395.1,402.0,402.1,402.23,25926,10428244.25,1426,12652.0,48.8
CAPLIPOINT,EQ,10-Jul-2018,414.45,413.0,415.0,402.2,407.0,405.95,408.33,28766,11746000.05,1004,15894.0,55.25
CAPLIPOINT,EQ,09-Jul-2018,400.75,400.75,420.75,400.75,412.2,414.45,417.96,87266,36473882.0,2123,30720.0,35.2
CAPLIPOINT,EQ,06-Jul-2018,400.15,405.0,409.9,398.75,399.25,400.75,401.67,15577,6256791.65,684,9419.0,60.47
CAPLIPOINT,EQ,05-Jul-2018,398.5,398.0,410.0,396.0,400.0,400.15,401.39,23045,9250040.65,938,15166.0,65.81
CAPLIPOINT,EQ,04-Jul-2018,409.85,407.0,412.0,393.55,398.95,398.5,398.91,51792,20660271.2,2694,30320.0,58.54
CAPLIPOINT,EQ,03-Jul-2018,419.1,427.0,427.0,408.0,410.0,409.85,413.3,23058,9529837.75,1174,14080.0,61.06
CAPLIPOINT,EQ,02-Jul-2018,428.1,435.0,435.0,416.1,420.8,419.1,421.7,19339,8155219.85,947,11281.0,58.33
CAPLIPOINT,EQ,29-Jun-2018,422.05,417.1,434.75,417.1,429.1,428.1,428.85,19917,8541348.15,927,9183.0,46.11
CAPLIPOINT,EQ,28-Jun-2018,420.25,421.0,425.0,418.05,421.2,422.05,420.85,22644,9529647.5,891,14018.0,61.91
CAPLIPOINT,EQ,27-Jun-2018,427.5,423.0,434.0,410.55,420.9,420.25,418.66,181987,76190321.9,1835,107693.0,59.18
CAPLIPOINT,EQ,26-Jun-2018,433.5,424.0,433.9,411.9,428.95,427.5,424.67,121206,51472155.8,1468,107337.0,88.56
CAPLIPOINT,EQ,25-Jun-2018,443.1,443.1,449.4,432.0,434.0,433.5,439.22,44265,19441988.35,1431,26085.0,58.93
CAPLIPOINT,EQ,22-Jun-2018,437.0,437.1,445.9,437.0,440.15,443.1,441.38,62477,27576313.55,2147,42346.0,67.78
CAPLIPOINT,EQ,21-Jun-2018,453.5,452.8,452.8,433.4,440.6,437.0,440.45,35933,15826568.6,2152,21382.0,59.51
CAPLIPOINT,EQ,20-Jun-2018,439.15,434.3,461.1,432.1,442.0,453.5,449.69,103353,46476728.9,4118,43385.0,41.98
CAPLIPOINT,EQ,19-Jun-2018,461.4,460.0,468.75,438.35,438.35,439.15,445.57,85906,38276861.65,3097,40431.0,47.06
CAPLIPOINT,EQ,18-Jun-2018,468.0,470.0,470.05,460.0,462.9,461.4,464.06,26093,12108700.65,1859,14313.0,54.85
CAPLIPOINT,EQ,15-Jun-2018,476.7,477.0,485.0,464.0,468.0,468.0,470.61,34210,16099633.05,1539,15713.0,45.93
CAPLIPOINT,EQ,14-Jun-2018,463.95,465.0,485.0,455.3,474.5,476.7,479.92,90618,43489098.8,2763,29100.0,32.11
CAPLIPOINT,EQ,13-Jun-2018,474.5,479.5,485.0,460.0,466.0,463.95,471.32,46283,21814038.05,1876,18745.0,40.5
CAPLIPOINT,EQ,12-Jun-2018,484.85,487.0,487.0,451.6,471.9,474.5,471.72,103628,48883024.75,4018,28761.0,27.75
CAPLIPOINT,EQ,11-Jun-2018,480.0,510.0,523.0,461.1,489.95,484.85,496.0,317509,157484489.75,11005,89986.0,28.34
CAPLIPOINT,EQ,08-Jun-2018,436.4,449.9,480.0,446.0,480.0,480.0,471.79,176788,83407278.75,3888,71391.0,40.38
CAPLIPOINT,EQ,07-Jun-2018,396.75,419.0,436.4,415.0,436.4,436.4,432.18,119944,51837209.95,2311,51069.0,42.58
CAPLIPOINT,EQ,06-Jun-2018,360.7,351.0,396.75,336.05,396.75,396.75,371.55,423145,157218986.55,11861,140967.0,33.31
CAPLIPOINT,EQ,05-Jun-2018,400.4,395.5,399.9,360.4,360.4,360.7,380.99,245145,93396825.35,5758,99211.0,40.47
CAPLIPOINT,EQ,04-Jun-2018,429.5,437.65,448.75,395.2,405.0,400.4,407.58,245206,99941074.5,7519,92762.0,37.83
CAPLIPOINT,EQ,01-Jun-2018,501.4,508.0,508.0,420.55,429.9,429.5,448.7,348289,156278838.5,10946,138967.0,39.9
CAPLIPOINT,EQ,31-May-2018,503.0,503.25,515.0,496.8,501.25,501.4,504.6,48507,24476804.1,2147,23319.0,48.07
CAPLIPOINT,EQ,30-May-2018,537.4,526.35,530.0,494.65,499.0,503.0,511.88,228460,116943333.95,6727,114644.0,50.18
CAPLIPOINT,EQ,29-May-2018,595.25,590.0,595.25,511.1,534.0,537.4,542.96,452596,245741088.15,10187,212244.0,46.89
CAPLIPOINT,EQ,28-May-2018,593.15,590.35,613.0,585.25,587.3,595.25,599.81,38392,23027912.65,2829,21054.0,54.84
CAPLIPOINT,EQ,25-May-2018,569.25,570.2,599.9,562.5,593.0,593.15,583.79,29362,17141325.0,2680,17491.0,59.57
CAPLIPOINT,EQ,24-May-2018,574.0,573.95,579.45,567.5,573.0,569.25,571.12,18651,10652032.8,1357,15212.0,81.56
CAPLIPOINT,EQ,23-May-2018,572.15,572.05,578.45,570.75,573.95,574.0,574.8,21885,12579412.05,1141,17701.0,80.88
CAPLIPOINT,EQ,22-May-2018,575.15,574.05,576.55,563.65,571.5,572.15,568.81,18125,10309701.6,1206,11232.0,61.97
CAPLIPOINT,EQ,21-May-2018,580.9,580.6,584.9,573.2,574.5,575.15,577.66,11109,6417208.1,755,8397.0,75.59
CAPLIPOINT,EQ,18-May-2018,581.5,584.95,588.0,575.0,583.1,580.9,579.81,15577,9031668.6,840,11623.0,74.62
CAPLIPOINT,EQ,17-May-2018,574.6,579.2,586.6,577.9,582.9,581.5,582.26,11468,6677303.6,1377,6653.0,58.01
CAPLIPOINT,EQ,16-May-2018,578.15,580.25,585.4,571.3,577.05,574.6,576.07,13967,8045951.3,2280,8684.0,62.18
CAPLIPOINT,EQ,15-May-2018,582.8,584.3,591.9,573.0,579.1,578.15,580.85,22514,13077311.35,1054,12004.0,53.32
CAPLIPOINT,EQ,14-May-2018,580.0,580.0,587.8,580.0,582.85,582.8,583.22,11492,6702419.85,742,6444.0,56.07
CAPLIPOINT,EQ,11-May-2018,577.75,575.0,585.95,575.0,580.0,580.0,580.44,11371,6600157.1,1007,7479.0,65.77
CAPLIPOINT,EQ,10-May-2018,585.25,586.7,588.7,576.0,579.0,577.75,579.57,21691,12571549.55,817,14019.0,64.63
CAPLIPOINT,EQ,09-May-2018,581.95,581.2,593.6,579.35,588.75,585.25,585.35,12816,7501784.95,819,6600.0,51.5
CAPLIPOINT,EQ,08-May-2018,595.05,598.45,598.45,578.05,583.0,581.95,582.88,50413,29384727.75,2178,36964.0,73.32
CAPLIPOINT,EQ,07-May-2018,590.8,590.05,599.2,590.05,594.05,595.05,596.62,14233,8491690.0,943,8002.0,56.22
CAPLIPOINT,EQ,04-May-2018,593.55,595.0,599.9,589.0,592.0,590.8,591.51,11028,6523212.1,872,7043.0,63.86
CAPLIPOINT,EQ,03-May-2018,602.3,596.0,609.0,576.2,592.05,593.55,586.22,67964,39841738.9,3300,29083.0,42.79
CAPLIPOINT,EQ,02-May-2018,599.1,619.95,619.95,598.95,601.1,602.3,606.08,25461,15431441.95,1529,14561.0,57.19
CAPLIPOINT,EQ,30-Apr-2018,598.65,600.75,604.45,594.25,598.15,599.1,599.5,13512,8100430.0,625,8814.0,65.23
CAPLIPOINT,EQ,27-Apr-2018,606.75,603.4,612.7,591.0,600.0,598.65,600.41,32349,19422817.75,1581,22853.0,70.65
CAPLIPOINT,EQ,26-Apr-2018,597.95,598.0,614.5,598.0,605.0,606.75,607.77,16487,10020325.8,2077,8286.0,50.26
CAPLIPOINT,EQ,25-Apr-2018,600.4,597.05,619.95,589.35,600.2,597.95,604.95,65330,39521305.85,3850,35293.0,54.02
CAPLIPOINT,EQ,24-Apr-2018,600.05,600.0,608.9,600.0,600.1,600.4,601.23,11374,6838381.8,562,5737.0,50.44
CAPLIPOINT,EQ,23-Apr-2018,594.65,600.05,607.0,597.05,600.0,600.05,601.1,12030,7231176.85,771,6667.0,55.42
CAPLIPOINT,EQ,20-Apr-2018,593.55,594.0,600.5,588.35,600.0,594.65,594.96,14677,8732194.4,864,9857.0,67.16
CAPLIPOINT,EQ,19-Apr-2018,598.4,602.9,603.85,590.0,592.4,593.55,594.2,19651,11676641.6,740,14891.0,75.78
CAPLIPOINT,EQ,18-Apr-2018,600.05,603.9,604.5,596.5,597.5,598.4,598.68,13349,7991836.05,531,10035.0,75.17
CAPLIPOINT,EQ,17-Apr-2018,591.9,591.0,604.85,591.0,604.0,600.05,599.02,13036,7808808.05,736,7569.0,58.06
CAPLIPOINT,EQ,16-Apr-2018,597.15,597.75,599.95,588.05,596.0,591.9,594.55,11511,6843858.75,906,6534.0,56.76
CAPLIPOINT,EQ,13-Apr-2018,595.6,604.9,604.9,591.8,597.35,597.15,597.4,27463,16406417.85,978,21549.0,78.47
CAPLIPOINT,EQ,12-Apr-2018,581.85,586.9,604.85,584.3,596.0,595.6,595.66,41938,24980939.15,1937,28283.0,67.44
CAPLIPOINT,EQ,11-Apr-2018,604.55,601.25,605.0,575.0,586.95,581.85,587.56,37177,21843605.1,1021,21748.0,58.5
CAPLIPOINT,EQ,10-Apr-2018,605.25,606.05,608.6,603.05,605.0,604.55,604.93,7458,4511562.45,597,5009.0,67.16
CAPLIPOINT,EQ,09-Apr-2018,604.85,591.4,609.0,591.4,606.0,605.25,602.22,12946,7796367.6,916,6200.0,47.89
CAPLIPOINT,EQ,06-Apr-2018,604.9,601.15,623.0,596.0,603.65,604.85,604.8,61237,37036105.3,2412,20466.0,33.42
CAPLIPOINT,EQ,05-Apr-2018,600.4,603.2,613.0,601.0,606.0,604.9,606.1,12143,7359892.35,735,5962.0,49.1
CAPLIPOINT,EQ,04-Apr-2018,590.15,599.0,616.0,594.05,603.2,600.4,607.18,33671,20444272.45,1576,15357.0,45.61
CAPLIPOINT,EQ,03-Apr-2018,589.0,591.0,597.9,580.0,591.0,590.15,589.11,14135,8327098.7,1478,5509.0,38.97
CAPLIPOINT,EQ,02-Apr-2018,569.55,574.8,597.0,565.0,591.0,589.0,583.38,53320,31105595.05,2421,27393.0,51.37
CAPLIPOINT,EQ,28-Mar-2018,576.5,570.0,583.0,540.0,561.2,569.55,570.64,24302,13867721.2,1483,12197.0,50.19
CAPLIPOINT,EQ,27-Mar-2018,539.75,550.0,589.0,545.05,575.0,576.5,569.11,74768,42551331.55,4054,34079.0,45.58
CAPLIPOINT,EQ,26-Mar-2018,557.5,556.3,556.3,534.0,536.0,539.75,541.04,41464,22433518.2,2331,29340.0,70.76
CAPLIPOINT,EQ,23-Mar-2018,569.3,551.5,564.95,543.3,556.3,557.5,554.52,29096,16134207.6,1683,18484.0,63.53
CAPLIPOINT,EQ,22-Mar-2018,568.45,574.95,576.55,564.05,567.0,569.3,569.34,19224,10944998.7,1044,10023.0,52.14
CAPLIPOINT,EQ,21-Mar-2018,571.8,575.05,580.0,563.7,570.0,568.45,571.69,38245,21864424.1,1550,28067.0,73.39
CAPLIPOINT,EQ,20-Mar-2018,573.45,579.95,589.9,567.05,573.0,571.8,575.47,46655,26848777.4,1814,33852.0,72.56
CAPLIPOINT,EQ,19-Mar-2018,594.65,596.0,599.3,564.05,574.0,573.45,576.91,47713,27525953.5,2393,36172.0,75.81
CAPLIPOINT,EQ,16-Mar-2018,606.4,610.0,615.95,585.55,589.0,594.65,605.25,40677,24619679.25,1550,26128.0,64.23
CAPLIPOINT,EQ,15-Mar-2018,600.6,592.05,610.0,592.05,610.0,606.4,602.67,28200,16995160.15,1123,18832.0,66.78
CAPLIPOINT,EQ,14-Mar-2018,600.1,600.1,608.45,597.55,600.05,600.6,601.81,12805,7706232.2,596,7463.0,58.28
CAPLIPOINT,EQ,13-Mar-2018,598.25,598.7,608.5,598.35,604.0,600.1,601.51,26432,15899188.15,1134,17632.0,66.71
CAPLIPOINT,EQ,12-Mar-2018,606.45,612.0,612.05,595.05,598.8,598.25,600.21,39660,23804311.95,1061,30764.0,77.57
CAPLIPOINT,EQ,09-Mar-2018,599.4,599.4,612.95,599.4,609.0,606.45,606.63,18774,11388891.35,1109,11891.0,63.34
CAPLIPOINT,EQ,08-Mar-2018,601.2,595.0,608.95,594.25,599.0,599.4,599.94,20050,12028706.6,1688,12459.0,62.14
CAPLIPOINT,EQ,07-Mar-2018,621.25,618.25,621.0,594.65,602.9,601.2,606.27,28812,17467795.5,1579,16501.0,57.27
CAPLIPOINT,EQ,06-Mar-2018,619.15,621.5,629.0,612.2,620.5,621.25,620.6,43512,27003756.35,1644,26214.0,60.25
CAPLIPOINT,EQ,05-Mar-2018,585.55,598.5,630.85,589.0,618.1,619.15,607.07,111768,67851547.3,4437,62092.0,55.55
CAPLIPOINT,EQ,01-Mar-2018,588.8,585.0,595.0,578.0,581.5,585.55,588.41,18254,10740912.55,1378,12730.0,69.74
CAPLIPOINT,EQ,28-Feb-2018,600.85,598.0,598.55,587.05,587.9,588.8,590.53,18812,11109005.6,1152,14295.0,75.99
CAPLIPOINT,EQ,27-Feb-2018,606.65,607.0,612.0,599.0,599.0,600.85,604.49,42700,25811737.15,1773,33830.0,79.23
CAPLIPOINT,EQ,26-Feb-2018,612.7,618.55,618.55,597.0,605.85,606.65,607.55,33608,20418583.05,3267,17070.0,50.79
CAPLIPOINT,EQ,23-Feb-2018,586.45,598.0,622.3,585.05,612.0,612.7,602.54,35025,21103908.15,3981,18025.0,51.46
CAPLIPOINT,EQ,22-Feb-2018,600.35,599.0,599.0,583.05,590.0,586.45,589.51,33322,19643688.05,2020,21842.0,65.55
CAPLIPOINT,EQ,21-Feb-2018,608.75,606.05,611.0,598.3,599.85,600.35,602.33,27278,16430241.2,1214,15218.0,55.79
CAPLIPOINT,EQ,20-Feb-2018,624.4,627.5,629.5,607.05,607.5,608.75,612.61,31005,18993860.45,1347,20555.0,66.3
CAPLIPOINT,EQ,19-Feb-2018,649.05,651.0,651.0,618.05,627.5,624.4,627.64,24964,15668394.65,1335,14745.0,59.07
CAPLIPOINT,EQ,16-Feb-2018,660.95,664.9,665.0,640.0,649.15,649.05,649.51,27536,17884844.15,2012,14156.0,51.41
CAPLIPOINT,EQ,15-Feb-2018,657.7,660.4,665.0,651.0,660.5,660.95,660.33,87094,57510959.25,6097,59032.0,67.78
CAPLIPOINT,EQ,14-Feb-2018,615.7,625.0,671.0,615.25,660.0,657.7,653.65,184473,120581480.25,8319,91880.0,49.81
CAPLIPOINT,EQ,12-Feb-2018,603.25,624.0,624.0,610.15,617.0,615.7,614.06,39717,24388547.9,3449,30055.0,75.67
CAPLIPOINT,EQ,09-Feb-2018,618.9,583.0,612.0,583.0,605.0,603.25,604.17,57667,34840887.45,3588,35856.0,62.18
CAPLIPOINT,EQ,08-Feb-2018,590.15,629.7,629.7,604.55,619.0,618.9,616.18,62835,38717448.35,4091,37091.0,59.03
CAPLIPOINT,EQ,07-Feb-2018,558.4,582.9,610.0,565.0,595.0,590.15,583.66,84459,49295128.55,3013,33418.0,39.57
CAPLIPOINT,EQ,06-Feb-2018,579.75,563.8,572.05,521.5,560.0,558.4,558.27,38623,21561951.2,1938,21234.0,54.98
CAPLIPOINT,EQ,05-Feb-2018,589.2,585.0,587.25,551.5,578.0,579.75,576.84,39415,22736162.25,2270,21249.0,53.91
CAPLIPOINT,EQ,02-Feb-2018,571.8,580.0,618.0,564.0,592.0,589.2,591.1,113245,66938860.75,6973,52822.0,46.64
CAPLIPOINT,EQ,01-Feb-2018,589.85,599.0,601.0,555.0,583.4,571.8,576.71,84636,48810227.05,3615,49783.0,58.82
CAPLIPOINT,EQ,31-Jan-2018,621.55,624.0,629.0,584.0,588.9,589.85,603.41,78567,47408212.4,3364,57673.0,73.41
CAPLIPOINT,EQ,30-Jan-2018,635.95,625.2,634.3,620.35,623.9,621.55,626.3,20306,12717609.7,1087,14383.0,70.83
CAPLIPOINT,EQ,29-Jan-2018,648.45,649.0,665.85,632.0,634.6,635.95,644.12,32137,20700037.4,1931,17926.0,55.78
CAPLIPOINT,EQ,25-Jan-2018,613.95,624.9,672.8,615.05,652.0,648.45,652.92,167130,109122679.35,7082,56007.0,33.51
CAPLIPOINT,EQ,24-Jan-2018,622.3,623.0,623.1,610.05,612.0,613.95,615.6,23126,14236327.9,3283,15711.0,67.94
CAPLIPOINT,EQ,23-Jan-2018,621.75,623.75,628.65,619.4,622.95,622.3,622.66,27890,17365917.3,1309,15551.0,55.76
CAPLIPOINT,EQ,22-Jan-2018,621.05,621.0,635.0,620.05,624.95,621.75,625.06,31549,19719992.65,1271,21178.0,67.13
CAPLIPOINT,EQ,19-Jan-2018,627.45,627.5,648.0,618.0,620.05,621.05,628.02,49906,31341826.95,2738,26109.0,52.32
CAPLIPOINT,EQ,18-Jan-2018,636.15,649.95,649.95,625.1,625.5,627.45,632.12,55383,35008817.55,1821,26074.0,47.08
CAPLIPOINT,EQ,17-Jan-2018,651.75,642.0,650.0,621.6,634.0,636.15,634.44,79855,50663319.4,2524,43991.0,55.09
CAPLIPOINT,EQ,16-Jan-2018,664.95,665.0,667.0,648.0,650.8,651.75,655.7,29617,19420000.45,1861,21700.0,73.27
CAPLIPOINT,EQ,15-Jan-2018,662.9,674.8,676.0,662.9,667.0,664.95,667.62,25211,16831405.3,1291,14776.0,58.61
CAPLIPOINT,EQ,12-Jan-2018,657.45,661.9,672.2,655.1,663.15,662.9,664.47,33728,22411226.5,1935,17908.0,53.1
CAPLIPOINT,EQ,11-Jan-2018,660.6,660.0,671.8,652.85,658.0,657.45,659.91,34806,22968897.8,2024,15455.0,44.4
CAPLIPOINT,EQ,10-Jan-2018,656.35,655.25,689.9,650.0,660.0,660.6,671.2,99979,67105718.3,3663,36040.0,36.05
CAPLIPOINT,EQ,09-Jan-2018,670.0,673.95,673.95,654.9,655.0,656.35,660.56,29809,19690576.75,1500,17969.0,60.28
CAPLIPOINT,EQ,08-Jan-2018,670.05,674.7,680.0,665.0,666.35,670.0,672.35,41787,28095626.1,1774,24262.0,58.06
CAPLIPOINT,EQ,05-Jan-2018,676.95,677.0,692.0,663.0,666.1,670.05,677.19,79401,53769929.8,3373,45103.0,56.8
CAPLIPOINT,EQ,04-Jan-2018,632.4,634.9,685.0,625.85,676.65,676.95,661.15,161348,106675825.6,6427,66998.0,41.52
CAPLIPOINT,EQ,03-Jan-2018,631.95,631.95,637.0,630.0,630.6,632.4,633.74,26676,16905634.8,1077,18135.0,67.98
CAPLIPOINT,EQ,02-Jan-2018,634.0,638.5,638.5,621.5,631.5,631.95,631.37,20191,12748020.3,1085,12623.0,62.52
CAPLIPOINT,EQ,01-Jan-2018,631.45,634.4,638.95,630.45,633.0,634.0,634.22,18586,11787661.45,984,11314.0,60.87
CAPLIPOINT,EQ,27-Dec-2019,302.05,302.0,307.3,301.5,303.0,303.6,304.02,27436,8340978.1,832,16468.0,60.02
CAPLIPOINT,EQ,26-Dec-2019,302.45,304.95,310.5,300.45,301.5,302.05,304.89,50876,15511754.55,1843,28510.0,56.04
CAPLIPOINT,EQ,24-Dec-2019,310.5,312.75,312.75,298.4,302.0,302.45,302.96,67909,20574024.3,2966,43635.0,64.26
CAPLIPOINT,EQ,23-Dec-2019,313.2,315.0,316.4,308.1,310.5,310.5,311.38,31754,9887656.85,1022,21465.0,67.60
CAPLIPOINT,EQ,20-Dec-2019,309.85,309.5,316.0,307.75,314.45,313.2,312.89,35064,10971214.45,1312,19129.0,54.55
CAPLIPOINT,EQ,19-Dec-2019,308.65,305.65,318.0,305.65,309.1,309.85,311.62,30915,9633802.25,1210,15422.0,49.89
CAPLIPOINT,EQ,18-Dec-2019,308.8,304.0,313.45,304.0,308.5,308.65,308.88,31052,9591253.75,1201,14785.0,47.61
CAPLIPOINT,EQ,17-Dec-2019,314.5,316.0,316.95,305.25,306.0,308.8,311.52,33728,10506917.1,1677,21330.0,63.24
CAPLIPOINT,EQ,16-Dec-2019,306.55,309.8,316.9,305.0,315.0,314.5,312.96,83901,26257898.85,5400,48681.0,58.02
CAPLIPOINT,EQ,13-Dec-2019,296.9,300.0,308.9,300.0,307.0,306.55,305.4,91349,27898054.25,6343,49329.0,54.00
CAPLIPOINT,EQ,12-Dec-2019,288.25,290.0,299.0,280.1,296.0,296.9,291.39,98214,28619011.0,7524,51447.0,52.38
CAPLIPOINT,EQ,11-Dec-2019,299.55,300.0,304.6,285.05,285.2,288.25,295.04,82351,24296867.25,4382,51508.0,62.55
CAPLIPOINT,EQ,10-Dec-2019,309.45,311.75,311.75,296.1,300.0,299.55,304.4,67287,20481836.6,2679,43717.0,64.97
CAPLIPOINT,EQ,09-Dec-2019,310.2,313.9,317.55,308.1,308.25,309.45,310.57,77371,24028761.75,3047,55924.0,72.28
CAPLIPOINT,EQ,06-Dec-2019,310.15,311.1,314.5,308.0,310.1,310.2,310.27,83544,25920934.65,4024,63012.0,75.42
CAPLIPOINT,EQ,05-Dec-2019,316.6,319.0,324.65,308.5,310.0,310.15,314.99,125526,39539240.5,4126,73030.0,58.18
CAPLIPOINT,EQ,04-Dec-2019,310.55,311.6,318.0,310.45,316.6,316.6,315.46,57766,18222916.85,2674,24106.0,41.73
CAPLIPOINT,EQ,03-Dec-2019,316.85,316.85,321.9,307.0,311.5,310.55,313.11,170616,53422164.55,4255,56227.0,32.96
CAPLIPOINT,EQ,02-Dec-2019,314.0,315.0,323.0,312.0,317.0,316.85,317.14,42804,13574933.15,2372,20991.0,49.04
CAPLIPOINT,EQ,29-Nov-2019,317.8,319.9,326.7,309.5,313.4,314.0,314.57,106649,33549043.15,3780,43500.0,40.79
CAPLIPOINT,EQ,28-Nov-2019,318.75,319.95,323.3,315.95,318.75,317.8,318.03,41580,13223675.65,1528,25724.0,61.87
CAPLIPOINT,EQ,27-Nov-2019,331.7,332.0,334.95,314.0,317.0,318.75,319.62,122189,39054082.15,4431,61577.0,50.39
CAPLIPOINT,EQ,26-Nov-2019,326.95,331.9,332.95,325.0,331.8,331.7,330.03,68017,22447626.35,4309,37620.0,55.31
CAPLIPOINT,EQ,25-Nov-2019,323.7,326.3,331.55,320.0,326.0,326.95,324.88,65705,21346096.5,3045,24648.0,37.51
CAPLIPOINT,EQ,22-Nov-2019,306.6,312.2,335.9,312.0,324.8,323.7,326.19,367758,119959586.15,15019,107527.0,29.24
CAPLIPOINT,EQ,21-Nov-2019,343.15,340.15,349.55,295.0,309.0,306.6,312.07,535487,167110707.0,16304,310209.0,57.93
CAPLIPOINT,EQ,20-Nov-2019,346.85,353.5,353.75,340.0,342.0,343.15,346.39,67374,23337604.1,3102,37414.0,55.53
CAPLIPOINT,EQ,19-Nov-2019,354.35,355.0,363.55,343.05,346.0,346.85,351.28,81411,28598041.3,5328,44648.0,54.84
CAPLIPOINT,EQ,18-Nov-2019,370.1,371.0,373.95,340.6,354.35,354.35,355.63,124667,44335575.95,7254,81865.0,65.67
CAPLIPOINT,EQ,15-Nov-2019,379.35,380.0,382.65,368.5,369.1,370.1,373.08,55370,20657479.95,3189,33424.0,60.36
CAPLIPOINT,EQ,14-Nov-2019,377.6,380.0,383.5,371.5,379.9,379.35,378.77,57351,21722736.4,2604,39131.0,68.23
CAPLIPOINT,EQ,13-Nov-2019,383.8,385.0,390.75,375.0,378.0,377.6,379.96,65503,24888633.95,2547,47035.0,71.81
CAPLIPOINT,EQ,11-Nov-2019,375.1,376.0,390.0,375.5,384.05,383.8,384.19,53833,20682194.5,4243,28875.0,53.64
CAPLIPOINT,EQ,08-Nov-2019,392.5,392.05,394.8,368.0,375.05,375.1,374.61,169241,63398954.0,5734,88746.0,52.44
CAPLIPOINT,EQ,07-Nov-2019,392.0,392.5,398.5,390.0,392.7,392.5,393.37,35170,13834804.15,2020,21822.0,62.05
CAPLIPOINT,EQ,06-Nov-2019,386.95,386.0,397.95,386.0,390.5,392.0,391.87,38943,15260414.2,3474,24663.0,63.33
CAPLIPOINT,EQ,05-Nov-2019,407.4,414.0,414.0,385.0,387.0,386.95,392.31,70698,27735549.85,3235,50409.0,71.30
CAPLIPOINT,EQ,04-Nov-2019,416.2,420.0,422.5,405.3,408.85,407.4,412.26,36829,15183165.95,1720,21918.0,59.51
CAPLIPOINT,EQ,01-Nov-2019,429.5,432.95,439.0,415.0,415.7,416.2,427.03,65702,28056719.95,3239,37514.0,57.10
CAPLIPOINT,EQ,31-Oct-2019,396.05,400.0,432.9,400.0,432.0,429.5,423.29,183314,77595675.25,6060,109617.0,59.80
CAPLIPOINT,EQ,30-Oct-2019,387.15,393.9,409.4,388.4,396.9,396.05,397.38,241693,96043107.7,9342,64386.0,26.64
CAPLIPOINT,EQ,29-Oct-2019,378.5,378.0,397.5,373.5,387.0,387.15,389.65,64542,25148872.1,3087,39364.0,60.99
CAPLIPOINT,EQ,27-Oct-2019,375.75,376.25,383.75,371.25,375.2,378.5,378.09,7024,2655700.7,443,4619.0,65.76
CAPLIPOINT,EQ,25-Oct-2019,376.05,376.05,381.95,370.0,378.9,375.75,373.84,22697,8485046.8,1795,14688.0,64.71
CAPLIPOINT,EQ,24-Oct-2019,382.95,386.0,386.0,375.0,377.5,376.05,379.45,27508,10437983.05,1281,22214.0,80.75
CAPLIPOINT,EQ,23-Oct-2019,387.75,387.75,392.0,381.6,383.5,382.95,386.35,17860,6900207.35,1168,14258.0,79.83
CAPLIPOINT,EQ,22-Oct-2019,396.85,399.9,399.95,386.0,387.9,387.75,390.26,27400,10693247.35,2071,22293.0,81.36
CAPLIPOINT,EQ,18-Oct-2019,394.45,394.0,402.9,394.0,397.9,396.85,398.52,15858,6319786.0,820,10349.0,65.26
CAPLIPOINT,EQ,17-Oct-2019,403.75,403.75,403.75,393.2,394.0,394.45,396.75,18418,7307405.1,1296,14994.0,81.41
CAPLIPOINT,EQ,16-Oct-2019,398.4,398.4,412.3,398.0,402.85,403.75,405.59,12535,5084084.35,849,7476.0,59.64
CAPLIPOINT,EQ,15-Oct-2019,402.05,402.05,403.3,395.0,398.75,398.4,399.39,13353,5332999.55,659,6916.0,51.79
CAPLIPOINT,EQ,14-Oct-2019,399.7,400.0,405.0,396.0,403.0,402.05,400.53,10873,4354929.65,671,7026.0,64.62
CAPLIPOINT,EQ,11-Oct-2019,404.9,403.75,418.0,398.0,399.0,399.7,401.63,19599,7871557.9,1235,12111.0,61.79
CAPLIPOINT,EQ,10-Oct-2019,397.85,397.5,408.0,392.6,404.5,404.9,402.42,18675,7515253.35,1004,10853.0,58.12
CAPLIPOINT,EQ,09-Oct-2019,392.15,396.9,400.0,390.05,397.0,397.85,394.9,12253,4838695.75,831,7784.0,63.53
CAPLIPOINT,EQ,07-Oct-2019,409.9,408.3,414.8,390.0,392.0,392.15,398.39,36117,14388526.05,1854,23214.0,64.27
CAPLIPOINT,EQ,04-Oct-2019,413.1,418.5,418.5,408.0,409.15,409.9,411.64,23588,9709751.75,1020,16745.0,70.99
CAPLIPOINT,EQ,03-Oct-2019,418.35,420.15,422.0,410.0,413.0,413.1,414.08,20550,8509254.55,912,12563.0,61.13
CAPLIPOINT,EQ,01-Oct-2019,424.2,429.9,430.0,416.5,421.65,418.35,423.62,20826,8822286.05,860,13121.0,63.00
CAPLIPOINT,EQ,30-Sep-2019,425.85,427.0,429.9,422.05,423.0,424.2,425.98,17446,7431631.7,875,12532.0,71.83
CAPLIPOINT,EQ,27-Sep-2019,432.9,434.95,435.0,420.25,427.9,425.85,428.49,13495,5782538.9,774,7563.0,56.04
CAPLIPOINT,EQ,26-Sep-2019,423.1,419.2,439.9,419.2,431.0,432.9,432.98,29030,12569360.95,1785,19418.0,66.89
CAPLIPOINT,EQ,25-Sep-2019,422.15,422.0,427.85,418.6,421.0,423.1,423.25,12363,5232685.7,690,8691.0,70.30
CAPLIPOINT,EQ,24-Sep-2019,428.2,426.65,429.8,418.0,423.45,422.15,425.06,17521,7447429.9,682,11594.0,66.17
CAPLIPOINT,EQ,23-Sep-2019,422.15,421.0,432.5,421.0,428.0,428.2,428.07,29792,12753058.5,895,21066.0,70.71
CAPLIPOINT,EQ,20-Sep-2019,429.35,424.5,434.95,420.0,422.0,422.15,426.81,34442,14700159.7,1478,19939.0,57.89
CAPLIPOINT,EQ,19-Sep-2019,425.75,422.0,434.85,420.0,427.1,429.35,424.62,22783,9674008.05,933,13260.0,58.20
CAPLIPOINT,EQ,18-Sep-2019,423.5,423.5,431.0,420.15,424.0,425.75,425.62,8950,3809268.3,594,5057.0,56.50
CAPLIPOINT,EQ,17-Sep-2019,426.8,425.0,433.7,418.25,420.0,423.5,426.57,18802,8020278.95,828,14000.0,74.46
CAPLIPOINT,EQ,16-Sep-2019,435.45,433.0,437.8,424.0,425.0,426.8,428.06,17160,7345523.6,977,10843.0,63.19
CAPLIPOINT,EQ,13-Sep-2019,442.0,448.35,448.35,432.0,435.0,435.45,437.71,9835,4304915.65,684,6102.0,62.04
CAPLIPOINT,EQ,12-Sep-2019,436.05,432.9,447.0,432.9,445.0,442.0,443.27,64204,28459881.05,2535,23879.0,37.19
CAPLIPOINT,EQ,11-Sep-2019,421.1,428.0,449.8,421.1,435.0,436.05,434.38,41902,18201304.35,1538,23849.0,56.92
CAPLIPOINT,EQ,09-Sep-2019,425.45,420.0,426.7,416.0,422.0,421.1,421.62,16070,6775381.15,756,10709.0,66.64
CAPLIPOINT,EQ,06-Sep-2019,417.1,417.1,434.5,417.1,423.7,425.45,428.75,39312,16854840.5,1999,12581.0,32.00
CAPLIPOINT,EQ,05-Sep-2019,418.5,420.0,423.9,414.9,419.75,417.1,418.86,7579,3174538.1,541,4623.0,61.00
CAPLIPOINT,EQ,04-Sep-2019,424.1,424.05,429.9,416.1,418.2,418.5,420.79,10042,4225546.25,736,5997.0,59.72
CAPLIPOINT,EQ,03-Sep-2019,427.35,427.0,430.5,414.55,417.0,424.1,424.47,17302,7344126.45,929,13321.0,76.99
CAPLIPOINT,EQ,30-Aug-2019,414.0,416.35,433.0,410.05,427.0,427.35,422.26,24746,10449260.1,1448,15721.0,63.53
CAPLIPOINT,EQ,29-Aug-2019,413.8,410.0,417.2,410.0,413.0,414.0,414.41,11365,4709816.4,612,6318.0,55.59
CAPLIPOINT,EQ,28-Aug-2019,419.05,416.0,428.3,412.1,415.7,413.8,419.61,23741,9961993.8,1584,10141.0,42.72
CAPLIPOINT,EQ,27-Aug-2019,408.55,409.0,426.0,409.0,422.0,419.05,418.79,25183,10546303.75,1557,11998.0,47.64
CAPLIPOINT,EQ,26-Aug-2019,403.95,433.85,433.85,398.55,407.55,408.55,408.54,26758,10931739.45,1579,11582.0,43.28
CAPLIPOINT,EQ,23-Aug-2019,403.5,401.0,408.95,393.1,408.95,403.95,400.64,31894,12777953.8,1300,10701.0,33.55
CAPLIPOINT,EQ,22-Aug-2019,404.75,404.0,410.0,397.95,405.8,403.5,403.39,21330,8604232.0,928,8664.0,40.62
CAPLIPOINT,EQ,21-Aug-2019,423.5,421.05,425.45,393.0,408.3,404.75,404.63,74098,29982098.7,2747,43677.0,58.94
CAPLIPOINT,EQ,20-Aug-2019,430.0,431.2,431.2,420.0,422.0,423.5,424.73,13470,5721107.35,810,7923.0,58.82
CAPLIPOINT,EQ,19-Aug-2019,445.4,445.4,445.4,426.1,428.55,430.0,433.72,23018,9983446.45,1232,16069.0,69.81
CAPLIPOINT,EQ,16-Aug-2019,452.45,454.5,455.0,441.0,444.4,445.4,448.1,20206,9054263.15,1182,9328.0,46.16
CAPLIPOINT,EQ,14-Aug-2019,435.0,439.0,459.5,435.0,452.0,452.45,446.61,67711,30240582.85,2466,45201.0,66.76
CAPLIPOINT,EQ,13-Aug-2019,417.5,424.65,451.3,424.65,437.0,435.0,438.6,97032,42558063.85,5004,43324.0,44.65
CAPLIPOINT,EQ,09-Aug-2019,415.4,414.0,420.0,412.2,416.0,417.5,417.32,14727,6145890.95,833,8091.0,54.94
CAPLIPOINT,EQ,08-Aug-2019,408.2,414.0,418.0,408.55,414.25,415.4,412.63,11584,4779853.1,607,7693.0,66.41
CAPLIPOINT,EQ,07-Aug-2019,412.9,411.0,416.95,405.45,405.45,408.2,411.2,10058,4135873.5,726,5182.0,51.52
CAPLIPOINT,EQ,06-Aug-2019,413.0,409.0,420.0,407.8,414.0,412.9,415.11,16813,6979291.45,2459,7685.0,45.71
CAPLIPOINT,EQ,05-Aug-2019,404.3,403.0,418.95,392.55,414.05,413.0,403.67,28537,11519544.65,1362,14370.0,50.36
CAPLIPOINT,EQ,02-Aug-2019,410.5,410.5,415.0,401.1,403.1,404.3,407.13,16681,6791415.7,928,9126.0,54.71
CAPLIPOINT,EQ,01-Aug-2019,427.25,415.1,424.5,405.0,415.0,410.5,409.98,17732,7269719.25,886,8164.0,46.04
CAPLIPOINT,EQ,31-Jul-2019,402.05,396.5,429.0,396.5,428.0,427.25,420.48,37108,15603093.35,1717,27307.0,73.59
CAPLIPOINT,EQ,30-Jul-2019,409.25,413.9,416.9,401.25,401.25,402.05,407.54,13391,5457384.15,691,8138.0,60.77
CAPLIPOINT,EQ,29-Jul-2019,415.65,418.95,422.0,408.0,408.05,409.25,414.16,19856,8223617.65,822,12026.0,60.57
CAPLIPOINT,EQ,26-Jul-2019,425.9,425.8,426.1,405.05,414.55,415.65,416.22,39986,16643054.45,1876,17134.0,42.85
CAPLIPOINT,EQ,25-Jul-2019,385.85,383.05,436.55,383.05,428.85,425.9,416.85,196910,82082499.05,8561,51705.0,26.26
CAPLIPOINT,EQ,24-Jul-2019,400.65,399.0,400.0,384.5,384.55,385.85,390.26,26647,10399194.8,906,16016.0,60.10
CAPLIPOINT,EQ,23-Jul-2019,404.15,403.05,407.9,396.0,399.0,400.65,400.95,28604,11468823.05,809,9101.0,31.82
CAPLIPOINT,EQ,22-Jul-2019,418.75,418.7,418.7,402.0,405.0,404.15,407.59,13981,5698490.6,689,8601.0,61.52
CAPLIPOINT,EQ,19-Jul-2019,420.55,423.9,427.8,404.55,420.0,418.75,412.76,45929,18957825.45,1406,15231.0,33.16
CAPLIPOINT,EQ,18-Jul-2019,413.9,417.0,430.0,411.05,419.1,420.55,423.19,73496,31102464.7,3106,23311.0,31.72
CAPLIPOINT,EQ,17-Jul-2019,414.15,417.9,419.7,412.0,415.0,413.9,415.64,6462,2685856.2,450,3825.0,59.19
CAPLIPOINT,EQ,16-Jul-2019,420.65,424.0,424.9,412.85,415.6,414.15,418.1,8599,3595217.05,582,4309.0,50.11
CAPLIPOINT,EQ,15-Jul-2019,412.55,417.95,424.9,412.0,424.9,420.65,416.95,16527,6890905.85,688,9097.0,55.04
CAPLIPOINT,EQ,12-Jul-2019,419.55,417.5,417.95,410.0,413.0,412.55,414.17,12061,4995333.55,824,7111.0,58.96
CAPLIPOINT,EQ,11-Jul-2019,415.05,415.95,424.9,415.25,417.0,419.55,420.48,21779,9157654.05,1089,7952.0,36.51
CAPLIPOINT,EQ,10-Jul-2019,416.6,421.85,423.3,414.0,415.95,415.05,417.74,6708,2802226.0,580,3616.0,53.91
CAPLIPOINT,EQ,09-Jul-2019,423.35,427.9,428.0,415.0,417.0,416.6,421.8,11376,4798437.1,1003,5107.0,44.89
CAPLIPOINT,EQ,08-Jul-2019,416.4,413.0,429.8,407.0,429.8,423.35,416.2,20597,8572454.65,1173,11749.0,57.04
CAPLIPOINT,EQ,05-Jul-2019,437.95,438.0,443.0,410.05,413.65,416.4,425.74,23931,10188431.7,1340,15815.0,66.09
CAPLIPOINT,EQ,04-Jul-2019,447.05,447.0,447.05,435.05,436.7,437.95,441.22,10707,4724099.9,790,5476.0,51.14
CAPLIPOINT,EQ,03-Jul-2019,443.35,445.0,450.0,438.35,446.0,447.05,444.97,14664,6525045.65,829,9488.0,64.70
CAPLIPOINT,EQ,02-Jul-2019,453.05,453.05,456.0,440.0,443.9,443.35,444.65,13503,6004077.65,809,7894.0,58.46
CAPLIPOINT,EQ,01-Jul-2019,450.9,459.6,459.6,451.1,451.5,453.05,455.61,19005,8658842.65,1137,11002.0,57.89
CAPLIPOINT,EQ,28-Jun-2019,446.45,445.0,460.0,435.0,452.0,450.9,446.17,48936,21833825.2,2144,28465.0,58.17
CAPLIPOINT,EQ,27-Jun-2019,430.85,435.0,450.0,435.0,448.0,446.45,443.15,60950,27010153.7,2289,41086.0,67.41
CAPLIPOINT,EQ,26-Jun-2019,410.45,416.0,436.6,414.05,435.0,430.85,425.44,29755,12658947.15,2024,19862.0,66.75
CAPLIPOINT,EQ,25-Jun-2019,407.15,409.0,430.0,396.0,419.2,410.45,408.06,25634,10460106.75,1312,16177.0,63.11
CAPLIPOINT,EQ,24-Jun-2019,405.05,406.0,409.7,405.0,409.0,407.15,407.35,7556,3077914.7,466,4283.0,56.68
CAPLIPOINT,EQ,21-Jun-2019,405.25,407.4,410.5,401.25,405.0,405.05,405.55,16408,6654199.9,608,11047.0,67.33
CAPLIPOINT,EQ,20-Jun-2019,404.0,406.6,411.95,399.1,404.5,405.25,405.24,20865,8455256.95,1259,9709.0,46.53
CAPLIPOINT,EQ,19-Jun-2019,401.65,403.1,417.0,402.5,402.7,404.0,408.67,22150,9051952.1,1188,11332.0,51.16
CAPLIPOINT,EQ,18-Jun-2019,410.35,408.0,411.35,400.0,400.5,401.65,404.92,16646,6740234.95,1024,8020.0,34.51
CAPLIPOINT,EQ,17-Jun-2019,424.4,428.0,430.8,402.0,406.8,410.35,415.11,36774,15265116.35,1501,19413.0,45.25
CAPLIPOINT,EQ,14-Jun-2019,434.75,437.5,445.0,421.95,426.4,424.4,433.76,35875,15561220.55,1827,12990.0,36.21
CAPLIPOINT,EQ,13-Jun-2019,416.35,416.5,440.0,416.5,438.0,434.75,434.52,88529,38467709.2,4766,26423.0,29.85
CAPLIPOINT,EQ,12-Jun-2019,423.8,421.0,423.4,414.1,416.5,416.35,418.21,12560,5252669.75,657,7642.0,60.84
CAPLIPOINT,EQ,11-Jun-2019,430.8,431.9,432.05,421.0,422.5,423.8,424.43,14972,6354617.85,647,9560.0,63.85
CAPLIPOINT,EQ,10-Jun-2019,437.35,440.5,440.5,425.0,432.8,430.8,430.25,25907,11146535.75,1353,10761.0,41.54
CAPLIPOINT,EQ,07-Jun-2019,454.6,455.4,459.2,423.0,439.0,437.35,439.76,90174,39655359.25,4357,30281.0,33.58
CAPLIPOINT,EQ,06-Jun-2019,447.5,447.5,466.9,445.05,454.0,454.6,458.17,180551,82723744.45,8575,68308.0,37.83
CAPLIPOINT,EQ,04-Jun-2019,430.8,434.0,457.85,429.05,445.5,447.5,448.33,200019,89674786.3,10233,56138.0,28.07
CAPLIPOINT,EQ,03-Jun-2019,403.65,409.0,439.8,404.5,431.0,430.8,430.32,161392,69450222.9,8221,69615.0,43.13
CAPLIPOINT,EQ,31-May-2019,413.4,413.0,419.3,401.0,404.15,403.65,410.81,18683,7675153.2,1589,10829.0,57.96
CAPLIPOINT,EQ,30-May-2019,416.95,420.0,420.0,411.9,413.0,413.4,415.92,10126,4211574.5,465,6728.0,66.44
CAPLIPOINT,EQ,29-May-2019,419.85,419.85,425.35,414.0,416.0,416.95,418.45,22321,9340144.45,977,13282.0,59.50
CAPLIPOINT,EQ,28-May-2019,428.95,430.0,440.0,418.1,421.0,419.85,426.6,43705,18644730.55,1772,27247.0,62.34
CAPLIPOINT,EQ,27-May-2019,397.7,400.0,440.0,397.7,434.0,428.95,418.84,117763,49323481.45,6211,71159.0,60.43
CAPLIPOINT,EQ,24-May-2019,382.6,382.0,405.0,381.25,397.1,397.7,398.13,60525,24096917.9,2855,30225.0,49.94
CAPLIPOINT,EQ,23-May-2019,397.65,402.85,410.95,380.25,384.0,382.6,392.08,61181,23987575.4,2622,36727.0,60.03
CAPLIPOINT,EQ,22-May-2019,364.35,367.45,419.9,358.65,398.0,397.65,397.43,404312,160687025.3,14731,54618.0,13.51
CAPLIPOINT,EQ,21-May-2019,372.9,379.0,381.8,363.45,365.0,364.35,371.85,15605,5802694.1,916,8624.0,55.26
CAPLIPOINT,EQ,20-May-2019,360.3,365.0,384.65,360.3,373.0,372.9,370.55,31118,11530851.7,2019,12777.0,41.06
CAPLIPOINT,EQ,17-May-2019,334.95,331.0,366.0,331.0,360.3,360.3,355.23,63816,22669396.4,3716,21942.0,34.38
CAPLIPOINT,EQ,16-May-2019,326.45,330.0,343.0,325.9,333.4,334.95,331.73,17338,5751596.5,847,11223.0,64.73
CAPLIPOINT,EQ,15-May-2019,323.95,333.0,333.0,325.0,327.35,326.45,328.97,12097,3979546.6,485,8192.0,67.72
CAPLIPOINT,EQ,14-May-2019,331.15,333.0,333.0,321.0,323.2,323.95,327.47,19680,6444604.4,717,14819.0,75.30
CAPLIPOINT,EQ,13-May-2019,335.1,338.4,338.95,330.05,332.5,331.15,333.33,20450,6816630.3,564,12467.0,60.96
CAPLIPOINT,EQ,10-May-2019,334.2,331.0,341.7,331.0,335.0,335.1,334.75,21551,7214243.95,999,10572.0,49.06
CAPLIPOINT,EQ,09-May-2019,335.35,332.0,339.9,330.0,334.0,334.2,333.82,17657,5894322.0,993,10822.0,61.29
CAPLIPOINT,EQ,08-May-2019,334.6,336.0,344.8,321.95,335.0,335.35,333.37,51699,17234663.95,2177,24704.0,47.78
CAPLIPOINT,EQ,07-May-2019,344.8,345.0,349.35,329.2,335.0,334.6,333.89,74977,25033890.35,2533,27991.0,37.33
CAPLIPOINT,EQ,06-May-2019,350.5,347.0,350.0,342.0,342.7,344.8,346.24,12047,4171190.35,662,8839.0,73.37
CAPLIPOINT,EQ,03-May-2019,354.3,354.0,356.8,350.0,350.0,350.5,353.14,15979,5642773.9,863,10950.0,68.53
CAPLIPOINT,EQ,02-May-2019,362.85,362.85,366.95,352.0,355.0,354.3,359.12,26648,9569957.35,1090,19131.0,71.79
CAPLIPOINT,EQ,30-Apr-2019,371.05,370.0,370.0,358.7,365.0,362.85,363.69,18684,6795197.05,1250,11422.0,61.13
CAPLIPOINT,EQ,26-Apr-2019,376.05,376.0,376.0,368.0,371.0,371.05,371.92,14970,5567710.5,681,10595.0,70.77
CAPLIPOINT,EQ,25-Apr-2019,380.55,379.0,380.0,375.4,376.0,376.05,378.75,9947,3767411.3,404,7220.0,72.58
CAPLIPOINT,EQ,24-Apr-2019,377.45,377.6,385.0,376.85,382.0,380.55,381.16,11288,4302487.4,731,5550.0,49.17
CAPLIPOINT,EQ,23-Apr-2019,383.95,386.0,387.05,372.5,380.0,377.45,380.17,26046,9902024.05,860,19843.0,76.18
CAPLIPOINT,EQ,22-Apr-2019,385.35,386.9,392.95,381.15,387.0,383.95,387.52,16751,6491343.25,822,8111.0,48.42
CAPLIPOINT,EQ,18-Apr-2019,391.0,392.4,393.25,385.0,385.0,385.35,386.98,22697,8783311.5,626,20201.0,89.00
CAPLIPOINT,EQ,16-Apr-2019,392.05,393.35,394.0,390.0,392.35,391.0,391.96,13032,5108087.0,498,10094.0,77.46
CAPLIPOINT,EQ,15-Apr-2019,394.5,398.6,398.6,388.05,392.9,392.05,394.38,13993,5518540.5,614,8767.0,62.65
CAPLIPOINT,EQ,12-Apr-2019,391.3,391.3,397.9,391.3,393.0,394.5,395.26,22122,8743966.45,823,14050.0,63.51
CAPLIPOINT,EQ,11-Apr-2019,379.7,381.9,394.0,380.1,392.0,391.3,388.9,45517,17701686.9,2194,23042.0,50.62
CAPLIPOINT,EQ,10-Apr-2019,381.35,384.6,388.7,376.65,381.65,379.7,381.36,29994,11438454.05,1133,15976.0,53.26
CAPLIPOINT,EQ,09-Apr-2019,386.4,389.9,394.8,378.7,381.7,381.35,384.05,37575,14430729.95,1314,20922.0,55.68
CAPLIPOINT,EQ,08-Apr-2019,387.65,392.5,400.5,385.7,386.1,386.4,392.82,52011,20430721.95,2027,22414.0,43.09
CAPLIPOINT,EQ,05-Apr-2019,396.55,399.0,402.45,386.1,387.1,387.65,391.45,52232,20446239.95,2196,35458.0,67.89
CAPLIPOINT,EQ,04-Apr-2019,400.8,402.95,406.0,396.0,396.5,396.55,399.38,19216,7674562.85,715,12903.0,67.15
CAPLIPOINT,EQ,03-Apr-2019,400.9,404.75,412.5,399.0,400.0,400.8,406.55,31819,12935880.45,1298,15887.0,49.93
CAPLIPOINT,EQ,02-Apr-2019,403.95,407.95,407.95,400.0,401.0,400.9,401.71,24953,10023957.45,708,18267.0,73.21
CAPLIPOINT,EQ,01-Apr-2019,401.7,405.0,411.8,400.55,404.5,403.95,405.84,21770,8835030.7,1332,9600.0,44.10
CAPLIPOINT,EQ,29-Mar-2019,400.75,404.85,408.95,400.0,402.0,401.7,403.99,15254,6162487.6,751,6627.0,43.44
CAPLIPOINT,EQ,28-Mar-2019,404.7,404.7,413.7,399.1,400.0,400.75,404.26,34180,13817619.65,1349,18222.0,53.31
CAPLIPOINT,EQ,27-Mar-2019,401.7,405.0,408.7,398.2,403.1,404.7,402.7,32569,13115672.05,1016,19697.0,60.48
CAPLIPOINT,EQ,26-Mar-2019,406.1,414.0,414.0,401.0,401.0,401.7,404.33,14660,5927410.25,839,8853.0,60.39
CAPLIPOINT,EQ,25-Mar-2019,406.55,406.7,410.0,398.0,408.0,406.1,404.89,27911,11301014.7,859,18057.0,64.69
CAPLIPOINT,EQ,22-Mar-2019,402.8,403.0,415.0,398.0,406.0,406.55,407.83,62131,25338851.15,2872,18611.0,29.95
CAPLIPOINT,EQ,20-Mar-2019,404.5,413.0,413.0,400.25,402.15,402.8,403.37,18217,7348122.6,738,10173.0,55.84
CAPLIPOINT,EQ,19-Mar-2019,410.55,411.35,415.0,400.0,406.0,404.5,405.07,37140,15044288.5,1344,24657.0,66.39
CAPLIPOINT,EQ,18-Mar-2019,425.0,428.9,428.9,406.5,410.0,410.55,414.63,27361,11344618.1,1475,16515.0,60.36
CAPLIPOINT,EQ,15-Mar-2019,424.9,428.3,437.0,421.0,427.0,425.0,432.9,46065,19941376.7,1466,23104.0,50.16
CAPLIPOINT,EQ,14-Mar-2019,429.6,434.4,448.0,421.9,427.9,424.9,435.86,44146,19241482.25,1756,21095.0,47.78
CAPLIPOINT,EQ,13-Mar-2019,408.0,414.3,437.4,407.9,430.25,429.6,427.86,175424,75057586.8,7775,63713.0,36.32
CAPLIPOINT,EQ,12-Mar-2019,401.65,409.75,415.45,405.0,406.8,408.0,408.81,48636,19882741.4,1543,30175.0,62.04
CAPLIPOINT,EQ,11-Mar-2019,406.95,408.9,413.0,397.05,403.05,401.65,404.48,41379,16736792.25,1612,25822.0,62.40
CAPLIPOINT,EQ,08-Mar-2019,412.2,415.0,418.5,405.0,406.15,406.95,409.6,31010,12701833.15,916,22223.0,71.66
CAPLIPOINT,EQ,07-Mar-2019,406.0,402.0,422.05,398.0,413.0,412.2,412.5,64806,26732626.6,3964,27675.0,42.70
CAPLIPOINT,EQ,06-Mar-2019,407.15,410.0,414.0,405.0,405.0,406.0,408.36,22021,8992450.85,1092,13901.0,63.13
CAPLIPOINT,EQ,05-Mar-2019,390.4,393.85,410.0,390.0,406.1,407.15,403.89,74526,30100553.75,3957,42702.0,57.30
CAPLIPOINT,EQ,01-Mar-2019,390.0,394.75,397.95,385.55,390.0,390.4,391.99,25479,9987392.05,1384,11728.0,46.03
CAPLIPOINT,EQ,28-Feb-2019,388.95,393.65,404.0,388.05,389.2,390.0,393.83,33532,13205951.45,1481,9753.0,29.09
CAPLIPOINT,EQ,27-Feb-2019,378.0,381.9,412.0,380.5,388.0,388.95,399.46,175682,70177390.95,6779,41885.0,23.84
CAPLIPOINT,EQ,26-Feb-2019,388.75,384.0,384.05,372.6,377.5,378.0,378.46,61452,23256874.45,2727,25007.0,40.69
CAPLIPOINT,EQ,25-Feb-2019,355.35,358.75,409.9,356.45,388.1,388.75,395.94,329460,130447436.0,12781,64331.0,19.53
CAPLIPOINT,EQ,22-Feb-2019,341.05,342.9,361.6,342.9,354.0,355.35,355.62,46979,16706700.35,2096,23191.0,49.36
CAPLIPOINT,EQ,21-Feb-2019,331.35,335.0,344.5,329.35,344.0,341.05,338.09,37494,12676370.75,1444,23100.0,61.61
CAPLIPOINT,EQ,20-Feb-2019,324.8,325.65,334.5,321.1,333.0,331.35,329.35,29344,9664326.25,1445,16659.0,56.77
CAPLIPOINT,EQ,19-Feb-2019,328.5,328.0,333.9,321.15,324.85,324.8,328.22,11801,3873324.1,682,7109.0,60.24
CAPLIPOINT,EQ,18-Feb-2019,325.25,326.0,336.0,325.3,326.3,328.5,330.54,28332,9364827.55,1258,13532.0,47.76
CAPLIPOINT,EQ,15-Feb-2019,328.9,328.0,338.7,322.0,325.0,325.25,327.25,33090,10828619.1,1882,15022.0,45.40
CAPLIPOINT,EQ,14-Feb-2019,335.6,335.6,335.6,325.4,328.95,328.9,329.63,16785,5532903.2,812,9892.0,58.93
CAPLIPOINT,EQ,13-Feb-2019,335.3,334.1,339.9,334.1,335.2,335.6,337.7,13775,4651874.25,638,7494.0,54.40
CAPLIPOINT,EQ,12-Feb-2019,350.7,360.0,368.05,296.05,332.85,335.3,334.99,101302,33934750.55,4161,30467.0,30.08
CAPLIPOINT,EQ,11-Feb-2019,354.85,357.0,357.75,341.0,350.0,350.7,349.09,54299,18955113.55,2720,20538.0,37.82
CAPLIPOINT,EQ,08-Feb-2019,362.3,360.0,361.5,348.0,357.0,354.85,354.3,9245,3275458.25,661,5841.0,63.18
CAPLIPOINT,EQ,07-Feb-2019,349.75,354.95,366.05,352.9,361.15,362.3,358.54,24215,8681992.2,1051,16986.0,70.15
CAPLIPOINT,EQ,06-Feb-2019,340.1,340.15,351.9,340.15,348.95,349.75,346.85,23262,8068396.45,980,17346.0,74.57
CAPLIPOINT,EQ,05-Feb-2019,343.5,345.0,349.0,335.0,337.2,340.1,342.84,12364,4238904.35,779,7599.0,61.46
CAPLIPOINT,EQ,04-Feb-2019,345.85,351.0,351.75,340.0,345.0,343.5,344.76,13047,4498117.8,1231,8486.0,65.04
CAPLIPOINT,EQ,01-Feb-2019,363.15,369.0,373.95,340.1,346.25,345.85,353.48,26363,9318755.7,1652,15613.0,59.22
CAPLIPOINT,EQ,31-Jan-2019,336.3,344.0,365.0,336.0,365.0,363.15,357.1,77132,27544135.4,2881,45011.0,58.36
CAPLIPOINT,EQ,30-Jan-2019,321.25,326.9,338.8,321.3,338.5,336.3,331.62,44575,14781878.65,2163,24941.0,55.95
CAPLIPOINT,EQ,29-Jan-2019,346.95,345.0,353.75,305.0,319.9,321.25,329.72,44317,14612123.35,2266,24651.0,55.62
CAPLIPOINT,EQ,28-Jan-2019,357.5,351.95,369.9,343.0,344.0,346.95,355.12,49671,17639002.95,2231,,-
CAPLIPOINT,EQ,25-Jan-2019,381.2,389.0,389.0,347.85,353.0,357.5,364.27,51602,18797269.85,2221,27199.0,52.71
CAPLIPOINT,EQ,24-Jan-2019,384.8,384.85,390.0,380.1,381.25,381.2,382.4,11533,4410271.85,554,5806.0,50.34
CAPLIPOINT,EQ,23-Jan-2019,387.2,390.0,396.0,382.0,385.0,384.8,386.5,12350,4773262.4,829,6995.0,56.64
CAPLIPOINT,EQ,22-Jan-2019,389.0,394.95,394.95,384.45,386.0,387.2,387.95,19340,7502858.75,817,13957.0,72.17
CAPLIPOINT,EQ,21-Jan-2019,398.95,398.95,404.0,388.0,388.1,389.0,393.93,24014,9459814.4,1178,13603.0,56.65
CAPLIPOINT,EQ,18-Jan-2019,423.5,426.9,435.0,386.6,399.0,398.95,410.92,113321,46565471.75,4429,46795.0,41.29
CAPLIPOINT,EQ,17-Jan-2019,422.5,423.95,438.0,413.25,421.65,423.5,429.28,104246,44751082.15,4807,25909.0,24.85
CAPLIPOINT,EQ,16-Jan-2019,412.35,417.85,426.6,408.0,421.4,422.5,418.52,55576,23259448.5,4289,29607.0,53.27
CAPLIPOINT,EQ,15-Jan-2019,404.5,409.9,415.0,405.4,413.0,412.35,412.11,37177,15321079.2,2522,18146.0,48.81
CAPLIPOINT,EQ,14-Jan-2019,414.5,414.0,419.9,400.45,403.3,404.5,408.23,38332,15648117.65,2371,17117.0,44.65
CAPLIPOINT,EQ,11-Jan-2019,380.4,381.15,431.0,381.15,413.0,414.5,413.89,324786,134425905.05,15149,63357.0,19.51
CAPLIPOINT,EQ,10-Jan-2019,384.05,384.0,384.0,379.75,379.75,380.4,381.11,12692,4837089.85,650,9022.0,71.08
CAPLIPOINT,EQ,09-Jan-2019,382.95,385.5,387.95,379.95,383.0,384.05,383.6,12712,4876299.75,718,7023.0,55.25
CAPLIPOINT,EQ,08-Jan-2019,380.9,382.0,385.8,380.0,383.9,382.95,382.54,11833,4526644.05,713,6531.0,55.19
CAPLIPOINT,EQ,07-Jan-2019,380.2,384.9,390.0,380.05,380.75,380.9,382.01,10818,4132571.4,422,8705.0,80.47
CAPLIPOINT,EQ,04-Jan-2019,381.9,378.1,382.0,378.1,381.0,380.2,380.03,8091,3074820.75,528,5143.0,63.56
CAPLIPOINT,EQ,03-Jan-2019,382.75,386.9,386.9,379.6,382.65,381.9,381.87,10808,4127201.6,584,6914.0,63.97
CAPLIPOINT,EQ,02-Jan-2019,382.7,384.95,386.85,380.35,383.0,382.75,383.24,14131,5415516.35,1098,5636.0,39.88
CAPLIPOINT,EQ,01-Jan-2019,382.0,382.7,384.95,381.0,383.5,382.7,383.06,8754,3353270.5,560,4218.0,48.18
CAPLIPOINT,EQ,31-Dec-2018,381.95,380.5,385.6,380.3,383.8,382.0,382.91,11442,4381254.3,792,6438.0,56.27
CAPLIPOINT,EQ,28-Dec-2020,506.6,509.5,514.8,505.0,507.05,506.45,510.03,119561,60979620.95,4775,59616.0,49.86
CAPLIPOINT,EQ,24-Dec-2020,495.05,508.0,515.1,504.1,506.9,506.6,509.87,235262,119954063.15,9278,93364.0,39.69
CAPLIPOINT,EQ,23-Dec-2020,477.0,482.9,504.0,477.35,495.6,495.05,492.55,223731,110198405.25,16269,95224.0,42.56
CAPLIPOINT,EQ,22-Dec-2020,485.8,485.0,494.2,450.15,478.0,477.0,471.4,218267,102890476.2,9575,91985.0,42.14
CAPLIPOINT,EQ,21-Dec-2020,503.15,504.4,515.8,476.0,480.5,485.8,496.15,236246,117213216.0,8482,121541.0,51.45
CAPLIPOINT,EQ,18-Dec-2020,507.6,510.0,515.4,499.0,502.9,503.15,503.28,168633,84870125.2,4333,104486.0,61.96
CAPLIPOINT,EQ,17-Dec-2020,514.1,516.85,522.4,505.0,506.95,507.6,515.66,159021,82000951.15,4964,89771.0,56.45
CAPLIPOINT,EQ,16-Dec-2020,505.1,515.0,520.25,510.1,516.0,514.1,517.5,233356,120762157.45,7648,125465.0,53.77
CAPLIPOINT,EQ,15-Dec-2020,503.85,503.75,510.0,502.55,506.0,505.1,505.28,105624,53369432.55,2725,76712.0,72.63
CAPLIPOINT,EQ,14-Dec-2020,500.5,502.9,507.35,496.9,506.9,503.85,502.28,121887,61221027.1,4656,70847.0,58.13
CAPLIPOINT,EQ,11-Dec-2020,506.9,506.05,513.95,496.0,501.9,500.5,506.21,131164,66396004.2,5250,61700.0,47.04
CAPLIPOINT,EQ,10-Dec-2020,518.85,521.9,521.9,501.05,507.0,506.9,508.85,173056,88059757.7,7166,86032.0,49.71
CAPLIPOINT,EQ,09-Dec-2020,507.4,511.4,531.75,510.0,518.0,518.85,524.03,352962,184964406.65,14688,117910.0,33.41
CAPLIPOINT,EQ,08-Dec-2020,513.05,519.0,528.45,502.0,509.0,507.4,514.82,224888,115776199.05,9633,100234.0,44.57
CAPLIPOINT,EQ,07-Dec-2020,492.45,496.0,525.5,492.6,517.0,513.05,514.82,591426,304480460.6,22503,223325.0,37.76
CAPLIPOINT,EQ,04-Dec-2020,482.6,485.0,496.25,481.0,492.0,492.45,489.43,174956,85628648.65,6782,79915.0,45.68
CAPLIPOINT,EQ,03-Dec-2020,481.45,481.9,490.0,479.25,483.5,482.6,484.37,108496,52552524.5,5293,46647.0,42.99
CAPLIPOINT,EQ,02-Dec-2020,484.7,488.55,491.05,476.0,482.0,481.45,481.19,143657,69126889.05,5438,67191.0,46.77
CAPLIPOINT,EQ,01-Dec-2020,489.65,493.0,494.7,483.9,486.35,484.7,486.69,106707,51933464.95,4590,64359.0,60.31
CAPLIPOINT,EQ,27-Nov-2020,488.35,493.0,497.0,488.15,490.55,489.65,491.76,104775,51524650.9,3860,45701.0,43.62
CAPLIPOINT,EQ,26-Nov-2020,484.4,487.7,491.0,481.2,490.0,488.35,486.07,54009,26252332.5,2765,21330.0,39.49
CAPLIPOINT,EQ,25-Nov-2020,489.95,493.95,499.8,482.35,485.9,484.4,488.92,115684,56559674.15,5443,47565.0,41.12
CAPLIPOINT,EQ,24-Nov-2020,498.85,507.5,507.5,488.0,490.0,489.95,497.15,231758,115218146.9,7942,99007.0,42.72
CAPLIPOINT,EQ,23-Nov-2020,473.1,476.0,504.4,475.0,502.0,498.85,495.89,498613,247258882.55,15083,152864.0,30.66
CAPLIPOINT,EQ,20-Nov-2020,474.95,479.65,484.95,469.75,473.0,473.1,475.19,87663,41656474.1,4415,43618.0,49.76
CAPLIPOINT,EQ,19-Nov-2020,468.0,471.5,482.0,469.3,477.5,474.95,476.04,116239,55334902.45,5116,43376.0,37.32
CAPLIPOINT,EQ,18-Nov-2020,471.6,475.5,475.95,464.05,470.5,468.0,468.91,111095,52093467.85,5805,59149.0,53.24
CAPLIPOINT,EQ,17-Nov-2020,485.25,488.4,489.5,468.1,473.9,471.6,475.72,137535,65427762.85,6720,71014.0,51.63
CAPLIPOINT,EQ,14-Nov-2020,485.5,488.05,490.7,482.1,484.0,485.25,486.25,47159,22931011.3,2095,27015.0,57.28
CAPLIPOINT,EQ,13-Nov-2020,481.75,483.8,489.95,481.0,486.35,485.5,485.53,137611,66814291.6,5106,56598.0,41.13
CAPLIPOINT,EQ,12-Nov-2020,454.15,456.95,486.0,455.5,485.3,481.75,474.25,304714,144509110.2,9921,116931.0,38.37
CAPLIPOINT,EQ,11-Nov-2020,448.4,448.4,461.8,437.75,454.8,454.15,451.64,300463,135699777.1,14978,161370.0,53.71
CAPLIPOINT,EQ,10-Nov-2020,472.4,471.6,475.9,440.65,446.8,448.4,456.97,268511,122700500.6,12598,154971.0,57.71
CAPLIPOINT,EQ,09-Nov-2020,485.85,488.1,493.0,470.0,471.5,472.4,476.44,219188,104430327.15,10711,121413.0,55.39
CAPLIPOINT,EQ,06-Nov-2020,497.35,495.1,499.4,484.1,486.0,485.85,489.91,146501,71771806.05,5465,79471.0,54.25
CAPLIPOINT,EQ,05-Nov-2020,491.25,495.0,508.3,490.0,496.9,497.35,498.87,322735,161004362.4,13342,78159.0,24.22
CAPLIPOINT,EQ,04-Nov-2020,487.9,494.0,501.0,487.2,490.1,491.25,493.36,87689,43262625.05,3924,39828.0,45.42
CAPLIPOINT,EQ,03-Nov-2020,484.85,487.15,498.35,486.3,489.95,487.9,490.18,89509,43875740.45,5334,43747.0,48.87
CAPLIPOINT,EQ,02-Nov-2020,497.45,502.35,505.1,481.0,481.0,484.85,489.76,108479,53128160.75,6003,53791.0,49.59
CAPLIPOINT,EQ,30-Oct-2020,508.8,512.0,514.85,488.0,497.05,497.45,500.67,154806,77507291.95,8164,75120.0,48.53
CAPLIPOINT,EQ,29-Oct-2020,514.2,507.0,514.7,500.0,509.8,508.8,506.12,88322,44701131.95,5739,42351.0,47.95
CAPLIPOINT,EQ,28-Oct-2020,517.95,514.0,524.0,512.0,512.5,514.2,517.07,61498,31798636.3,4989,31254.0,50.82
CAPLIPOINT,EQ,27-Oct-2020,524.15,526.0,530.0,516.0,517.5,517.95,520.31,78003,40586043.8,5450,35141.0,45.05
CAPLIPOINT,EQ,26-Oct-2020,531.05,530.05,536.7,521.45,526.4,524.15,529.57,93283,49400310.05,6013,44041.0,47.21
CAPLIPOINT,EQ,23-Oct-2020,526.0,525.25,534.85,525.25,532.05,531.05,529.99,102343,54240543.05,4594,52943.0,51.73
CAPLIPOINT,EQ,22-Oct-2020,522.3,522.3,529.25,520.0,523.35,526.0,523.94,113740,59593120.2,6176,48515.0,42.65
CAPLIPOINT,EQ,21-Oct-2020,529.6,530.35,534.7,520.0,520.0,522.3,527.52,128508,67790014.0,6754,65373.0,50.87
CAPLIPOINT,EQ,20-Oct-2020,538.8,537.0,537.0,525.1,529.0,529.6,532.84,117638,62682572.4,5010,63546.0,54.02
CAPLIPOINT,EQ,19-Oct-2020,539.05,545.0,548.0,533.45,536.3,538.8,541.48,105195,56960931.1,5652,38880.0,36.96
CAPLIPOINT,EQ,16-Oct-2020,531.9,532.2,544.0,509.0,540.4,539.05,528.23,164715,87007437.4,8969,56960.0,34.58
CAPLIPOINT,EQ,15-Oct-2020,548.0,549.1,552.0,530.0,530.0,531.9,539.88,101166,54617180.3,5995,49642.0,49.07
CAPLIPOINT,EQ,14-Oct-2020,558.4,558.1,562.7,541.35,546.0,548.0,548.02,97252,53296379.4,5374,40289.0,41.43
CAPLIPOINT,EQ,13-Oct-2020,558.75,560.0,566.9,552.0,559.9,558.4,559.12,91178,50979678.05,3801,35756.0,39.22
CAPLIPOINT,EQ,12-Oct-2020,568.4,569.95,573.6,554.2,558.95,558.75,559.6,104107,58257863.95,5160,46123.0,44.30
CAPLIPOINT,EQ,09-Oct-2020,576.55,580.0,586.5,565.0,566.9,568.4,572.68,207560,118865033.55,8212,65050.0,31.34
CAPLIPOINT,EQ,08-Oct-2020,556.8,559.0,587.4,555.0,578.5,576.55,575.47,465707,268000506.05,17682,148525.0,31.89
CAPLIPOINT,EQ,07-Oct-2020,555.75,552.6,565.5,552.6,553.65,556.8,559.24,121813,68123015.7,4619,56592.0,46.46
CAPLIPOINT,EQ,06-Oct-2020,560.5,563.35,567.3,552.55,558.95,555.75,560.24,79099,44314729.6,3985,32082.0,40.56
CAPLIPOINT,EQ,05-Oct-2020,556.45,560.05,567.4,551.95,563.0,560.5,559.48,113218,63343619.7,5273,48156.0,42.53
CAPLIPOINT,EQ,01-Oct-2020,553.65,555.05,563.0,549.05,555.1,556.45,557.53,126349,70443567.95,5328,60675.0,48.02
CAPLIPOINT,EQ,30-Sep-2020,558.15,560.9,570.0,550.95,551.0,553.65,558.47,128481,71752334.45,7629,42812.0,33.32
CAPLIPOINT,EQ,29-Sep-2020,575.95,579.95,579.95,553.5,557.6,558.15,561.74,211461,118786033.25,12185,94322.0,44.60
CAPLIPOINT,EQ,28-Sep-2020,552.25,560.0,581.0,555.0,576.0,575.95,568.79,285345,162301682.7,10059,88324.0,30.95
CAPLIPOINT,EQ,25-Sep-2020,538.45,546.0,558.5,540.0,552.45,552.25,549.83,154769,85096342.75,7516,39202.0,25.33
CAPLIPOINT,EQ,24-Sep-2020,554.45,540.0,552.4,532.35,542.0,538.45,542.1,212771,115343058.05,16302,78877.0,37.07
CAPLIPOINT,EQ,23-Sep-2020,548.6,564.95,571.1,537.2,558.0,554.45,552.69,258400,142815897.3,11567,80518.0,31.16
CAPLIPOINT,EQ,22-Sep-2020,566.8,570.0,573.85,525.05,555.0,548.6,543.8,472637,257017806.45,22564,130940.0,27.70
CAPLIPOINT,EQ,21-Sep-2020,593.8,602.0,615.0,546.25,571.0,566.8,585.19,629866,368590083.9,25134,226504.0,35.96
CAPLIPOINT,EQ,18-Sep-2020,571.05,572.15,604.8,572.15,596.95,593.8,594.27,936920,556786486.1,32744,326964.0,34.90
CAPLIPOINT,EQ,17-Sep-2020,581.5,579.9,579.9,563.0,568.0,571.05,571.43,345690,197538280.0,12608,142836.0,41.32
CAPLIPOINT,EQ,16-Sep-2020,584.35,595.0,595.0,577.75,580.9,581.5,586.09,405673,237760049.9,16256,161440.0,39.80
CAPLIPOINT,EQ,15-Sep-2020,553.15,558.5,596.0,552.0,585.4,584.35,582.85,1854448,1080861489.9,45580,478989.0,25.83
CAPLIPOINT,EQ,14-Sep-2020,537.85,544.9,566.0,540.95,552.0,553.15,556.43,462597,257402692.9,15985,216774.0,46.86
CAPLIPOINT,EQ,11-Sep-2020,539.15,541.9,546.0,531.0,538.0,537.85,537.7,198342,106649106.45,7645,71226.0,35.91
CAPLIPOINT,EQ,10-Sep-2020,524.25,534.8,542.25,527.1,541.0,539.15,534.72,187779,100408983.4,6148,80329.0,42.78
CAPLIPOINT,EQ,09-Sep-2020,525.95,518.0,528.0,512.5,525.4,524.25,519.73,191772,99670601.15,6990,64235.0,33.50
CAPLIPOINT,EQ,08-Sep-2020,534.7,532.45,545.0,523.5,525.0,525.95,534.71,185486,99181732.4,6717,59381.0,32.01
CAPLIPOINT,EQ,07-Sep-2020,532.75,525.1,541.6,516.0,532.05,534.7,529.84,278934,147791563.15,10486,92219.0,33.06
CAPLIPOINT,EQ,04-Sep-2020,542.35,526.5,546.75,523.0,536.0,532.75,538.14,318150,171207761.0,10490,99591.0,31.30
CAPLIPOINT,EQ,03-Sep-2020,522.0,523.5,552.7,523.5,544.25,542.35,540.82,413609,223688777.1,13392,172288.0,41.65
CAPLIPOINT,EQ,02-Sep-2020,503.35,510.0,527.45,505.0,523.5,522.0,517.61,165016,85413394.95,7094,57395.0,34.78
CAPLIPOINT,EQ,01-Sep-2020,510.45,510.0,518.0,490.05,504.0,503.35,502.33,189007,94944365.35,8835,73929.0,39.11
CAPLIPOINT,EQ,31-Aug-2020,546.7,545.0,552.0,493.15,509.9,510.45,519.17,443307,230151798.3,19204,207341.0,46.77
CAPLIPOINT,EQ,28-Aug-2020,556.65,562.45,568.55,545.0,546.65,546.7,556.72,347350,193376094.7,11069,160804.0,46.29
CAPLIPOINT,EQ,27-Aug-2020,538.85,543.0,566.9,532.25,559.75,556.65,556.99,1005487,560050746.15,26633,351234.0,34.93
CAPLIPOINT,EQ,26-Aug-2020,522.55,525.0,549.85,523.75,540.3,538.85,540.43,658090,355649937.2,19988,197917.0,30.07
CAPLIPOINT,EQ,25-Aug-2020,530.45,533.0,534.0,520.55,522.5,522.55,525.37,253149,132997899.05,10902,113525.0,44.85
CAPLIPOINT,EQ,24-Aug-2020,536.1,540.8,542.05,529.65,532.0,530.45,535.37,308200,165001816.05,10426,142425.0,46.21
CAPLIPOINT,EQ,21-Aug-2020,527.9,532.7,548.4,526.0,535.6,536.1,537.4,486611,261503880.25,14818,171935.0,35.33
CAPLIPOINT,EQ,20-Aug-2020,536.7,536.0,540.5,522.8,527.5,527.9,530.44,278464,147707706.05,12507,120170.0,43.15
CAPLIPOINT,EQ,19-Aug-2020,543.35,544.2,548.45,535.0,538.0,536.7,540.15,313813,169506019.75,10487,133270.0,42.47
CAPLIPOINT,EQ,18-Aug-2020,538.7,543.75,564.0,538.25,543.5,543.35,549.44,626580,344269633.85,17459,134420.0,21.45
CAPLIPOINT,EQ,17-Aug-2020,547.3,555.0,555.0,534.0,538.8,538.7,539.7,352648,190323613.75,12734,125139.0,35.49
CAPLIPOINT,EQ,14-Aug-2020,556.15,568.8,574.05,531.0,548.0,547.3,552.97,1064770,588781131.3,33831,260835.0,24.50
CAPLIPOINT,EQ,13-Aug-2020,510.1,510.2,561.1,510.1,561.1,556.15,543.64,1646813,895270098.05,44107,434697.0,26.40
CAPLIPOINT,EQ,12-Aug-2020,535.1,536.0,536.6,508.15,509.5,510.1,517.2,833356,431014868.6,29810,293197.0,35.18
CAPLIPOINT,EQ,11-Aug-2020,570.9,571.1,576.15,530.1,536.0,535.1,546.05,1175437,641843795.55,39311,388564.0,33.06
CAPLIPOINT,EQ,10-Aug-2020,585.55,600.0,621.55,555.0,571.5,570.9,583.62,2733602,1595375032.25,83254,768684.0,28.12
CAPLIPOINT,EQ,07-Aug-2020,629.85,645.0,686.0,575.0,585.0,585.55,627.55,4448819,2791865140.3,124070,1034296.0,23.25
CAPLIPOINT,EQ,06-Aug-2020,572.6,590.0,629.85,590.0,629.85,629.85,611.13,3319956,2028935304.3,69956,633140.0,19.07
CAPLIPOINT,EQ,05-Aug-2020,517.95,529.0,587.4,526.0,578.0,572.6,555.36,2774053,1540606930.65,64087,490788.0,17.69
CAPLIPOINT,EQ,04-Aug-2020,468.75,482.9,524.0,473.15,519.0,517.95,503.98,1925800,970561007.2,41887,343013.0,17.81
CAPLIPOINT,EQ,03-Aug-2020,431.95,435.8,475.0,435.0,474.0,468.75,461.13,1372233,632774857.45,28023,366243.0,26.69
CAPLIPOINT,EQ,31-Jul-2020,407.15,411.05,441.9,406.9,434.0,431.95,426.83,945020,403363767.75,19072,276011.0,29.21
CAPLIPOINT,EQ,30-Jul-2020,403.25,404.9,417.75,402.0,408.05,407.15,409.83,388999,159424445.5,8532,133595.0,34.34
CAPLIPOINT,EQ,29-Jul-2020,394.65,394.65,415.3,394.65,404.95,403.25,407.73,614500,250552206.55,13382,181612.0,29.55
CAPLIPOINT,EQ,28-Jul-2020,397.1,398.55,399.95,390.5,396.0,394.65,395.38,252373,99782051.6,4983,100958.0,40.00
CAPLIPOINT,EQ,27-Jul-2020,397.0,400.0,405.0,381.15,396.7,397.1,395.08,443893,175372121.35,11923,130960.0,29.50
CAPLIPOINT,EQ,24-Jul-2020,381.85,381.5,407.8,373.3,397.1,397.0,395.5,926905,366592714.45,21132,275907.0,29.77
CAPLIPOINT,EQ,23-Jul-2020,377.05,378.8,385.0,373.0,381.8,381.85,378.45,227946,86265510.2,7529,71662.0,31.44
CAPLIPOINT,EQ,22-Jul-2020,377.25,380.55,384.0,367.5,377.0,377.05,375.78,362897,136369775.65,11282,74586.0,20.55
CAPLIPOINT,EQ,21-Jul-2020,387.8,390.85,392.25,373.0,377.9,377.25,384.03,313317,120323384.1,8348,114699.0,36.61
CAPLIPOINT,EQ,20-Jul-2020,386.25,388.95,395.0,382.05,387.15,387.8,389.08,488705,190145511.8,11011,124720.0,25.52
CAPLIPOINT,EQ,17-Jul-2020,367.4,367.4,390.0,367.4,385.8,386.25,382.21,631306,241292034.9,13388,203649.0,32.26
CAPLIPOINT,EQ,16-Jul-2020,370.5,370.5,374.1,356.85,366.4,367.4,363.77,360567,131161754.55,8103,70983.0,19.69
CAPLIPOINT,EQ,15-Jul-2020,381.25,385.0,392.7,362.55,370.0,370.5,380.05,631792,240109430.85,14759,185398.0,29.34
CAPLIPOINT,EQ,14-Jul-2020,372.1,373.7,390.9,305.1,381.35,381.25,381.06,1489002,567396066.85,31809,322552.0,21.66
CAPLIPOINT,EQ,13-Jul-2020,344.25,348.5,378.8,342.65,373.5,372.1,368.4,1969133,725431223.45,38843,371000.0,18.84
CAPLIPOINT,EQ,10-Jul-2020,347.55,348.0,353.35,334.15,346.0,344.25,344.39,433744,149379095.65,9080,83260.0,19.20
CAPLIPOINT,EQ,09-Jul-2020,351.3,350.2,355.5,346.25,347.85,347.55,349.49,248739,86931056.55,5007,45859.0,18.44
CAPLIPOINT,EQ,08-Jul-2020,346.6,351.0,357.45,343.0,350.0,351.3,351.26,403703,141804509.35,10849,149469.0,37.02
CAPLIPOINT,EQ,07-Jul-2020,340.7,339.0,352.5,339.0,346.5,346.6,346.88,376556,130620202.4,10254,119881.0,31.84
CAPLIPOINT,EQ,06-Jul-2020,339.05,338.0,345.8,335.6,339.75,340.7,340.47,263090,89573227.5,6168,75020.0,28.51
CAPLIPOINT,EQ,03-Jul-2020,338.25,337.05,347.5,335.2,338.25,339.05,340.78,372011,126772611.15,8426,77623.0,20.87
CAPLIPOINT,EQ,02-Jul-2020,346.5,349.9,357.7,334.0,337.5,338.25,344.4,847056,291722065.4,18362,181092.0,21.38
CAPLIPOINT,EQ,01-Jul-2020,312.4,308.1,349.75,306.9,348.0,346.5,335.92,1610632,541042564.7,34922,394883.0,24.52
CAPLIPOINT,EQ,30-Jun-2020,317.1,319.0,323.85,311.1,313.0,312.4,315.4,180572,56952386.45,5995,87768.0,48.61
CAPLIPOINT,EQ,29-Jun-2020,314.2,318.4,324.95,310.05,317.0,317.1,318.74,445794,142090643.7,10706,134072.0,30.07
CAPLIPOINT,EQ,26-Jun-2020,321.95,329.75,334.2,311.9,316.25,314.2,320.87,577786,185395862.7,19280,316455.0,54.77
CAPLIPOINT,EQ,25-Jun-2020,335.65,338.0,343.65,317.4,324.0,321.95,325.99,783559,255435106.1,26837,426248.0,54.40
CAPLIPOINT,EQ,24-Jun-2020,359.1,360.9,364.7,333.1,339.0,335.65,346.06,365804,126589253.25,13740,216704.0,59.24
CAPLIPOINT,EQ,23-Jun-2020,362.4,368.8,369.0,358.0,359.0,359.1,361.61,224854,81308746.1,9590,96894.0,43.09
CAPLIPOINT,EQ,22-Jun-2020,358.75,360.55,375.9,359.25,364.0,362.4,366.88,389950,143065790.75,11527,156337.0,40.09
CAPLIPOINT,EQ,19-Jun-2020,368.75,370.0,372.9,356.25,359.0,358.75,364.32,422215,153819563.6,9751,168303.0,39.86
CAPLIPOINT,EQ,18-Jun-2020,386.25,387.0,406.5,365.0,367.85,368.75,385.45,1005326,387506637.5,25504,290857.0,28.93
CAPLIPOINT,EQ,17-Jun-2020,391.3,385.15,399.0,380.2,388.5,386.25,387.6,327191,126819012.55,14840,113704.0,34.75
CAPLIPOINT,EQ,16-Jun-2020,402.1,417.0,420.0,380.1,389.3,391.3,400.47,603987,241878843.1,17353,224308.0,37.14
CAPLIPOINT,EQ,15-Jun-2020,377.3,383.8,421.7,381.1,406.0,402.1,408.02,1739004,709541897.75,42200,365799.0,21.03
CAPLIPOINT,EQ,12-Jun-2020,351.3,340.0,389.45,333.5,373.1,377.3,374.18,1293866,484142421.55,32358,169457.0,13.10
CAPLIPOINT,EQ,11-Jun-2020,379.5,379.0,379.0,348.4,355.0,351.3,364.44,376785,137314488.85,12905,169303.0,44.93
CAPLIPOINT,EQ,10-Jun-2020,327.2,328.85,387.0,328.85,378.0,379.5,366.18,1103929,404237099.6,28627,267783.0,24.26
CAPLIPOINT,EQ,09-Jun-2020,329.9,331.55,337.5,325.0,328.0,327.2,331.55,88958,29493821.25,4233,42726.0,48.03
CAPLIPOINT,EQ,08-Jun-2020,327.7,333.0,337.6,327.0,329.0,329.9,331.28,104304,34553476.6,3738,57050.0,54.70
CAPLIPOINT,EQ,05-Jun-2020,323.1,327.0,330.2,324.15,328.6,327.7,327.25,84659,27704358.8,4573,45413.0,53.64
CAPLIPOINT,EQ,04-Jun-2020,327.0,326.9,331.95,321.1,322.1,323.1,325.34,55807,18155984.75,2129,35591.0,63.78
CAPLIPOINT,EQ,03-Jun-2020,332.25,333.7,339.9,325.05,325.1,327.0,331.93,100694,33423816.65,3247,60375.0,59.96
CAPLIPOINT,EQ,02-Jun-2020,327.05,327.05,335.0,325.0,333.7,332.25,332.06,85550,28408001.0,2301,49431.0,57.78
CAPLIPOINT,EQ,01-Jun-2020,320.2,322.3,332.25,320.0,325.9,327.05,328.4,104302,34253041.75,2707,59687.0,57.23
CAPLIPOINT,EQ,29-May-2020,315.1,314.0,346.6,312.1,318.45,320.2,327.2,293045,95885099.15,8616,161171.0,55.00
CAPLIPOINT,EQ,28-May-2020,316.6,316.6,320.35,314.0,314.0,315.1,317.28,32154,10201791.0,1310,18966.0,58.98
CAPLIPOINT,EQ,27-May-2020,318.6,318.65,320.75,313.0,316.9,316.6,316.7,38457,12179238.8,1517,22867.0,59.46
CAPLIPOINT,EQ,26-May-2020,321.5,322.5,324.5,318.0,318.05,318.6,321.27,48759,15664742.05,1605,29315.0,60.12
CAPLIPOINT,EQ,22-May-2020,322.25,323.9,325.85,319.65,322.5,321.5,322.32,31234,10067288.9,1391,19312.0,61.83
CAPLIPOINT,EQ,21-May-2020,319.85,322.5,327.0,320.2,321.8,322.25,323.42,57270,18522210.25,2029,31471.0,54.95
CAPLIPOINT,EQ,20-May-2020,323.35,323.1,327.5,317.0,320.1,319.85,321.23,45440,14596594.15,1603,27343.0,60.17
CAPLIPOINT,EQ,19-May-2020,313.9,317.8,325.0,317.8,323.1,323.35,322.03,55618,17910716.25,1985,32861.0,59.08
CAPLIPOINT,EQ,18-May-2020,326.1,329.7,330.0,307.0,312.0,313.9,314.97,68973,21724653.9,2997,37184.0,53.91
CAPLIPOINT,EQ,15-May-2020,325.65,325.65,330.45,325.0,325.45,326.1,328.16,92373,30312759.15,3533,62996.0,68.20
CAPLIPOINT,EQ,14-May-2020,322.7,320.0,336.7,320.0,326.2,325.65,330.2,146427,48350502.7,4751,57049.0,38.96
CAPLIPOINT,EQ,13-May-2020,323.7,331.15,333.65,321.75,323.3,322.7,325.44,41592,13535639.15,1809,25566.0,61.47
CAPLIPOINT,EQ,12-May-2020,324.75,326.0,332.35,311.2,323.6,323.7,323.37,63422,20508596.35,2984,25305.0,39.90
CAPLIPOINT,EQ,11-May-2020,321.4,325.0,333.05,322.45,324.35,324.75,327.07,98404,32185482.65,3209,49124.0,49.92
CAPLIPOINT,EQ,08-May-2020,326.55,330.4,337.8,318.0,323.0,321.4,328.88,82679,27191369.45,3210,49118.0,59.41
CAPLIPOINT,EQ,07-May-2020,326.85,323.45,336.55,322.2,326.25,326.55,328.65,67223,22093127.7,2925,36308.0,54.01
CAPLIPOINT,EQ,06-May-2020,330.55,330.05,335.0,325.0,327.0,326.85,329.98,59857,19751681.4,1925,34877.0,58.27
CAPLIPOINT,EQ,05-May-2020,335.15,338.1,344.85,328.4,331.0,330.55,336.02,67897,22814522.65,2471,39516.0,58.20
CAPLIPOINT,EQ,04-May-2020,351.45,342.0,344.0,333.2,337.2,335.15,337.39,146327,49368958.75,5923,69674.0,47.62
CAPLIPOINT,EQ,30-Apr-2020,360.4,366.05,372.0,349.65,350.0,351.45,358.45,156847,56221450.15,4849,90613.0,57.77
CAPLIPOINT,EQ,29-Apr-2020,352.45,349.0,377.0,349.0,361.7,360.4,366.11,324162,118677389.05,10098,125241.0,38.64
CAPLIPOINT,EQ,28-Apr-2020,354.55,355.0,362.0,348.85,354.0,352.45,354.51,103432,36667739.1,4923,56205.0,54.34
CAPLIPOINT,EQ,27-Apr-2020,342.85,345.0,363.0,344.0,357.0,354.55,354.44,278769,98805927.55,8717,124225.0,44.56
CAPLIPOINT,EQ,24-Apr-2020,338.15,338.0,364.65,325.25,341.95,342.85,347.6,410370,142646283.25,14124,181098.0,44.13
CAPLIPOINT,EQ,23-Apr-2020,313.65,318.9,345.0,314.0,337.85,338.15,340.45,499965,170214554.65,9733,153602.0,30.72
CAPLIPOINT,EQ,22-Apr-2020,313.9,312.25,318.05,303.0,313.1,313.65,313.46,89695,28115596.45,8488,45821.0,51.09
CAPLIPOINT,EQ,21-Apr-2020,329.65,317.0,326.85,311.5,311.5,313.9,317.09,151766,48122847.35,9412,72834.0,47.99
CAPLIPOINT,EQ,20-Apr-2020,333.6,326.1,333.0,320.45,331.65,329.65,327.9,96504,31643572.8,4428,53607.0,55.55
CAPLIPOINT,EQ,17-Apr-2020,340.75,350.0,350.0,320.1,332.0,333.6,333.39,127409,42476804.2,6516,55538.0,43.59
CAPLIPOINT,EQ,16-Apr-2020,333.55,339.0,358.45,336.05,342.0,340.75,344.91,169765,58554074.45,7031,91447.0,53.87
CAPLIPOINT,EQ,15-Apr-2020,306.15,315.0,336.75,310.0,336.75,333.55,330.06,261444,86292910.75,5221,124689.0,47.69
CAPLIPOINT,EQ,13-Apr-2020,290.35,300.0,312.0,285.0,307.7,306.15,302.64,247074,74774547.0,9484,,-
CAPLIPOINT,EQ,09-Apr-2020,286.6,295.0,295.0,286.1,290.5,290.35,291.87,96949,28296783.85,8258,66567.0,68.66
CAPLIPOINT,EQ,08-Apr-2020,277.3,279.0,295.0,275.1,284.2,286.6,289.0,81086,23433754.2,8012,50786.0,62.63
CAPLIPOINT,EQ,07-Apr-2020,265.4,280.0,284.1,275.0,278.95,277.3,278.84,80935,22568122.95,6844,53890.0,66.58
CAPLIPOINT,EQ,03-Apr-2020,277.8,278.0,280.05,263.0,265.0,265.4,267.61,86233,23076600.15,1738,66201.0,76.77
CAPLIPOINT,EQ,01-Apr-2020,282.4,286.0,287.0,270.0,274.4,277.8,277.43,62928,17458097.75,4638,31827.0,50.58
CAPLIPOINT,EQ,31-Mar-2020,261.8,275.0,295.0,267.35,283.0,282.4,286.71,186500,53470717.4,6771,53019.0,28.43
CAPLIPOINT,EQ,30-Mar-2020,261.7,255.0,268.0,240.0,260.55,261.8,261.02,87888,22940206.2,3005,38378.0,43.67
CAPLIPOINT,EQ,27-Mar-2020,241.3,268.0,288.85,260.0,262.0,261.7,272.24,187286,50986894.15,7896,72762.0,38.85
CAPLIPOINT,EQ,26-Mar-2020,201.1,205.0,241.3,202.1,241.3,241.3,228.82,159113,36408911.55,5734,69711.0,43.81
CAPLIPOINT,EQ,25-Mar-2020,193.05,186.5,207.6,185.25,205.0,201.1,199.04,67813,13497235.85,2882,32986.0,48.64
CAPLIPOINT,EQ,24-Mar-2020,200.4,212.0,220.15,176.2,192.0,193.05,193.2,84005,16230103.65,3213,49734.0,59.20
CAPLIPOINT,EQ,23-Mar-2020,237.95,220.0,221.0,190.4,200.1,200.4,207.35,119901,24861162.65,3957,80419.0,67.07
CAPLIPOINT,EQ,20-Mar-2020,233.9,246.0,248.6,232.6,239.0,237.95,240.26,89266,21447415.2,3293,39945.0,44.75
CAPLIPOINT,EQ,19-Mar-2020,255.1,253.6,253.6,230.0,235.5,233.9,238.74,95896,22894479.95,3921,49081.0,51.18
CAPLIPOINT,EQ,18-Mar-2020,263.15,268.0,269.0,245.0,259.85,255.1,255.77,75723,19367996.4,3283,40874.0,53.98
CAPLIPOINT,EQ,17-Mar-2020,265.3,266.0,277.85,260.0,263.0,263.15,269.24,79566,21422680.8,5119,36847.0,46.31
CAPLIPOINT,EQ,16-Mar-2020,283.8,268.8,279.95,260.8,267.2,265.3,270.43,79917,21612220.55,3097,39303.0,49.18
CAPLIPOINT,EQ,13-Mar-2020,279.9,255.55,292.15,223.95,288.95,283.8,269.21,146993,39572597.95,4597,76111.0,51.78
CAPLIPOINT,EQ,12-Mar-2020,320.5,300.55,307.8,275.65,282.5,279.9,288.85,161873,46757480.0,5010,90791.0,56.09
CAPLIPOINT,EQ,11-Mar-2020,288.25,296.0,329.6,290.1,317.0,320.5,316.88,277347,87884903.9,9408,92873.0,33.49
CAPLIPOINT,EQ,09-Mar-2020,293.95,289.9,290.0,280.1,287.6,288.25,284.42,99133,28195468.45,2830,60405.0,60.93
CAPLIPOINT,EQ,06-Mar-2020,300.55,288.0,299.35,285.0,295.0,293.95,294.33,84017,24728839.25,2337,44208.0,52.62
CAPLIPOINT,EQ,05-Mar-2020,298.05,305.0,307.0,296.45,300.2,300.55,302.17,54712,16532383.8,2230,23420.0,42.81
CAPLIPOINT,EQ,04-Mar-2020,292.2,293.0,312.0,281.0,297.5,298.05,300.42,174766,52503872.35,7956,52942.0,30.29
CAPLIPOINT,EQ,03-Mar-2020,305.15,305.15,317.0,285.0,292.9,292.2,295.09,135976,40125547.1,8852,68641.0,50.48
CAPLIPOINT,EQ,02-Mar-2020,299.1,304.0,324.0,297.05,301.0,305.15,313.89,96995,30446212.7,4734,44302.0,45.67
CAPLIPOINT,EQ,28-Feb-2020,320.75,318.25,318.25,282.3,303.0,299.1,305.7,135366,41380857.1,6927,74221.0,54.83
CAPLIPOINT,EQ,27-Feb-2020,320.1,323.1,326.0,317.5,320.45,320.75,320.87,58860,18886269.75,3497,32003.0,54.37
CAPLIPOINT,EQ,26-Feb-2020,318.2,315.2,327.9,315.2,321.45,320.1,322.39,72597,23404267.75,5402,33498.0,46.14
CAPLIPOINT,EQ,25-Feb-2020,313.2,318.0,330.0,312.0,320.0,318.2,321.95,134654,43351986.85,6174,54032.0,40.13
CAPLIPOINT,EQ,24-Feb-2020,350.4,350.0,352.6,303.65,317.95,313.2,326.67,240380,78526009.0,11910,152477.0,63.43
CAPLIPOINT,EQ,20-Feb-2020,351.9,350.0,360.0,349.8,350.5,350.4,353.34,108107,38198556.55,4920,60548.0,56.01
CAPLIPOINT,EQ,19-Feb-2020,344.55,346.55,359.75,344.3,351.45,351.9,352.86,208561,73593163.85,9488,114897.0,55.09
CAPLIPOINT,EQ,18-Feb-2020,333.4,330.0,351.0,324.0,343.0,344.55,339.05,117975,39999932.75,3115,72393.0,61.36
CAPLIPOINT,EQ,17-Feb-2020,336.6,336.0,337.3,323.0,332.9,333.4,329.36,161402,53159740.9,4231,113608.0,70.39
CAPLIPOINT,EQ,14-Feb-2020,337.35,336.0,354.4,334.0,335.0,336.6,342.62,128782,44123445.25,4862,68835.0,53.45
CAPLIPOINT,EQ,13-Feb-2020,334.7,334.7,343.9,322.2,337.2,337.35,336.09,484758,162921937.05,6766,407993.0,84.16
CAPLIPOINT,EQ,12-Feb-2020,343.2,339.0,349.5,322.2,328.5,334.7,334.04,282272,94290643.1,9578,206153.0,73.03
CAPLIPOINT,EQ,11-Feb-2020,370.05,364.0,372.9,338.95,340.0,343.2,352.84,213141,75204028.65,12091,129622.0,60.82
CAPLIPOINT,EQ,10-Feb-2020,364.1,363.0,381.0,355.0,367.1,370.05,366.6,628355,230356531.85,11168,392301.0,62.43
CAPLIPOINT,EQ,07-Feb-2020,347.1,347.0,369.9,341.25,364.4,364.1,359.28,766626,275436359.45,29946,234399.0,30.58
CAPLIPOINT,EQ,06-Feb-2020,324.65,340.0,383.5,333.0,344.7,347.1,360.22,2003164,721575297.3,70342,622830.0,31.09
CAPLIPOINT,EQ,05-Feb-2020,270.55,274.0,324.65,261.0,324.65,324.65,301.51,1266012,381711195.1,32335,433766.0,34.26
CAPLIPOINT,EQ,04-Feb-2020,265.6,267.5,276.65,235.15,272.0,270.55,256.84,291653,74907790.6,11414,129440.0,44.38
CAPLIPOINT,EQ,03-Feb-2020,281.9,281.65,281.65,264.25,265.0,265.6,270.67,117296,31748405.0,5704,86059.0,73.37
CAPLIPOINT,EQ,01-Feb-2020,287.85,288.0,290.1,280.1,283.0,281.9,285.77,49061,14020355.85,1905,30758.0,62.69
CAPLIPOINT,EQ,31-Jan-2020,282.4,284.3,294.8,283.05,286.0,287.85,290.6,113284,32920247.85,4221,52703.0,46.52
CAPLIPOINT,EQ,30-Jan-2020,287.25,290.95,290.95,281.0,281.95,282.4,284.19,71458,20307445.9,2120,51183.0,71.63
CAPLIPOINT,EQ,29-Jan-2020,289.45,291.05,293.5,286.5,286.5,287.25,290.65,61579,17897797.25,1765,39218.0,63.69
CAPLIPOINT,EQ,28-Jan-2020,286.9,290.0,294.8,286.35,288.25,289.45,291.71,114553,33415825.25,3147,73827.0,64.45
CAPLIPOINT,EQ,27-Jan-2020,291.3,290.1,292.85,285.0,288.0,286.9,288.91,68756,19864306.85,2592,50156.0,72.95
CAPLIPOINT,EQ,24-Jan-2020,293.45,293.45,295.6,290.1,292.0,291.3,292.84,58637,17171158.25,3461,46263.0,78.90
CAPLIPOINT,EQ,23-Jan-2020,295.9,297.95,297.95,292.4,293.95,293.45,294.08,34971,10284199.6,1629,24399.0,69.77
CAPLIPOINT,EQ,22-Jan-2020,294.9,296.9,299.4,294.2,296.9,295.9,296.62,33538,9947915.15,1555,17129.0,51.07
CAPLIPOINT,EQ,21-Jan-2020,295.5,298.5,298.75,291.15,295.6,294.9,295.16,36436,10754410.7,1439,21894.0,60.09
CAPLIPOINT,EQ,20-Jan-2020,302.75,305.0,307.5,294.0,295.85,295.5,297.63,71245,21204360.6,3285,55096.0,77.33
CAPLIPOINT,EQ,17-Jan-2020,304.9,309.7,309.7,301.0,303.45,302.75,305.11,77368,23605864.4,3953,55474.0,71.70
CAPLIPOINT,EQ,16-Jan-2020,292.4,295.0,315.05,294.4,305.4,304.9,308.69,218700,67510075.25,7183,113899.0,52.08
CAPLIPOINT,EQ,15-Jan-2020,293.1,296.2,296.5,290.5,293.5,292.4,293.62,44618,13100573.1,2801,26512.0,59.42
CAPLIPOINT,EQ,14-Jan-2020,292.9,293.0,299.75,290.0,293.5,293.1,295.19,75948,22418734.5,4831,47027.0,61.92
CAPLIPOINT,EQ,13-Jan-2020,290.25,292.1,296.0,289.25,292.85,292.9,292.31,52662,15393597.25,2577,30749.0,58.39
CAPLIPOINT,EQ,10-Jan-2020,289.9,290.1,296.3,290.0,290.5,290.25,292.25,70038,20468549.35,4129,43803.0,62.54
CAPLIPOINT,EQ,09-Jan-2020,291.05,297.8,297.8,288.5,289.6,289.9,292.09,68555,20024143.05,4603,49970.0,72.89
CAPLIPOINT,EQ,08-Jan-2020,290.8,288.2,294.4,286.95,291.0,291.05,290.07,32105,9312600.15,2763,15574.0,48.51
CAPLIPOINT,EQ,07-Jan-2020,290.3,291.1,299.0,290.0,292.0,290.8,294.01,51869,15250106.75,2591,33482.0,64.55
CAPLIPOINT,EQ,06-Jan-2020,296.8,297.95,297.95,290.0,291.0,290.3,293.59,50318,14773034.55,2705,38490.0,76.49
CAPLIPOINT,EQ,03-Jan-2020,295.35,299.9,299.9,294.4,298.0,296.8,296.51,68488,20307053.4,4092,34150.0,49.86
CAPLIPOINT,EQ,02-Jan-2020,294.6,299.95,299.95,294.0,294.65,295.35,295.91,53868,15939954.95,5918,37671.0,69.93
CAPLIPOINT,EQ,01-Jan-2020,300.85,304.9,305.05,294.0,294.95,294.6,295.99,65188,19295014.6,3965,46624.0,71.52
CAPLIPOINT,EQ,31-Dec-2019,304.9,304.9,304.9,299.0,299.65,300.85,300.65,43889,13195013.65,2861,30201.0,68.81
CAPLIPOINT,EQ,30-Dec-2019,303.6,304.0,306.9,302.05,304.85,304.9,304.42,26146,7959437.8,1145,15303.0,58.53
CAPLIPOINT,EQ,28-Dec-2021,813.65,810.0,837.80,810.0,834.0,831.7,824.15,151228,124634548.25,7383,40288.0,26.64
CAPLIPOINT,EQ,27-Dec-2021,807.45,809.9,818.00,790.0,815.15,813.65,807.04,137351,110847936.8,7279,40929.0,29.8
CAPLIPOINT,EQ,24-Dec-2021,796.1,796.1,838.80,795.1,809.9,807.45,821.95,736724,605551634.3,36327,116128.0,15.76
CAPLIPOINT,EQ,23-Dec-2021,759.45,763.25,805.95,762.25,793.2,796.1,792.65,366921,290841142.55,21657,48217.0,13.14
CAPLIPOINT,EQ,22-Dec-2021,738.75,742.5,766.20,740.05,757.95,759.45,748.27,168393,126003396.75,8510,21846.0,12.97
CAPLIPOINT,EQ,21-Dec-2021,734.95,736.35,751.35,730.75,737.0,738.75,741.59,190364,141172177.35,7373,27088.0,14.23
CAPLIPOINT,EQ,20-Dec-2021,748.65,730.0,746.35,713.8,734.9,734.95,726.94,145591,105836423.95,10987,50037.0,34.37
CAPLIPOINT,EQ,17-Dec-2021,775.45,781.9,781.90,745.0,747.5,748.65,758.69,115138,87354094.65,8814,32947.0,28.62
CAPLIPOINT,EQ,16-Dec-2021,771.2,775.0,782.55,769.0,775.95,775.45,775.16,48845,37862527.5,4356,13744.0,28.14
CAPLIPOINT,EQ,15-Dec-2021,802.45,803.0,803.00,758.3,773.95,771.2,780.02,79491,62004538.4,5768,33220.0,41.79
CAPLIPOINT,EQ,14-Dec-2021,796.0,797.0,813.40,770.0,799.45,802.45,794.12,81405,64645677.5,5701,17167.0,21.09
CAPLIPOINT,EQ,13-Dec-2021,793.55,801.15,809.85,791.0,799.15,796.0,801.99,51134,41008712.05,4685,16980.0,33.21
CAPLIPOINT,EQ,10-Dec-2021,790.8,792.95,804.60,790.0,795.0,793.55,797.41,57682,45995919.8,4214,16870.0,29.25
CAPLIPOINT,EQ,09-Dec-2021,797.95,799.9,801.20,788.2,792.2,790.8,793.9,39669,31493211.85,3086,13013.0,32.8
CAPLIPOINT,EQ,08-Dec-2021,782.25,781.2,802.10,781.2,795.1,797.95,793.65,68685,54511528.15,5216,22598.0,32.9
CAPLIPOINT,EQ,07-Dec-2021,777.75,786.15,796.15,776.65,780.2,782.25,784.95,60405,47415005.65,4965,13879.0,22.98
CAPLIPOINT,EQ,06-Dec-2021,809.95,810.0,813.10,773.35,775.0,777.75,789.31,109771,86643829.9,8333,38501.0,35.07
CAPLIPOINT,EQ,03-Dec-2021,802.5,808.0,819.70,801.25,810.8,809.95,810.31,146339,118580385.7,9237,29663.0,20.27
CAPLIPOINT,EQ,02-Dec-2021,765.2,771.9,818.65,765.25,810.0,802.5,804.47,554565,446130514.75,29105,76110.0,13.72
CAPLIPOINT,EQ,01-Dec-2021,748.55,739.4,780.00,728.0,768.05,765.2,766.91,248770,190785043.0,18505,64704.0,26.01
CAPLIPOINT,EQ,30-Nov-2021,733.8,736.0,783.90,722.25,731.0,748.55,753.42,470850,354750065.1,26543,282304.0,59.96
CAPLIPOINT,EQ,29-Nov-2021,769.1,765.0,769.90,726.0,734.9,733.8,751.02,145444,109230732.4,13056,66175.0,45.5
CAPLIPOINT,EQ,26-Nov-2021,766.75,775.0,798.40,760.2,762.25,769.1,781.1,352654,275459705.3,26047,84193.0,23.87
CAPLIPOINT,EQ,25-Nov-2021,786.45,787.6,799.30,752.0,768.0,766.75,769.35,256571,197391849.6,17297,113669.0,44.3
CAPLIPOINT,EQ,24-Nov-2021,784.45,793.7,806.00,779.0,780.0,786.45,795.35,142256,113143624.2,11165,60355.0,42.43
CAPLIPOINT,EQ,23-Nov-2021,826.25,824.25,824.25,774.1,780.9,784.45,800.86,249669,199949655.05,18432,129901.0,52.03
CAPLIPOINT,EQ,22-Nov-2021,842.95,843.4,843.40,814.05,831.0,826.25,826.68,127597,105481717.2,11903,66458.0,52.08
CAPLIPOINT,EQ,18-Nov-2021,860.4,860.4,869.00,833.0,835.0,842.95,849.15,89461,75966217.55,8255,41469.0,46.35
CAPLIPOINT,EQ,17-Nov-2021,865.25,863.0,871.50,856.0,858.85,860.4,864.92,72036,62305449.95,5654,34575.0,48.0
CAPLIPOINT,EQ,16-Nov-2021,860.7,859.95,875.00,853.85,863.0,865.25,863.15,87278,75333587.8,6649,36008.0,41.26
CAPLIPOINT,EQ,15-Nov-2021,862.6,869.95,889.70,851.2,852.2,860.7,872.69,167178,145894170.8,10851,70268.0,42.03
CAPLIPOINT,EQ,12-Nov-2021,852.6,854.9,864.90,854.9,863.0,862.6,861.15,70935,61085342.55,5000,34818.0,49.08
CAPLIPOINT,EQ,11-Nov-2021,861.65,860.9,868.70,844.9,852.0,852.6,854.81,62697,53594233.1,4775,24278.0,38.72
CAPLIPOINT,EQ,10-Nov-2021,856.6,856.6,876.35,850.0,856.45,861.65,865.01,182620,157968720.8,8978,33428.0,18.3
CAPLIPOINT,EQ,09-Nov-2021,849.8,855.5,862.55,852.05,854.5,856.6,857.58,136221,116820211.7,7452,35164.0,25.81
CAPLIPOINT,EQ,08-Nov-2021,842.25,848.65,859.95,840.0,852.0,849.8,852.44,187984,160244380.0,10125,50160.0,26.68
CAPLIPOINT,EQ,04-Nov-2021,836.1,842.0,844.55,837.0,842.0,842.25,841.58,26744,22507292.4,1675,14529.0,54.33
CAPLIPOINT,EQ,03-Nov-2021,829.05,829.1,849.00,829.1,836.0,836.1,838.91,230226,193138038.25,13387,43500.0,18.89
CAPLIPOINT,EQ,02-Nov-2021,832.15,837.9,852.00,822.0,829.75,829.05,838.19,401185,336269330.9,27331,85798.0,21.39
CAPLIPOINT,EQ,01-Nov-2021,821.0,820.9,849.00,817.95,831.8,832.15,835.15,162972,136105442.45,13238,37663.0,23.11
CAPLIPOINT,EQ,29-Oct-2021,828.15,828.0,837.05,807.55,817.85,821.0,828.41,124491,103129636.3,11574,34841.0,27.99
CAPLIPOINT,EQ,28-Oct-2021,854.35,856.0,856.90,822.0,828.0,828.15,838.22,108242,90730600.25,9222,42710.0,39.46
CAPLIPOINT,EQ,27-Oct-2021,865.7,867.65,876.00,850.0,850.2,854.35,863.49,99067,85543699.25,8500,26160.0,26.41
CAPLIPOINT,EQ,26-Oct-2021,850.75,855.05,887.05,855.05,864.0,865.7,869.52,118688,103201248.3,8527,42668.0,35.95
CAPLIPOINT,EQ,25-Oct-2021,860.15,861.0,899.90,796.35,853.0,850.75,847.44,326981,277097033.85,21365,120330.0,36.8
CAPLIPOINT,EQ,22-Oct-2021,867.4,872.45,884.85,855.0,858.2,860.15,868.28,111412,96736354.2,9589,35861.0,32.19
CAPLIPOINT,EQ,21-Oct-2021,864.25,868.0,877.55,855.0,866.85,867.4,864.28,119491,103273249.9,11170,46884.0,39.24
CAPLIPOINT,EQ,20-Oct-2021,886.45,885.95,890.05,855.15,868.0,864.25,869.73,170562,148342680.95,12513,68464.0,40.14
CAPLIPOINT,EQ,19-Oct-2021,913.6,920.9,930.00,880.0,883.0,886.45,900.84,258172,232570791.1,18543,106721.0,41.34
CAPLIPOINT,EQ,18-Oct-2021,907.8,914.95,934.05,902.2,914.95,913.6,915.05,240964,220494170.8,14676,101817.0,42.25
CAPLIPOINT,EQ,14-Oct-2021,928.6,933.0,937.00,903.5,909.7,907.8,916.2,285224,261321575.35,16320,107479.0,37.68
CAPLIPOINT,EQ,13-Oct-2021,921.25,930.0,949.00,903.2,927.0,928.6,933.47,637007,594628862.85,29085,170056.0,26.7
CAPLIPOINT,EQ,12-Oct-2021,873.45,877.4,941.65,873.5,920.0,921.25,919.37,1032449,949204612.55,47034,278292.0,26.95
CAPLIPOINT,EQ,11-Oct-2021,866.4,874.0,892.20,868.05,875.0,873.45,877.56,269705,236683442.9,12781,100962.0,37.43
CAPLIPOINT,EQ,08-Oct-2021,905.75,909.2,912.00,862.85,865.0,866.4,879.65,297962,262103740.7,18401,151546.0,50.86
CAPLIPOINT,EQ,07-Oct-2021,894.75,901.95,926.45,900.0,906.0,905.75,909.22,300330,273067230.6,16875,56028.0,18.66
CAPLIPOINT,EQ,06-Oct-2021,904.8,913.7,918.60,889.1,895.8,894.75,904.19,154472,139672583.45,10256,49801.0,32.24
CAPLIPOINT,EQ,05-Oct-2021,888.05,890.0,930.00,888.0,908.0,904.8,916.28,598979,548833180.75,31644,148154.0,24.73
CAPLIPOINT,EQ,04-Oct-2021,877.1,880.5,899.00,880.5,888.8,888.05,890.81,181211,161425450.55,11161,49795.0,27.48
CAPLIPOINT,EQ,01-Oct-2021,884.25,875.55,887.10,871.5,878.5,877.1,880.38,91644,80681641.15,7033,26945.0,29.4
CAPLIPOINT,EQ,30-Sep-2021,890.15,894.65,915.20,877.65,882.7,884.25,895.73,202096,181022936.25,14042,62753.0,31.05
CAPLIPOINT,EQ,29-Sep-2021,884.3,875.55,897.50,874.05,890.05,890.15,884.42,177233,156747599.95,11649,49795.0,28.1
CAPLIPOINT,EQ,28-Sep-2021,898.2,899.0,918.00,873.7,881.0,884.3,893.42,247727,221324301.45,16507,73403.0,29.63
CAPLIPOINT,EQ,27-Sep-2021,888.65,897.9,900.00,883.5,896.0,898.2,893.89,157917,141160234.0,9389,51911.0,32.87
CAPLIPOINT,EQ,24-Sep-2021,895.85,899.3,929.50,880.9,887.05,888.65,903.54,589109,532285578.15,32902,127585.0,21.66
CAPLIPOINT,EQ,23-Sep-2021,899.25,906.1,917.00,891.0,892.0,895.85,903.86,172445,155866752.1,10493,67154.0,38.94
CAPLIPOINT,EQ,22-Sep-2021,873.55,880.8,932.00,874.35,898.5,899.25,911.72,656913,598918854.5,31148,162753.0,24.78
CAPLIPOINT,EQ,21-Sep-2021,865.2,871.8,875.00,850.4,874.0,873.55,864.54,169201,146281750.65,7642,65233.0,38.55
CAPLIPOINT,EQ,20-Sep-2021,870.95,868.7,925.55,851.2,860.05,865.2,887.72,412723,366383477.05,21007,118954.0,28.82
CAPLIPOINT,EQ,17-Sep-2021,892.25,897.5,900.95,860.0,870.0,870.95,877.86,212750,186765093.6,13015,107949.0,50.74
CAPLIPOINT,EQ,16-Sep-2021,911.35,915.95,920.95,882.45,890.05,892.25,898.14,170767,153373358.3,8763,66275.0,38.81
CAPLIPOINT,EQ,15-Sep-2021,925.9,925.9,932.70,904.9,910.95,911.35,913.5,217562,198742285.85,9365,95353.0,43.83
CAPLIPOINT,EQ,14-Sep-2021,956.0,960.8,965.00,912.8,926.5,925.9,929.48,551938,513015232.25,24053,172584.0,31.27
CAPLIPOINT,EQ,13-Sep-2021,933.3,938.8,"1,008.40",936.0,953.9,956.0,981.69,4348566,4268938766.95,131458,381533.0,8.77
CAPLIPOINT,EQ,09-Sep-2021,839.9,839.95,947.00,834.0,943.0,933.3,912.3,5292946,4828758395.6,149304,620576.0,11.72
CAPLIPOINT,EQ,08-Sep-2021,821.1,825.25,855.00,816.1,837.0,839.9,834.19,854068,712453070.5,32816,120749.0,14.14
CAPLIPOINT,EQ,07-Sep-2021,838.8,828.8,854.70,813.0,820.5,821.1,838.88,1436808,1205307725.4,57789,198328.0,13.8
CAPLIPOINT,EQ,06-Sep-2021,740.1,744.1,866.80,743.5,831.15,838.8,827.28,3156775,2611523956.95,108622,342119.0,10.84
CAPLIPOINT,EQ,03-Sep-2021,738.5,733.0,751.00,733.0,738.0,740.1,743.44,108513,80672489.95,6138,41748.0,38.47
CAPLIPOINT,EQ,02-Sep-2021,729.6,729.6,757.00,729.6,737.35,738.5,744.85,238496,177644598.3,11008,92212.0,38.66
CAPLIPOINT,EQ,01-Sep-2021,730.4,735.5,741.45,725.85,728.5,729.6,732.68,122209,89539805.45,7140,51882.0,42.45
CAPLIPOINT,EQ,31-Aug-2021,732.4,738.95,747.00,727.0,730.0,730.4,736.47,113484,83577938.95,5950,48960.0,43.14
CAPLIPOINT,EQ,30-Aug-2021,717.6,720.0,741.90,719.5,733.0,732.4,730.22,188006,137285821.6,9124,79354.0,42.21
CAPLIPOINT,EQ,27-Aug-2021,717.6,724.7,734.00,711.0,715.0,717.6,719.76,223160,160622734.4,12040,64364.0,28.84
CAPLIPOINT,EQ,26-Aug-2021,747.15,743.1,746.80,712.8,718.0,717.6,728.63,317555,231380897.75,15099,110283.0,34.73
CAPLIPOINT,EQ,25-Aug-2021,743.45,745.0,758.70,741.15,746.0,747.15,748.47,200483,150056163.15,8764,56427.0,28.15
CAPLIPOINT,EQ,24-Aug-2021,703.95,706.0,749.00,706.0,738.0,743.45,726.36,361296,262431532.25,18913,110994.0,30.72
CAPLIPOINT,EQ,23-Aug-2021,773.3,729.0,751.75,679.2,702.0,703.95,707.47,1220611,863548814.3,58033,435586.0,35.69
CAPLIPOINT,EQ,20-Aug-2021,797.7,784.0,795.70,765.2,770.0,773.3,778.3,194259,151192081.75,10995,72767.0,37.46
CAPLIPOINT,EQ,18-Aug-2021,806.05,808.5,816.20,792.0,795.0,797.7,804.17,157319,126510519.75,7579,63503.0,40.37
CAPLIPOINT,EQ,17-Aug-2021,820.45,820.45,838.70,801.35,803.0,806.05,820.26,374573,307248779.35,19019,90536.0,24.17
CAPLIPOINT,EQ,16-Aug-2021,850.55,847.0,850.55,817.0,821.4,820.45,828.18,199688,165377998.95,11392,75233.0,37.68
CAPLIPOINT,EQ,13-Aug-2021,851.6,853.0,866.60,845.0,845.2,850.55,855.36,192113,164325956.75,8368,67405.0,35.09
CAPLIPOINT,EQ,12-Aug-2021,839.95,837.0,870.00,837.0,853.0,851.6,854.33,267027,228128304.6,11074,83609.0,31.31
CAPLIPOINT,EQ,11-Aug-2021,859.45,865.65,872.90,808.0,836.0,839.95,833.3,408592,340479837.35,19557,114531.0,28.03
CAPLIPOINT,EQ,10-Aug-2021,914.75,912.5,912.50,852.0,859.0,859.45,877.96,361651,317515154.4,18684,140084.0,38.73
CAPLIPOINT,EQ,09-Aug-2021,893.95,899.55,934.90,892.0,911.25,914.75,917.13,679080,622803776.85,30678,144841.0,21.33
CAPLIPOINT,EQ,06-Aug-2021,913.6,913.0,918.65,888.85,893.05,893.95,902.06,313171,282498346.2,15339,90354.0,28.85
CAPLIPOINT,EQ,05-Aug-2021,860.8,865.0,923.00,843.05,917.9,913.6,889.8,1214227,1080422343.15,56954,207384.0,17.08
CAPLIPOINT,EQ,04-Aug-2021,880.5,884.0,894.00,856.0,862.0,860.8,874.34,219097,191564206.35,11635,71591.0,32.68
CAPLIPOINT,EQ,03-Aug-2021,895.75,899.0,902.60,875.05,880.5,880.5,883.44,316472,279585367.9,18517,103888.0,32.83
CAPLIPOINT,EQ,02-Aug-2021,884.7,886.0,918.95,886.0,896.0,895.75,903.45,446412,403312457.3,24579,94368.0,21.14
CAPLIPOINT,EQ,30-Jul-2021,904.6,907.9,921.55,880.1,882.5,884.7,900.44,463983,417787075.25,23106,104893.0,22.61
CAPLIPOINT,EQ,29-Jul-2021,931.4,933.0,939.00,897.0,904.7,904.6,913.87,348407,318399445.25,20073,86152.0,24.73
CAPLIPOINT,EQ,28-Jul-2021,904.9,900.05,943.00,885.0,932.5,931.4,914.18,1601805,1464341387.8,70151,189125.0,11.81
CAPLIPOINT,EQ,27-Jul-2021,944.0,962.0,"1,034.80",886.35,912.0,904.9,958.06,4255269,4076811415.9,152719,589909.0,13.86
CAPLIPOINT,EQ,26-Jul-2021,791.95,815.45,950.30,810.0,950.3,944.0,909.61,7539852,6858335975.5,237703,842695.0,11.18
CAPLIPOINT,EQ,23-Jul-2021,748.55,755.0,800.00,742.7,798.0,791.95,777.33,1403740,1091163211.85,45024,342978.0,24.43
CAPLIPOINT,EQ,22-Jul-2021,712.55,718.0,754.00,718.0,753.0,748.55,739.86,1017618,752892620.0,30818,330310.0,32.46
CAPLIPOINT,EQ,20-Jul-2021,703.45,712.0,718.00,690.45,714.9,712.55,707.87,482203,341336325.7,16550,168073.0,34.86
CAPLIPOINT,EQ,19-Jul-2021,690.2,686.5,711.00,681.4,709.95,703.45,697.4,253610,176868881.45,8206,127272.0,50.18
CAPLIPOINT,EQ,16-Jul-2021,683.55,686.0,695.00,680.2,688.3,690.2,686.81,135139,92814418.45,6416,44762.0,33.12
CAPLIPOINT,EQ,15-Jul-2021,690.25,696.3,696.30,679.55,687.0,683.55,686.54,266064,182663289.4,10165,104573.0,39.3
CAPLIPOINT,EQ,14-Jul-2021,690.25,690.25,704.50,686.0,691.0,690.25,693.82,506995,351763302.6,19646,152143.0,30.01
CAPLIPOINT,EQ,13-Jul-2021,659.4,662.35,699.00,658.35,690.0,690.25,679.77,663204,450823507.1,27365,209274.0,31.55
CAPLIPOINT,EQ,12-Jul-2021,659.45,665.15,673.00,656.0,657.0,659.4,664.5,159215,105799094.15,9266,69495.0,43.65
CAPLIPOINT,EQ,09-Jul-2021,663.2,664.2,668.50,657.8,660.0,659.45,661.14,106967,70719836.15,5920,47666.0,44.56
CAPLIPOINT,EQ,08-Jul-2021,671.15,670.0,680.00,656.0,664.5,663.2,668.35,140152,93670696.25,7501,61943.0,44.2
CAPLIPOINT,EQ,07-Jul-2021,679.8,680.1,686.35,666.4,672.7,671.15,676.24,144865,97963378.8,6193,63765.0,44.02
CAPLIPOINT,EQ,06-Jul-2021,686.3,688.9,696.55,675.65,679.0,679.8,685.14,253667,173796597.15,10618,98257.0,38.73
CAPLIPOINT,EQ,05-Jul-2021,680.35,694.0,722.40,681.25,685.7,686.3,704.44,1148964,809374834.9,33387,304409.0,26.49
CAPLIPOINT,EQ,02-Jul-2021,670.55,672.9,706.50,665.0,682.95,680.35,694.59,898889,624358038.4,31056,263467.0,29.31
CAPLIPOINT,EQ,01-Jul-2021,667.1,670.0,674.80,661.5,670.85,670.55,668.49,119234,79706431.15,5229,41844.0,35.09
CAPLIPOINT,EQ,30-Jun-2021,658.5,658.0,674.90,655.1,667.0,667.1,668.15,128486,85848014.0,7122,55400.0,43.12
CAPLIPOINT,EQ,29-Jun-2021,662.25,665.1,667.75,655.4,657.0,658.5,661.58,76843,50837987.05,4658,38344.0,49.9
CAPLIPOINT,EQ,28-Jun-2021,662.0,655.2,674.45,655.2,662.1,662.25,663.9,126116,83727792.65,6664,51532.0,40.86
CAPLIPOINT,EQ,25-Jun-2021,660.7,660.0,687.60,653.0,660.4,662.0,674.28,422336,284773695.25,16420,84981.0,20.12
CAPLIPOINT,EQ,24-Jun-2021,667.3,670.3,674.50,656.0,661.15,660.7,664.18,104612,69480762.6,5596,36118.0,34.53
CAPLIPOINT,EQ,23-Jun-2021,663.45,667.0,674.50,656.4,670.0,667.3,666.5,178014,118647049.8,9182,53113.0,29.84
CAPLIPOINT,EQ,22-Jun-2021,674.85,678.0,679.80,660.35,665.9,663.45,669.63,151056,101152142.9,7032,59243.0,39.22
CAPLIPOINT,EQ,21-Jun-2021,653.2,645.0,680.00,636.55,672.0,674.85,664.88,292482,194464546.2,12829,72738.0,24.87
CAPLIPOINT,EQ,18-Jun-2021,668.75,673.0,674.65,621.65,652.0,653.2,648.09,295786,191696140.4,14201,94628.0,31.99
CAPLIPOINT,EQ,17-Jun-2021,674.9,673.0,685.95,665.0,668.0,668.75,675.66,236564,159835787.5,10908,85980.0,36.35
CAPLIPOINT,EQ,16-Jun-2021,678.05,681.0,684.25,666.4,673.2,674.9,676.31,254065,171827896.15,9864,88422.0,34.8
CAPLIPOINT,EQ,15-Jun-2021,674.55,685.0,694.50,675.0,679.8,678.05,684.6,632900,433281428.2,19299,196011.0,30.97
CAPLIPOINT,EQ,14-Jun-2021,665.55,667.0,691.75,645.55,676.0,674.55,671.68,1407547,945420365.65,53532,321102.0,22.81
CAPLIPOINT,EQ,11-Jun-2021,614.85,616.8,682.00,609.2,656.0,665.55,660.5,1389390,917694821.2,45092,329397.0,23.71
CAPLIPOINT,EQ,10-Jun-2021,622.8,626.7,633.75,612.05,615.5,614.85,623.11,228711,142512498.95,7637,88498.0,38.69
CAPLIPOINT,EQ,09-Jun-2021,598.1,601.85,643.00,601.05,623.0,622.8,628.3,1209785,760104568.3,37238,287122.0,23.73
CAPLIPOINT,EQ,08-Jun-2021,597.2,602.0,604.00,592.25,597.6,598.1,597.7,167240,99960168.1,6422,81139.0,48.52
CAPLIPOINT,EQ,07-Jun-2021,598.2,603.0,605.00,592.1,597.0,597.2,596.42,158503,94533639.55,4801,106649.0,67.29
CAPLIPOINT,EQ,04-Jun-2021,598.05,607.9,608.90,597.0,597.9,598.2,600.61,141398,84924561.5,5568,68114.0,48.17
CAPLIPOINT,EQ,03-Jun-2021,590.35,596.7,604.75,586.1,597.0,598.05,594.19,129510,76952923.45,4666,58060.0,44.83
CAPLIPOINT,EQ,02-Jun-2021,588.55,590.9,595.00,585.0,587.5,590.35,590.19,106669,62954661.5,4243,43956.0,41.21
CAPLIPOINT,EQ,01-Jun-2021,597.45,599.0,604.95,586.55,589.6,588.55,593.35,121650,72180963.25,4865,53702.0,44.14
CAPLIPOINT,EQ,31-May-2021,594.5,595.95,608.80,590.0,597.0,597.45,599.22,194075,116293120.15,7377,58041.0,29.91
CAPLIPOINT,EQ,28-May-2021,600.5,605.0,605.90,592.0,596.9,594.5,597.95,112887,67500964.6,5753,55634.0,49.28
CAPLIPOINT,EQ,27-May-2021,601.2,606.9,610.40,597.5,600.9,600.5,603.24,131277,79191699.75,5418,59844.0,45.59
CAPLIPOINT,EQ,26-May-2021,612.05,613.0,617.00,598.5,602.0,601.2,605.86,230739,139794874.85,9991,91865.0,39.81
CAPLIPOINT,EQ,25-May-2021,620.7,625.0,636.15,606.05,612.8,612.05,621.66,322432,200443070.95,10935,101920.0,31.61
CAPLIPOINT,EQ,24-May-2021,589.5,596.75,625.00,595.0,625.0,620.7,613.94,538728,330749117.1,17804,224348.0,41.64
CAPLIPOINT,EQ,21-May-2021,584.15,580.1,596.00,580.1,589.0,589.5,590.91,215534,127361656.55,7454,89347.0,41.45
CAPLIPOINT,EQ,20-May-2021,588.85,590.0,599.50,582.15,585.0,584.15,589.45,245094,144470254.35,9382,83039.0,33.88
CAPLIPOINT,EQ,19-May-2021,625.25,624.0,624.00,575.55,590.0,588.85,601.42,544867,327692326.8,17047,227785.0,41.81
CAPLIPOINT,EQ,18-May-2021,629.75,634.9,637.75,611.15,621.9,625.25,624.6,515929,322249523.6,19630,181523.0,35.18
CAPLIPOINT,EQ,17-May-2021,590.15,599.0,647.80,596.0,630.0,629.75,624.64,1343432,839165704.55,44821,428000.0,31.86
CAPLIPOINT,EQ,14-May-2021,565.05,562.0,597.00,562.0,591.6,590.15,587.07,953227,559614583.55,27272,321952.0,33.77
CAPLIPOINT,EQ,12-May-2021,577.1,578.0,587.95,559.55,567.55,565.05,575.94,335950,193486330.15,12708,142822.0,42.51
CAPLIPOINT,EQ,11-May-2021,581.6,573.0,587.85,572.9,578.0,577.1,577.35,390165,225261238.0,10152,202034.0,51.78
CAPLIPOINT,EQ,10-May-2021,577.55,580.0,599.00,580.0,582.0,581.6,586.5,580973,340741744.05,18853,243182.0,41.86
CAPLIPOINT,EQ,07-May-2021,560.3,572.4,584.40,546.1,575.0,577.55,569.02,1436015,817127751.85,34136,443425.0,30.88
CAPLIPOINT,EQ,06-May-2021,523.7,535.0,572.00,520.45,561.2,560.3,549.53,2707513,1487872228.3,68261,614008.0,22.68
CAPLIPOINT,EQ,05-May-2021,510.9,515.9,529.90,515.0,523.0,523.7,524.18,600723,314885017.35,16134,168989.0,28.13
CAPLIPOINT,EQ,04-May-2021,502.85,505.85,526.75,504.15,513.8,510.9,519.01,653800,339326148.7,17203,223822.0,34.23
CAPLIPOINT,EQ,03-May-2021,493.1,492.0,510.00,485.25,505.0,502.85,501.04,214869,107656976.5,7438,88404.0,41.14
CAPLIPOINT,EQ,30-Apr-2021,499.75,495.0,504.00,491.1,493.5,493.1,497.13,135962,67591315.6,5261,61588.0,45.3
CAPLIPOINT,EQ,29-Apr-2021,505.15,506.2,511.55,498.0,500.0,499.75,504.01,183029,92247699.25,5643,75909.0,41.47
CAPLIPOINT,EQ,28-Apr-2021,498.9,498.2,513.00,498.2,505.05,505.15,505.68,216644,109552749.6,6342,93619.0,43.21
CAPLIPOINT,EQ,27-Apr-2021,504.35,507.9,517.40,495.05,497.85,498.9,506.8,263594,133589175.65,8396,109207.0,41.43
CAPLIPOINT,EQ,26-Apr-2021,507.05,510.0,514.00,501.0,505.2,504.35,505.17,224679,113500001.3,7151,94343.0,41.99
CAPLIPOINT,EQ,23-Apr-2021,521.45,525.0,533.00,500.75,504.2,507.05,519.25,664299,344934018.85,22749,139293.0,20.97
CAPLIPOINT,EQ,22-Apr-2021,507.55,507.85,531.00,503.0,518.3,521.45,522.88,1147680,600104215.8,45302,288376.0,25.13
CAPLIPOINT,EQ,20-Apr-2021,491.75,511.0,520.00,502.0,504.0,507.55,509.32,1068631,544277454.1,33499,251649.0,23.55
CAPLIPOINT,EQ,19-Apr-2021,465.55,463.9,504.90,448.35,492.5,491.75,489.5,1483755,726303468.9,41239,239201.0,16.12
CAPLIPOINT,EQ,16-Apr-2021,454.4,456.0,472.00,454.05,466.05,465.55,462.02,106074,49008743.8,4103,63983.0,60.32
CAPLIPOINT,EQ,15-Apr-2021,452.95,458.0,464.90,451.9,453.55,454.4,456.42,89802,40987861.25,3898,31919.0,35.54
CAPLIPOINT,EQ,13-Apr-2021,450.55,450.75,458.95,448.6,452.5,452.95,453.65,65538,29731528.2,2941,22139.0,33.78
CAPLIPOINT,EQ,12-Apr-2021,473.5,474.05,474.05,448.0,449.7,450.55,458.53,173183,79408916.55,7329,76432.0,44.13
CAPLIPOINT,EQ,09-Apr-2021,471.15,471.0,485.00,463.25,474.05,473.5,475.93,256873,122254304.5,9623,76978.0,29.97
CAPLIPOINT,EQ,08-Apr-2021,471.35,474.3,479.40,470.1,471.75,471.15,475.61,156041,74215422.05,5437,73078.0,46.83
CAPLIPOINT,EQ,07-Apr-2021,461.6,463.0,478.90,461.0,471.65,471.35,470.83,329131,154964063.75,11039,98178.0,29.83
CAPLIPOINT,EQ,06-Apr-2021,454.95,453.05,470.90,430.4,461.0,461.6,460.68,304141,140112218.55,11892,77421.0,25.46
CAPLIPOINT,EQ,05-Apr-2021,452.35,452.7,466.60,436.65,456.7,454.95,451.22,344851,155603725.15,13847,72241.0,20.95
CAPLIPOINT,EQ,01-Apr-2021,403.45,407.45,464.00,407.35,454.0,452.35,451.47,1100784,496976390.1,39849,143076.0,13.0
CAPLIPOINT,EQ,31-Mar-2021,411.1,412.4,413.20,401.0,401.95,403.45,407.04,149054,60670763.25,5326,98410.0,66.02
CAPLIPOINT,EQ,30-Mar-2021,415.0,416.1,421.00,410.0,411.0,411.1,414.95,120931,50180461.2,4515,72222.0,59.72
CAPLIPOINT,EQ,26-Mar-2021,413.95,416.0,421.90,413.0,415.0,415.0,416.33,84590,35217301.05,2983,56447.0,66.73
CAPLIPOINT,EQ,25-Mar-2021,427.95,427.5,431.45,411.65,413.95,413.95,418.23,134879,56410442.9,6329,78929.0,58.52
CAPLIPOINT,EQ,24-Mar-2021,428.25,428.0,435.95,426.25,429.0,427.95,430.47,105525,45425455.0,3418,46388.0,43.96
CAPLIPOINT,EQ,23-Mar-2021,428.4,429.9,434.20,427.0,428.1,428.25,429.53,76337,32789309.65,2841,42955.0,56.27
CAPLIPOINT,EQ,22-Mar-2021,430.85,426.05,437.70,426.05,427.1,428.4,431.64,76533,33034361.1,3166,42692.0,55.78
CAPLIPOINT,EQ,19-Mar-2021,432.15,427.0,438.00,412.4,428.95,430.85,426.4,133604,56968474.55,5462,64864.0,48.55
CAPLIPOINT,EQ,18-Mar-2021,439.95,440.05,445.95,429.0,433.9,432.15,436.55,232327,101422125.65,6262,152758.0,65.75
CAPLIPOINT,EQ,17-Mar-2021,452.55,452.5,455.65,438.0,439.95,439.95,446.07,120443,53726426.4,5477,76743.0,63.72
CAPLIPOINT,EQ,16-Mar-2021,451.9,452.15,458.45,450.1,452.0,452.55,454.63,97414,44287379.05,2883,59656.0,61.24
CAPLIPOINT,EQ,15-Mar-2021,458.8,459.95,461.55,450.0,452.5,451.9,454.45,86998,39536576.0,4169,47558.0,54.67
CAPLIPOINT,EQ,12-Mar-2021,461.75,464.8,467.80,457.0,458.0,458.8,462.62,92142,42626904.35,4094,46080.0,50.01
CAPLIPOINT,EQ,10-Mar-2021,456.0,458.8,463.90,455.0,461.2,461.75,458.74,66098,30321868.15,2891,33709.0,51.0
CAPLIPOINT,EQ,09-Mar-2021,460.3,463.95,463.95,454.6,456.1,456.0,458.09,86480,39616048.45,3225,54302.0,62.79
CAPLIPOINT,EQ,08-Mar-2021,459.25,465.95,465.95,460.0,460.4,460.3,461.72,60773,28060295.25,2558,31736.0,52.22
CAPLIPOINT,EQ,05-Mar-2021,460.6,460.6,464.95,458.0,459.9,459.25,461.53,97565,45029401.2,3410,53569.0,54.91
CAPLIPOINT,EQ,04-Mar-2021,461.25,461.95,468.80,458.0,460.0,460.6,463.58,104622,48500276.7,3324,57057.0,54.54
CAPLIPOINT,EQ,03-Mar-2021,464.9,466.0,471.90,459.0,461.9,461.25,464.92,153885,71544095.0,4485,103140.0,67.02
CAPLIPOINT,EQ,02-Mar-2021,466.9,470.0,471.40,457.1,466.0,464.9,464.37,93744,43532302.3,4257,53615.0,57.19
CAPLIPOINT,EQ,01-Mar-2021,464.55,468.7,470.90,465.05,467.0,466.9,467.48,93765,43833352.85,3062,55539.0,59.23
CAPLIPOINT,EQ,26-Feb-2021,465.45,463.0,470.70,461.4,464.0,464.55,466.29,98266,45820525.7,3445,49974.0,50.86
CAPLIPOINT,EQ,25-Feb-2021,466.25,468.7,473.10,463.25,467.0,465.45,467.46,103124,48206227.7,3230,62779.0,60.88
CAPLIPOINT,EQ,24-Feb-2021,469.1,469.0,474.95,461.65,466.0,466.25,469.46,61514,28878473.05,3028,30039.0,48.83
CAPLIPOINT,EQ,23-Feb-2021,475.55,477.7,478.65,460.65,468.75,469.1,470.28,191598,90104822.85,8038,70909.0,37.01
CAPLIPOINT,EQ,22-Feb-2021,486.95,489.5,498.80,471.55,474.0,475.55,483.69,186787,90347454.35,6335,75509.0,40.43
CAPLIPOINT,EQ,19-Feb-2021,474.5,479.7,501.20,467.05,489.9,486.95,489.77,509458,249516909.25,12235,185630.0,36.44
CAPLIPOINT,EQ,18-Feb-2021,466.0,465.2,481.25,465.2,479.0,474.5,472.48,106647,50388523.9,3273,62029.0,58.16
CAPLIPOINT,EQ,17-Feb-2021,471.1,469.95,469.95,462.5,466.0,466.0,466.19,101258,47205888.7,4205,47744.0,47.15
CAPLIPOINT,EQ,16-Feb-2021,475.9,477.95,480.70,470.05,470.5,471.1,474.26,84394,40024737.25,4360,45552.0,53.98
CAPLIPOINT,EQ,15-Feb-2021,468.3,473.5,481.05,473.5,480.0,475.9,477.19,168895,80594525.1,4770,87381.0,51.74
CAPLIPOINT,EQ,12-Feb-2021,465.15,465.2,472.00,465.0,468.1,468.3,468.68,88600,41524877.5,2962,42195.0,47.62
CAPLIPOINT,EQ,11-Feb-2021,457.75,457.95,466.45,457.0,464.0,465.15,461.9,110562,51068361.1,3237,56326.0,50.95
CAPLIPOINT,EQ,10-Feb-2021,462.25,464.5,464.50,456.1,457.0,457.75,460.7,101657,46833448.75,3752,58229.0,57.28
CAPLIPOINT,EQ,09-Feb-2021,461.25,465.0,466.85,460.5,463.0,462.25,463.09,87042,40308023.0,2710,37726.0,43.34
CAPLIPOINT,EQ,08-Feb-2021,466.65,469.95,470.95,460.0,461.0,461.25,464.31,158474,73581698.3,6347,87267.0,55.07
CAPLIPOINT,EQ,05-Feb-2021,481.6,480.2,484.80,464.8,466.75,466.65,470.8,252713,118977634.0,10021,150142.0,59.41
CAPLIPOINT,EQ,04-Feb-2021,485.55,488.75,494.95,474.75,478.35,481.6,484.76,442766,214635396.15,13601,190963.0,43.13
CAPLIPOINT,EQ,03-Feb-2021,467.25,471.35,491.90,468.15,486.0,485.55,481.33,250991,120808725.4,8672,109444.0,43.6
CAPLIPOINT,EQ,02-Feb-2021,458.85,462.95,472.70,460.6,469.9,467.25,467.29,111736,52213179.4,4856,54947.0,49.18
CAPLIPOINT,EQ,01-Feb-2021,459.5,461.7,463.95,452.0,458.8,458.85,458.74,92047,42225930.55,6330,48690.0,52.9
CAPLIPOINT,EQ,29-Jan-2021,462.2,472.0,472.90,458.0,459.0,459.5,462.66,90106,41688704.5,4112,51986.0,57.69
CAPLIPOINT,EQ,28-Jan-2021,465.85,465.0,467.00,458.0,461.0,462.2,462.39,131157,60645046.35,5477,67596.0,51.54
CAPLIPOINT,EQ,27-Jan-2021,473.55,472.95,472.95,463.0,468.15,465.85,466.2,107198,49975366.35,7290,55448.0,51.72
CAPLIPOINT,EQ,25-Jan-2021,479.05,483.0,486.55,466.0,469.4,473.55,478.0,109007,52105648.65,7108,48667.0,44.65
CAPLIPOINT,EQ,22-Jan-2021,486.65,487.05,490.50,477.05,479.15,479.05,482.08,218265,105221013.55,9487,76869.0,35.22
CAPLIPOINT,EQ,21-Jan-2021,494.7,496.0,498.25,485.0,488.0,486.65,490.84,95448,46849658.6,4896,52963.0,55.49
CAPLIPOINT,EQ,20-Jan-2021,493.65,496.0,504.00,492.0,494.7,494.7,497.77,155797,77550477.6,8836,66808.0,42.88
CAPLIPOINT,EQ,19-Jan-2021,482.95,484.05,507.60,483.05,493.0,493.65,496.67,331257,164526847.6,14427,107644.0,32.5
CAPLIPOINT,EQ,18-Jan-2021,487.55,487.55,504.00,480.0,484.6,482.95,489.6,287118,140572315.7,10836,70750.0,24.64
CAPLIPOINT,EQ,15-Jan-2021,491.8,494.9,496.40,485.8,486.95,487.55,491.42,109351,53737541.35,4351,54115.0,49.49
CAPLIPOINT,EQ,14-Jan-2021,481.15,480.0,497.00,475.0,491.2,491.8,489.1,249229,121897273.15,11586,82055.0,32.92
CAPLIPOINT,EQ,13-Jan-2021,485.5,487.9,488.60,480.0,483.0,481.15,483.78,100376,48559926.75,4728,56634.0,56.42
CAPLIPOINT,EQ,12-Jan-2021,491.9,490.0,492.00,484.0,485.65,485.5,486.59,206384,100425175.05,10149,129207.0,62.61
CAPLIPOINT,EQ,11-Jan-2021,499.95,500.0,504.55,491.25,492.5,491.9,495.44,145414,72044057.15,12332,88846.0,61.1
CAPLIPOINT,EQ,08-Jan-2021,499.15,500.0,509.90,497.5,501.0,499.95,501.84,123460,61957546.05,6643,70667.0,57.24
CAPLIPOINT,EQ,07-Jan-2021,503.35,507.9,507.95,494.0,498.35,499.15,500.88,125475,62848148.1,7330,74894.0,59.69
CAPLIPOINT,EQ,06-Jan-2021,504.55,506.0,510.00,499.1,503.5,503.35,505.49,123683,62520317.45,5974,70602.0,57.08
CAPLIPOINT,EQ,05-Jan-2021,507.7,506.8,509.10,501.35,504.85,504.55,505.59,84818,42883143.25,3802,48084.0,56.69
CAPLIPOINT,EQ,04-Jan-2021,505.1,506.45,515.10,506.0,509.0,507.7,509.21,121221,61726896.1,5082,69125.0,57.02
CAPLIPOINT,EQ,01-Jan-2021,506.4,505.0,509.90,502.0,506.25,505.1,505.6,111759,56505128.85,4991,70717.0,63.28
CAPLIPOINT,EQ,31-Dec-2020,503.1,506.45,513.30,503.1,505.0,506.4,509.0,186198,94774763.0,7374,70516.0,37.87
CAPLIPOINT,EQ,30-Dec-2020,505.1,505.1,507.05,497.1,504.1,503.1,503.63,110446,55624261.6,3072,72287.0,65.45
CAPLIPOINT,EQ,29-Dec-2020,506.45,508.7,512.00,504.6,506.0,505.1,507.04,100653,51034803.75,3716,51219.0,50.89
CAPLIPOINT,EQ,28-Dec-2022,713.3,713.35,719.65,706.0,710.4,711.15,713.15,14941,10655112.0,1931,6152.0,41.18
CAPLIPOINT,EQ,27-Dec-2022,705.0,705.0,720.45,701.2,719.0,713.3,712.44,26439,18836190.1,2891,11272.0,42.63
CAPLIPOINT,EQ,26-Dec-2022,706.4,709.95,715.0,696.65,701.1,705.0,708.52,33118,23464631.45,3278,17038.0,51.45
CAPLIPOINT,EQ,23-Dec-2022,708.85,705.0,725.45,700.8,708.0,706.4,712.72,78322,55821494.4,7065,29658.0,37.87
CAPLIPOINT,EQ,22-Dec-2022,726.8,726.8,730.6,700.6,709.15,708.85,710.02,53819,38212437.25,6102,28312.0,52.61
CAPLIPOINT,EQ,21-Dec-2022,736.15,740.7,743.85,720.1,725.95,726.8,732.4,32145,23543122.05,3262,15953.0,49.63
CAPLIPOINT,EQ,20-Dec-2022,727.55,727.55,740.15,724.15,733.55,736.15,733.96,35604,26131897.85,3249,17011.0,47.78
CAPLIPOINT,EQ,19-Dec-2022,726.85,730.5,737.85,720.8,724.05,727.55,726.53,26181,19021155.25,2536,12977.0,49.57
CAPLIPOINT,EQ,16-Dec-2022,739.05,736.3,742.9,723.85,728.0,726.85,728.78,26396,19236820.05,2457,15364.0,58.21
CAPLIPOINT,EQ,15-Dec-2022,738.05,741.75,745.9,735.5,735.8,739.05,740.45,26424,19565744.3,2100,14612.0,55.3
CAPLIPOINT,EQ,14-Dec-2022,713.75,717.6,740.7,706.05,740.7,738.05,731.27,70323,51424922.9,4661,33793.0,48.05
CAPLIPOINT,EQ,13-Dec-2022,723.45,723.0,723.45,708.1,712.5,713.75,714.86,105373,75326479.65,5281,61020.0,57.91
CAPLIPOINT,EQ,12-Dec-2022,737.5,730.8,739.5,721.05,723.5,723.45,724.52,54228,39289141.35,4640,29195.0,53.84
CAPLIPOINT,EQ,09-Dec-2022,746.75,750.0,750.0,731.6,739.0,737.5,740.39,37649,27874779.85,3428,23028.0,61.16
CAPLIPOINT,EQ,08-Dec-2022,739.8,745.65,750.95,740.05,745.0,746.75,745.35,27891,20788508.15,3920,14216.0,50.97
CAPLIPOINT,EQ,07-Dec-2022,761.1,761.0,761.0,730.5,739.6,739.8,742.88,61888,45975311.15,5492,37975.0,61.36
CAPLIPOINT,EQ,06-Dec-2022,765.6,765.0,769.7,755.5,761.0,761.1,761.97,27221,20741627.75,2524,15911.0,58.45
CAPLIPOINT,EQ,05-Dec-2022,761.05,765.35,777.8,759.0,760.0,765.6,770.73,121516,93655613.75,7333,47340.0,38.96
CAPLIPOINT,EQ,02-Dec-2022,755.25,759.2,766.35,749.1,763.0,761.05,757.23,27874,21106952.15,2215,16710.0,59.95
CAPLIPOINT,EQ,01-Dec-2022,755.45,759.7,761.0,746.45,754.0,755.25,754.08,60883,45910885.7,4788,36900.0,60.61
CAPLIPOINT,EQ,30-Nov-2022,754.25,756.95,759.0,747.55,755.0,755.45,754.17,24196,18247845.0,2891,15220.0,62.9
CAPLIPOINT,EQ,29-Nov-2022,758.25,762.05,763.4,750.0,750.5,754.25,756.48,23741,17959554.5,2689,12990.0,54.72
CAPLIPOINT,EQ,28-Nov-2022,735.15,737.95,765.5,735.25,759.0,758.25,755.06,82789,62510730.6,6046,37651.0,45.48
CAPLIPOINT,EQ,25-Nov-2022,738.05,741.75,741.75,732.85,735.05,735.15,735.08,19051,14003985.9,1834,9578.0,50.28
CAPLIPOINT,EQ,24-Nov-2022,734.25,734.0,743.0,733.25,739.5,738.05,738.87,23798,17583696.0,1789,12626.0,53.05
CAPLIPOINT,EQ,23-Nov-2022,732.7,733.0,736.4,731.05,735.0,734.25,734.42,14792,10863555.3,1405,7928.0,53.6
CAPLIPOINT,EQ,22-Nov-2022,735.9,739.6,739.6,730.05,732.0,732.7,733.04,25857,18954194.6,1839,17670.0,68.34
CAPLIPOINT,EQ,21-Nov-2022,726.0,726.0,739.0,720.35,734.0,735.9,732.67,50880,37278379.15,3394,30532.0,60.01
CAPLIPOINT,EQ,18-Nov-2022,729.15,722.0,735.0,718.1,726.5,726.0,727.96,66724,48572232.1,3730,33933.0,50.86
CAPLIPOINT,EQ,17-Nov-2022,751.4,752.05,756.15,715.1,724.2,729.15,738.67,67529,49881772.5,3461,43298.0,64.12
CAPLIPOINT,EQ,16-Nov-2022,762.35,762.0,771.95,750.0,751.0,751.4,754.93,36038,27206191.75,3133,16988.0,47.14
CAPLIPOINT,EQ,15-Nov-2022,775.3,785.7,785.75,755.0,761.05,762.35,768.57,98718,75871545.95,6214,33117.0,33.55
CAPLIPOINT,EQ,14-Nov-2022,731.35,735.65,780.0,735.65,775.05,775.3,766.59,297168,227807070.6,15257,84322.0,28.38
CAPLIPOINT,EQ,11-Nov-2022,732.7,735.95,740.05,726.95,740.0,731.35,731.88,48138,35231397.4,3729,34196.0,71.04
CAPLIPOINT,EQ,10-Nov-2022,738.65,738.6,749.95,726.05,734.0,732.7,738.8,37377,27613971.95,4094,18614.0,49.8
CAPLIPOINT,EQ,09-Nov-2022,737.65,737.65,747.0,733.95,742.0,738.65,741.25,39307,29136487.05,3380,20711.0,52.69
CAPLIPOINT,EQ,07-Nov-2022,738.6,740.0,758.3,731.0,738.0,737.65,741.51,83288,61758697.35,5646,48649.0,58.41
CAPLIPOINT,EQ,04-Nov-2022,738.25,740.0,742.5,735.0,740.0,738.6,738.26,33705,24882895.85,2850,19360.0,57.44
CAPLIPOINT,EQ,03-Nov-2022,739.95,739.0,740.5,734.05,734.05,738.25,738.85,20553,15185549.7,1679,14402.0,70.07
CAPLIPOINT,EQ,02-Nov-2022,733.75,733.85,741.0,729.55,737.0,739.95,739.11,24845,18363218.8,2231,14989.0,60.33
CAPLIPOINT,EQ,01-Nov-2022,724.85,724.0,744.4,722.8,734.3,733.75,736.08,31645,23293350.1,3020,10894.0,34.43
CAPLIPOINT,EQ,31-Oct-2022,734.2,738.15,742.15,716.95,725.1,724.85,729.69,21704,15837285.1,2597,9542.0,43.96
CAPLIPOINT,EQ,28-Oct-2022,746.6,746.0,749.0,731.0,739.0,734.2,738.3,22911,16915289.55,3615,12549.0,54.77
CAPLIPOINT,EQ,27-Oct-2022,744.75,746.0,754.5,740.5,744.5,746.6,747.08,43607,32578032.3,5056,26480.0,60.72
CAPLIPOINT,EQ,25-Oct-2022,739.55,741.0,748.0,736.6,746.95,744.75,742.92,34978,25985962.85,3470,21820.0,62.38
CAPLIPOINT,EQ,24-Oct-2022,740.85,745.1,746.7,735.0,735.4,739.55,741.57,7091,5258483.4,1079,3982.0,56.16
CAPLIPOINT,EQ,21-Oct-2022,737.75,739.0,745.9,732.05,740.0,740.85,741.81,28606,21220113.55,2753,16777.0,58.65
CAPLIPOINT,EQ,20-Oct-2022,730.05,725.5,742.65,725.5,740.0,737.75,737.77,36391,26848031.05,3774,16712.0,45.92
CAPLIPOINT,EQ,19-Oct-2022,718.35,721.95,735.0,717.5,731.0,730.05,729.26,35690,26027405.75,4734,14410.0,40.38
CAPLIPOINT,EQ,18-Oct-2022,708.8,712.35,735.0,708.05,720.0,718.35,725.57,65412,47460953.9,6073,18204.0,27.83
CAPLIPOINT,EQ,17-Oct-2022,709.25,712.8,715.0,700.0,711.9,708.8,707.84,18406,13028500.1,2438,9598.0,52.15
CAPLIPOINT,EQ,14-Oct-2022,710.2,714.95,720.0,705.05,709.0,709.25,712.72,21450,15287804.8,2503,10094.0,47.06
CAPLIPOINT,EQ,13-Oct-2022,712.55,715.0,719.8,700.05,707.8,710.2,708.37,29805,21112976.65,3006,12945.0,43.43
CAPLIPOINT,EQ,12-Oct-2022,720.65,720.1,723.0,704.6,714.0,712.55,712.58,19929,14201104.05,2503,10181.0,51.09
CAPLIPOINT,EQ,11-Oct-2022,729.25,727.0,733.45,715.0,719.0,720.65,725.43,27083,19646755.3,3252,14317.0,52.86
CAPLIPOINT,EQ,10-Oct-2022,734.7,731.15,736.75,725.9,728.0,729.25,730.27,21097,15406410.4,2121,8126.0,38.52
CAPLIPOINT,EQ,07-Oct-2022,740.35,740.0,744.1,730.15,736.85,734.7,733.48,39310,28833157.2,5474,15234.0,38.75
CAPLIPOINT,EQ,06-Oct-2022,746.35,746.35,755.6,738.3,739.5,740.35,744.35,39044,29062552.85,3245,18728.0,47.97
CAPLIPOINT,EQ,04-Oct-2022,746.95,749.0,759.4,736.6,747.0,746.35,751.77,36981,27801327.2,2611,16802.0,45.43
CAPLIPOINT,EQ,03-Oct-2022,744.4,735.0,752.8,735.0,744.5,746.95,747.7,45553,34060136.6,3580,18747.0,41.15
CAPLIPOINT,EQ,30-Sep-2022,728.95,728.95,749.5,689.45,742.0,744.4,735.32,246366,181158504.3,12337,46387.0,18.83
CAPLIPOINT,EQ,29-Sep-2022,723.9,727.55,746.9,725.0,730.0,728.95,734.55,25587,18794919.55,2943,11414.0,44.61
CAPLIPOINT,EQ,28-Sep-2022,731.45,724.8,737.8,720.0,723.0,723.9,730.02,22824,16661998.05,2356,9764.0,42.78
CAPLIPOINT,EQ,27-Sep-2022,702.6,707.2,743.45,702.65,724.7,731.45,731.73,96202,70394029.05,7359,23875.0,24.82
CAPLIPOINT,EQ,26-Sep-2022,717.55,710.0,717.5,697.05,708.55,702.6,703.88,48370,34046562.05,6845,25494.0,52.71
CAPLIPOINT,EQ,23-Sep-2022,730.75,734.45,742.8,714.05,721.0,717.55,724.25,40551,29369089.75,3394,17640.0,43.5
CAPLIPOINT,EQ,22-Sep-2022,719.4,723.8,735.0,715.7,735.0,730.75,724.59,46144,33435310.8,3685,19696.0,42.68
CAPLIPOINT,EQ,21-Sep-2022,716.45,715.9,734.5,714.45,716.1,719.4,723.66,51512,37277376.95,3835,17535.0,34.04
CAPLIPOINT,EQ,20-Sep-2022,721.85,721.25,735.45,709.25,712.0,716.45,721.13,100286,72319032.85,6423,52954.0,52.8
CAPLIPOINT,EQ,19-Sep-2022,739.45,738.0,738.0,719.35,722.0,721.85,728.1,53639,39054691.55,4819,30875.0,57.56
CAPLIPOINT,EQ,16-Sep-2022,754.7,757.55,758.5,736.0,737.0,739.45,742.78,53219,39530141.8,4783,32485.0,61.04
CAPLIPOINT,EQ,15-Sep-2022,763.5,767.0,771.0,753.0,756.0,754.7,757.36,48112,36438115.75,2800,25114.0,52.2
CAPLIPOINT,EQ,14-Sep-2022,767.95,757.0,767.25,756.6,765.0,763.5,762.69,37863,28877577.35,2646,19916.0,52.6
CAPLIPOINT,EQ,13-Sep-2022,769.2,773.6,777.0,764.8,767.0,767.95,771.66,33771,26059742.35,2321,16706.0,49.47
CAPLIPOINT,EQ,12-Sep-2022,765.75,769.6,775.0,764.35,766.2,769.2,769.75,156988,120841501.15,3085,123146.0,78.44
CAPLIPOINT,EQ,09-Sep-2022,786.55,791.0,791.9,762.25,764.25,765.75,772.18,88393,68254967.45,5204,47653.0,53.91
CAPLIPOINT,EQ,08-Sep-2022,777.2,781.0,797.95,781.0,788.0,786.55,789.0,87229,68823597.7,3675,48122.0,55.17
CAPLIPOINT,EQ,07-Sep-2022,774.55,774.0,779.9,771.0,777.0,777.2,776.92,26061,20247388.55,2159,11329.0,43.47
CAPLIPOINT,EQ,06-Sep-2022,775.0,775.5,785.0,771.35,775.0,774.55,777.96,36756,28594679.95,2435,17694.0,48.14
CAPLIPOINT,EQ,05-Sep-2022,772.85,780.0,780.0,762.65,775.6,775.0,775.09,65785,50988998.45,3959,27337.0,41.56
CAPLIPOINT,EQ,02-Sep-2022,782.95,786.8,789.85,770.0,770.0,772.85,776.4,49507,38437302.9,4395,21663.0,43.76
CAPLIPOINT,EQ,01-Sep-2022,778.8,775.0,788.0,774.4,784.0,782.95,782.31,37997,29725551.85,3524,19663.0,51.75
CAPLIPOINT,EQ,30-Aug-2022,757.7,760.1,787.5,760.1,780.0,778.8,774.6,116330,90108752.5,6796,67384.0,57.92
CAPLIPOINT,EQ,29-Aug-2022,763.75,736.65,761.0,736.65,757.1,757.7,753.86,40975,30889496.95,4057,19599.0,47.83
CAPLIPOINT,EQ,26-Aug-2022,767.65,772.7,775.0,756.05,762.0,763.75,766.43,33877,25964262.35,2572,17492.0,51.63
CAPLIPOINT,EQ,25-Aug-2022,775.05,779.55,790.0,765.75,768.0,767.65,775.85,55547,43096095.55,4260,27776.0,50.0
CAPLIPOINT,EQ,24-Aug-2022,767.85,771.7,779.95,769.0,777.0,775.05,773.98,31501,24381170.4,2598,15074.0,47.85
CAPLIPOINT,EQ,23-Aug-2022,763.1,759.6,770.75,755.0,769.0,767.85,763.72,53643,40968303.5,5005,24475.0,45.63
CAPLIPOINT,EQ,22-Aug-2022,779.35,779.4,779.95,760.15,763.4,763.1,766.82,70299,53906654.15,5890,30353.0,43.18
CAPLIPOINT,EQ,19-Aug-2022,796.3,798.0,802.9,767.45,778.3,779.35,784.32,76684,60144553.0,7414,37192.0,48.5
CAPLIPOINT,EQ,18-Aug-2022,803.55,807.5,807.5,793.7,798.0,796.3,798.0,48110,38391828.95,4032,26194.0,54.45
CAPLIPOINT,EQ,17-Aug-2022,813.25,817.0,819.8,800.05,805.5,803.55,809.2,36775,29758169.6,3231,22048.0,59.95
CAPLIPOINT,EQ,16-Aug-2022,793.45,798.0,839.95,793.45,814.95,813.25,810.13,54428,44093887.95,4864,24087.0,44.25
CAPLIPOINT,EQ,12-Aug-2022,803.9,808.5,808.85,789.0,792.15,793.45,796.83,55022,43843071.05,3727,26919.0,48.92
CAPLIPOINT,EQ,11-Aug-2022,810.0,816.2,819.8,800.0,805.0,803.9,808.62,57607,46581972.65,3478,29372.0,50.99
CAPLIPOINT,EQ,10-Aug-2022,813.4,818.0,819.7,806.0,810.0,810.0,811.2,47707,38700085.3,3760,20232.0,42.41
CAPLIPOINT,EQ,08-Aug-2022,820.15,824.3,824.3,810.0,813.0,813.4,814.77,56095,45704556.1,4087,25613.0,45.66
CAPLIPOINT,EQ,05-Aug-2022,815.55,823.0,842.0,805.0,820.0,820.15,826.28,212309,175427703.75,12573,45725.0,21.54
CAPLIPOINT,EQ,04-Aug-2022,815.95,823.6,831.5,789.1,819.95,815.55,812.97,87535,71162947.65,5952,31301.0,35.76
CAPLIPOINT,EQ,03-Aug-2022,842.95,842.7,842.7,810.1,812.2,815.95,822.84,86087,70835760.2,6112,42576.0,49.46
CAPLIPOINT,EQ,02-Aug-2022,834.2,837.0,856.8,820.65,836.0,842.95,841.77,285473,240303760.6,13930,95101.0,33.31
CAPLIPOINT,EQ,01-Aug-2022,778.05,784.0,846.0,784.0,837.0,834.2,831.31,564782,469509431.75,24007,174571.0,30.91
CAPLIPOINT,EQ,29-Jul-2022,760.15,762.0,787.0,762.0,784.0,778.05,771.72,59348,45799933.1,3646,28032.0,47.23
CAPLIPOINT,EQ,28-Jul-2022,758.1,764.55,777.8,756.1,760.0,760.15,764.21,40854,31221015.0,3218,15456.0,37.83
CAPLIPOINT,EQ,27-Jul-2022,777.05,783.6,783.6,754.5,759.0,758.1,765.54,43884,33595072.85,3967,20192.0,46.01
CAPLIPOINT,EQ,26-Jul-2022,805.0,809.05,810.95,772.05,775.0,777.05,789.58,66518,52520964.65,4887,26876.0,40.4
CAPLIPOINT,EQ,25-Jul-2022,801.0,801.0,824.9,790.0,803.9,805.0,812.58,236067,191822737.9,14598,53707.0,22.75
CAPLIPOINT,EQ,22-Jul-2022,789.2,791.0,822.85,780.0,799.8,801.0,808.1,336403,271846310.9,16625,105847.0,31.46
CAPLIPOINT,EQ,21-Jul-2022,772.2,780.0,811.8,770.0,784.5,789.2,788.5,213247,168144216.0,11331,53577.0,25.12
CAPLIPOINT,EQ,20-Jul-2022,738.3,742.0,776.75,740.3,773.95,772.2,765.9,211392,161905166.7,10721,68503.0,32.41
CAPLIPOINT,EQ,19-Jul-2022,727.15,729.6,747.55,728.0,741.0,738.3,738.78,36077,26652929.5,3510,14804.0,41.03
CAPLIPOINT,EQ,18-Jul-2022,723.2,728.25,728.3,722.0,727.9,727.15,725.75,17329,12576479.8,2244,7930.0,45.76
CAPLIPOINT,EQ,15-Jul-2022,732.5,736.2,736.2,714.0,722.05,723.2,722.52,31911,23056231.8,3058,15232.0,47.73
CAPLIPOINT,EQ,14-Jul-2022,731.35,734.0,739.4,728.0,734.3,732.5,734.15,19537,14343157.9,1702,9801.0,50.17
CAPLIPOINT,EQ,13-Jul-2022,736.2,736.2,742.0,730.0,732.5,731.35,735.79,16949,12470883.5,1608,9527.0,56.21
CAPLIPOINT,EQ,12-Jul-2022,731.3,727.2,742.0,725.25,734.0,736.2,738.18,24161,17835117.1,1804,10060.0,41.64
CAPLIPOINT,EQ,11-Jul-2022,730.2,729.95,739.4,729.55,730.1,731.3,733.17,20310,14890675.5,2106,9104.0,44.83
CAPLIPOINT,EQ,08-Jul-2022,733.95,737.65,738.15,729.0,730.05,730.2,733.06,16658,12211366.6,1564,8576.0,51.48
CAPLIPOINT,EQ,07-Jul-2022,740.7,744.75,745.75,730.0,740.9,733.95,737.6,20909,15422450.35,2026,10352.0,49.51
CAPLIPOINT,EQ,06-Jul-2022,726.4,730.05,744.65,720.05,740.0,740.7,736.56,48031,35377660.5,4210,22220.0,46.26
CAPLIPOINT,EQ,05-Jul-2022,734.95,742.65,742.65,712.85,733.75,726.4,728.61,46090,33581598.15,4046,14967.0,32.47
CAPLIPOINT,EQ,04-Jul-2022,708.75,710.8,738.75,706.0,735.0,734.95,726.84,80408,58443911.0,6726,35020.0,43.55
CAPLIPOINT,EQ,01-Jul-2022,710.4,704.0,714.15,704.0,711.25,708.75,709.92,26432,18764652.4,4844,13342.0,50.48
CAPLIPOINT,EQ,30-Jun-2022,710.55,714.15,717.95,705.0,713.0,710.4,711.03,24413,17358483.55,2940,11673.0,47.81
CAPLIPOINT,EQ,29-Jun-2022,714.3,714.0,726.0,706.55,707.5,710.55,717.45,36039,25856347.6,3272,10611.0,29.44
CAPLIPOINT,EQ,28-Jun-2022,711.65,711.5,716.7,703.0,716.0,714.3,709.4,15394,10920532.35,1921,7179.0,46.64
CAPLIPOINT,EQ,27-Jun-2022,693.0,698.3,716.1,697.0,712.8,711.65,710.61,53036,37688028.85,4535,14505.0,27.35
CAPLIPOINT,EQ,24-Jun-2022,682.5,686.45,695.0,684.0,692.0,693.0,690.32,19858,13708297.15,1981,8550.0,43.06
CAPLIPOINT,EQ,23-Jun-2022,686.9,690.35,694.85,680.0,682.05,682.5,687.06,19167,13168935.25,2267,7534.0,39.31
CAPLIPOINT,EQ,22-Jun-2022,676.1,674.9,697.8,662.45,687.85,686.9,683.77,50157,34295752.95,5678,16539.0,32.97
CAPLIPOINT,EQ,21-Jun-2022,633.9,652.0,683.75,640.25,669.0,676.1,663.97,43111,28624257.1,3976,15257.0,35.39
CAPLIPOINT,EQ,20-Jun-2022,663.8,665.2,669.35,631.0,640.2,633.9,646.47,41700,26957934.7,5314,20486.0,49.13
CAPLIPOINT,EQ,17-Jun-2022,685.75,685.0,688.65,658.25,669.5,663.8,672.6,38809,26102997.15,4037,19986.0,51.5
CAPLIPOINT,EQ,16-Jun-2022,706.15,710.1,712.65,680.0,690.0,685.75,695.54,79525,55312949.3,7273,39838.0,50.09
CAPLIPOINT,EQ,15-Jun-2022,715.95,715.95,719.35,703.3,703.3,706.15,710.61,32168,22858783.0,3376,17136.0,53.27
CAPLIPOINT,EQ,14-Jun-2022,714.5,712.5,721.4,705.0,720.0,715.95,715.45,42510,30413960.75,3724,20164.0,47.43
CAPLIPOINT,EQ,13-Jun-2022,762.75,758.1,760.0,711.5,714.0,714.5,728.77,81254,59215873.5,6987,49723.0,61.19
CAPLIPOINT,EQ,10-Jun-2022,770.3,770.3,771.25,758.45,761.1,762.75,764.29,22482,17182846.35,1745,11198.0,49.81
CAPLIPOINT,EQ,09-Jun-2022,761.8,762.3,777.0,757.0,768.0,770.3,770.56,46782,36048400.65,3292,14510.0,31.02
CAPLIPOINT,EQ,08-Jun-2022,783.15,783.15,787.1,760.1,763.9,761.8,766.42,42470,32550026.8,3550,19232.0,45.28
CAPLIPOINT,EQ,07-Jun-2022,765.7,769.55,789.0,765.75,784.55,783.15,780.98,102763,80256019.85,6639,35609.0,34.65
CAPLIPOINT,EQ,06-Jun-2022,759.5,750.0,771.6,750.0,768.9,765.7,764.7,58467,44709852.55,4458,19732.0,33.75
CAPLIPOINT,EQ,03-Jun-2022,755.95,761.2,778.05,744.75,759.8,759.5,766.93,103548,79413823.2,7643,32250.0,31.14
CAPLIPOINT,EQ,02-Jun-2022,740.35,744.55,760.0,736.95,754.3,755.95,749.91,39130,29343811.95,3244,15633.0,39.95
CAPLIPOINT,EQ,01-Jun-2022,742.15,741.5,753.75,735.0,739.0,740.35,743.47,33267,24732964.15,2969,11460.0,34.45
CAPLIPOINT,EQ,31-May-2022,756.95,763.55,763.55,735.0,738.35,742.15,745.94,60946,45461793.75,4666,34754.0,57.02
CAPLIPOINT,EQ,30-May-2022,732.6,737.35,767.1,735.65,764.0,756.95,753.79,89181,67223814.5,6778,31703.0,35.55
CAPLIPOINT,EQ,27-May-2022,739.9,746.0,752.1,731.0,734.0,732.6,738.74,31854,23531937.0,2933,10469.0,32.87
CAPLIPOINT,EQ,26-May-2022,721.15,727.0,758.7,707.35,740.0,739.9,732.14,72235,52886049.75,7241,21027.0,29.11
CAPLIPOINT,EQ,25-May-2022,733.7,726.1,760.0,716.25,724.9,721.15,740.4,110802,82037380.9,9767,22134.0,19.98
CAPLIPOINT,EQ,24-May-2022,745.95,745.0,753.9,730.1,731.0,733.7,741.52,54925,40727843.35,7057,23441.0,42.68
CAPLIPOINT,EQ,23-May-2022,776.65,780.9,786.05,742.3,746.0,745.95,755.66,76142,57537843.45,5803,27465.0,36.07
CAPLIPOINT,EQ,20-May-2022,800.5,787.05,800.0,771.05,774.7,776.65,789.67,248738,196419776.05,16369,47682.0,19.17
CAPLIPOINT,EQ,19-May-2022,742.4,727.4,814.0,723.0,782.4,800.5,786.91,848372,667593642.2,33763,137817.0,16.24
CAPLIPOINT,EQ,18-May-2022,719.6,723.8,749.9,722.0,746.3,742.4,740.44,85157,63053231.15,6565,40388.0,47.43
CAPLIPOINT,EQ,17-May-2022,713.65,718.95,726.4,714.15,722.0,719.6,719.18,35497,25528745.2,2738,19367.0,54.56
CAPLIPOINT,EQ,16-May-2022,707.55,707.6,725.0,701.0,715.0,713.65,715.4,74836,53537403.65,5956,23915.0,31.96
CAPLIPOINT,EQ,13-May-2022,663.3,669.65,716.9,669.35,707.7,707.55,691.55,253747,175478753.2,12400,133053.0,52.44
CAPLIPOINT,EQ,12-May-2022,667.95,660.1,680.0,651.25,664.0,663.3,664.04,333769,221637579.0,24310,37816.0,11.33
CAPLIPOINT,EQ,11-May-2022,673.75,677.3,677.5,626.0,672.0,667.95,650.92,108585,70679785.15,8566,46700.0,43.01
CAPLIPOINT,EQ,10-May-2022,682.7,683.5,686.95,670.0,675.0,673.75,678.42,57195,38802429.85,5431,34280.0,59.94
CAPLIPOINT,EQ,09-May-2022,692.4,692.4,695.85,676.0,684.0,682.7,682.66,53645,36621527.35,4627,29983.0,55.89
CAPLIPOINT,EQ,06-May-2022,703.3,704.0,719.55,673.4,689.0,692.4,689.05,74918,51622501.1,6143,33092.0,44.17
CAPLIPOINT,EQ,05-May-2022,701.2,709.6,734.0,700.0,704.3,703.3,710.91,50021,35560221.0,3821,15172.0,30.33
CAPLIPOINT,EQ,04-May-2022,695.05,699.35,730.9,695.1,696.0,701.2,709.97,145390,103222504.45,9745,60013.0,41.28
CAPLIPOINT,EQ,02-May-2022,704.4,703.95,706.65,686.9,697.0,695.05,693.64,57313,39754812.05,4326,27898.0,48.68
CAPLIPOINT,EQ,29-Apr-2022,711.0,711.7,716.3,701.3,708.0,704.4,709.46,71051,50407496.6,4642,30465.0,42.88
CAPLIPOINT,EQ,28-Apr-2022,721.25,729.55,732.0,708.0,713.4,711.0,717.11,86606,62106087.9,6253,31298.0,36.14
CAPLIPOINT,EQ,27-Apr-2022,751.5,751.5,753.05,718.15,722.5,721.25,729.11,131446,95838199.65,7789,45506.0,34.62
CAPLIPOINT,EQ,26-Apr-2022,772.7,777.2,779.75,742.2,754.4,751.5,763.19,64844,49488410.0,6164,26678.0,41.14
CAPLIPOINT,EQ,25-Apr-2022,790.1,789.0,789.0,769.0,771.0,772.7,776.78,86993,67574299.7,5424,19096.0,21.95
CAPLIPOINT,EQ,22-Apr-2022,803.8,806.9,811.8,785.1,791.0,790.1,798.5,41001,32739224.55,3443,14335.0,34.96
CAPLIPOINT,EQ,21-Apr-2022,788.35,793.25,820.0,790.05,807.0,803.8,811.04,154256,125107480.5,8962,55643.0,36.07
CAPLIPOINT,EQ,20-Apr-2022,773.7,777.0,794.75,773.2,788.45,788.35,787.19,68892,54231093.65,4879,27191.0,39.47
CAPLIPOINT,EQ,19-Apr-2022,784.4,789.0,795.25,765.0,766.0,773.7,782.56,50861,39801653.5,4009,18252.0,35.89
CAPLIPOINT,EQ,18-Apr-2022,769.15,769.0,830.0,750.5,784.0,784.4,794.46,321626,255519030.6,20052,68586.0,21.32
CAPLIPOINT,EQ,13-Apr-2022,769.65,776.0,783.0,766.6,769.95,769.15,774.67,40151,31103772.9,2866,13773.0,34.3
CAPLIPOINT,EQ,12-Apr-2022,776.1,776.1,787.0,758.1,769.3,769.65,772.64,67119,51858649.0,5672,19284.0,28.73
CAPLIPOINT,EQ,11-Apr-2022,761.8,766.2,785.0,764.75,774.4,776.1,774.45,63085,48856466.55,4629,22928.0,36.34
CAPLIPOINT,EQ,08-Apr-2022,765.4,766.5,773.0,756.0,759.9,761.8,762.73,78117,59581839.35,7120,27148.0,34.75
CAPLIPOINT,EQ,07-Apr-2022,782.4,786.1,788.55,761.35,765.0,765.4,774.46,73392,56838952.55,4019,33623.0,45.81
CAPLIPOINT,EQ,06-Apr-2022,771.05,770.0,788.0,755.05,784.0,782.4,776.85,100474,78053317.5,6454,27352.0,27.22
CAPLIPOINT,EQ,05-Apr-2022,776.55,784.4,803.0,765.05,765.9,771.05,782.39,215943,168950684.05,14245,56188.0,26.02
CAPLIPOINT,EQ,04-Apr-2022,711.7,722.4,791.55,720.05,786.6,776.55,757.47,350744,265678078.8,17605,87339.0,24.9
CAPLIPOINT,EQ,01-Apr-2022,678.2,683.4,715.95,677.65,713.85,711.7,706.26,96066,67847144.3,7403,40403.0,42.06
CAPLIPOINT,EQ,31-Mar-2022,689.15,694.1,697.95,675.0,677.7,678.2,685.19,52673,36091036.2,3875,30952.0,58.76
CAPLIPOINT,EQ,30-Mar-2022,688.85,693.6,703.8,681.55,691.7,689.15,688.86,125040,86135105.6,5953,70373.0,56.28
CAPLIPOINT,EQ,29-Mar-2022,681.3,685.0,700.0,679.0,681.0,688.85,689.21,294715,203119514.3,9345,49195.0,16.69
CAPLIPOINT,EQ,28-Mar-2022,703.7,704.0,709.6,680.0,682.6,681.3,687.86,141558,97371539.75,7887,82428.0,58.23
CAPLIPOINT,EQ,25-Mar-2022,717.15,717.0,721.95,701.0,706.75,703.7,708.17,85476,60531629.05,4738,47461.0,55.53
CAPLIPOINT,EQ,24-Mar-2022,727.25,725.0,729.4,716.0,718.2,717.15,721.17,43348,31261322.65,3439,18027.0,41.59
CAPLIPOINT,EQ,23-Mar-2022,706.9,714.55,739.0,707.0,725.0,727.25,718.96,119715,86069754.35,5885,47823.0,39.95
CAPLIPOINT,EQ,22-Mar-2022,734.4,730.0,733.6,700.0,706.7,706.9,710.95,267558,190221016.9,11232,135175.0,50.52
CAPLIPOINT,EQ,21-Mar-2022,738.65,741.0,744.45,730.25,733.0,734.4,738.59,102179,75468242.1,6452,54310.0,53.15
CAPLIPOINT,EQ,17-Mar-2022,729.45,735.0,754.7,734.15,738.0,738.65,745.54,184711,137709292.55,6645,101854.0,55.14
CAPLIPOINT,EQ,16-Mar-2022,728.95,729.0,736.0,726.05,729.0,729.45,730.5,32920,24048071.35,2220,18742.0,56.93
CAPLIPOINT,EQ,15-Mar-2022,729.0,732.65,740.0,725.0,728.25,728.95,731.14,42712,31228509.7,3466,23465.0,54.94
CAPLIPOINT,EQ,14-Mar-2022,736.7,740.0,742.95,719.6,730.0,729.0,728.4,53484,38957865.05,4327,25691.0,48.03
CAPLIPOINT,EQ,11-Mar-2022,733.0,733.0,743.0,725.15,735.2,736.7,735.58,56923,41871631.2,3744,13617.0,23.92
CAPLIPOINT,EQ,10-Mar-2022,721.3,728.6,749.85,728.6,730.3,733.0,739.66,73829,54608415.25,7077,22847.0,30.95
CAPLIPOINT,EQ,09-Mar-2022,717.75,722.0,725.25,705.1,719.0,721.3,716.31,101179,72475494.15,7895,32346.0,31.97
CAPLIPOINT,EQ,08-Mar-2022,704.75,712.45,721.95,689.55,711.9,717.75,708.24,71309,50503637.95,5877,22249.0,31.2
CAPLIPOINT,EQ,07-Mar-2022,704.7,690.0,718.0,688.0,708.0,704.75,708.27,106245,75250640.9,9565,38031.0,35.8
CAPLIPOINT,EQ,04-Mar-2022,724.55,720.0,720.0,701.05,709.0,704.7,711.65,50446,35899654.85,4640,18440.0,36.55
CAPLIPOINT,EQ,03-Mar-2022,695.05,695.0,730.0,695.0,721.95,724.55,720.93,137303,98986370.4,13353,30215.0,22.01
CAPLIPOINT,EQ,02-Mar-2022,667.2,660.0,703.65,660.0,703.65,695.05,681.52,172985,117892546.7,15471,85354.0,49.34
CAPLIPOINT,EQ,28-Feb-2022,680.3,680.0,684.1,652.3,664.5,667.2,668.09,118901,79436032.65,9686,50768.0,42.7
CAPLIPOINT,EQ,25-Feb-2022,660.35,676.55,685.15,670.9,682.0,680.3,680.36,110486,75170342.6,7186,53245.0,48.19
CAPLIPOINT,EQ,24-Feb-2022,724.25,706.0,710.65,650.0,660.0,660.35,687.32,155112,106612145.5,13602,69219.0,44.63
CAPLIPOINT,EQ,23-Feb-2022,733.25,740.2,746.85,719.1,728.0,724.25,732.14,47682,34909714.95,3917,20925.0,43.88
CAPLIPOINT,EQ,22-Feb-2022,749.65,737.0,752.0,724.0,734.4,733.25,738.7,101113,74692162.95,7608,43319.0,42.84
CAPLIPOINT,EQ,21-Feb-2022,768.1,770.0,770.0,745.85,747.85,749.65,752.03,66530,50032414.45,4602,36502.0,54.87
CAPLIPOINT,EQ,18-Feb-2022,785.45,780.1,788.75,765.0,766.8,768.1,776.91,29741,23106038.45,2752,12059.0,40.55
CAPLIPOINT,EQ,17-Feb-2022,781.7,785.55,790.0,775.1,790.0,785.45,782.19,32684,25565166.7,2551,13166.0,40.28
CAPLIPOINT,EQ,16-Feb-2022,779.8,790.0,792.3,775.0,779.0,781.7,785.55,52160,40974457.5,4652,13557.0,25.99
CAPLIPOINT,EQ,15-Feb-2022,767.5,770.0,784.4,736.0,781.2,779.8,762.16,108056,82355632.8,6662,34580.0,32.0
CAPLIPOINT,EQ,14-Feb-2022,782.45,770.0,778.7,751.25,769.0,767.5,766.94,72098,55295140.0,4903,39008.0,54.1
CAPLIPOINT,EQ,11-Feb-2022,799.4,795.0,805.0,775.0,777.2,782.45,792.95,61001,48370866.3,6287,22076.0,36.19
CAPLIPOINT,EQ,10-Feb-2022,782.15,782.15,805.4,779.05,792.9,799.4,790.59,68059,53806674.55,5286,25892.0,38.04
CAPLIPOINT,EQ,09-Feb-2022,790.4,796.0,801.0,775.0,777.0,782.15,788.96,53910,42532605.7,4131,24149.0,44.8
CAPLIPOINT,EQ,08-Feb-2022,801.35,802.0,808.05,787.0,790.0,790.4,794.48,55375,43994220.3,5746,23223.0,41.94
CAPLIPOINT,EQ,07-Feb-2022,805.55,810.0,817.6,787.0,800.5,801.35,798.24,70844,56550730.65,5960,28635.0,40.42
CAPLIPOINT,EQ,04-Feb-2022,829.65,826.05,831.95,800.45,808.0,805.55,815.52,63024,51397612.75,5251,26785.0,42.5
CAPLIPOINT,EQ,03-Feb-2022,825.7,833.65,846.0,811.0,827.0,829.65,836.49,275012,230043641.2,20015,49339.0,17.94
CAPLIPOINT,EQ,02-Feb-2022,798.4,799.0,830.0,799.0,828.0,825.7,819.58,55181,45225279.7,4830,19898.0,36.06
CAPLIPOINT,EQ,01-Feb-2022,795.15,792.0,806.75,792.0,798.0,798.4,799.21,41535,33195030.6,3379,16832.0,40.52
CAPLIPOINT,EQ,31-Jan-2022,803.2,803.35,813.9,789.0,794.85,795.15,799.98,57635,46106600.1,5308,22107.0,38.36
CAPLIPOINT,EQ,28-Jan-2022,812.85,819.55,828.95,800.15,802.05,803.2,815.16,40703,33179552.0,4155,15277.0,37.53
CAPLIPOINT,EQ,27-Jan-2022,822.4,821.85,833.75,807.5,808.0,812.85,820.89,78277,64256773.65,9710,28337.0,36.2
CAPLIPOINT,EQ,25-Jan-2022,789.4,789.4,824.8,782.2,821.0,822.4,810.75,111987,90793159.2,9052,48427.0,43.24
CAPLIPOINT,EQ,24-Jan-2022,788.15,789.95,809.2,764.0,789.0,789.4,789.88,132727,104838462.7,10068,44020.0,33.17
CAPLIPOINT,EQ,21-Jan-2022,810.65,809.0,811.05,780.0,790.0,788.15,797.3,69959,55778635.0,6792,34106.0,48.75
CAPLIPOINT,EQ,20-Jan-2022,807.9,808.6,833.4,805.0,808.3,810.65,819.85,78427,64298667.05,5324,27464.0,35.02
CAPLIPOINT,EQ,19-Jan-2022,825.85,818.3,827.3,802.3,810.0,807.9,814.1,79619,64817916.3,6142,41157.0,51.69
CAPLIPOINT,EQ,18-Jan-2022,836.65,842.0,842.0,817.3,821.95,825.85,827.73,81122,67147246.3,5317,40669.0,50.13
CAPLIPOINT,EQ,17-Jan-2022,853.65,859.55,860.8,830.05,835.0,836.65,846.76,62822,53194914.55,5381,28127.0,44.77
CAPLIPOINT,EQ,14-Jan-2022,841.6,841.95,869.95,837.4,854.5,853.65,857.14,117845,101009453.0,8083,42847.0,36.36
CAPLIPOINT,EQ,13-Jan-2022,835.65,835.5,846.85,830.1,836.25,841.6,838.44,89683,75193934.1,4717,44248.0,49.34
CAPLIPOINT,EQ,12-Jan-2022,835.5,836.05,841.8,830.15,832.0,835.65,835.53,53815,44963977.9,4077,27354.0,50.83
CAPLIPOINT,EQ,11-Jan-2022,839.55,839.55,847.35,831.05,833.0,835.5,838.34,85110,71350798.7,5862,34566.0,40.61
CAPLIPOINT,EQ,10-Jan-2022,855.35,861.55,861.55,831.0,834.6,839.55,849.78,86814,73772576.45,6751,25767.0,29.68
CAPLIPOINT,EQ,07-Jan-2022,852.95,850.0,860.35,844.05,855.8,855.35,851.09,85135,72457154.45,5496,32699.0,38.41
CAPLIPOINT,EQ,06-Jan-2022,864.1,859.5,888.0,840.4,854.0,852.95,865.05,220821,191020598.45,14844,47409.0,21.47
CAPLIPOINT,EQ,05-Jan-2022,864.2,863.1,871.0,855.0,865.0,864.1,864.46,60946,52685288.15,4810,24996.0,41.01
CAPLIPOINT,EQ,04-Jan-2022,872.45,876.0,879.55,853.65,864.95,864.2,863.1,85913,74151116.2,6454,30755.0,35.8
CAPLIPOINT,EQ,03-Jan-2022,858.2,860.5,884.0,858.7,873.0,872.45,870.69,108810,94740165.1,7295,41987.0,38.59
CAPLIPOINT,EQ,31-Dec-2021,861.0,862.0,869.0,848.0,859.0,858.2,857.01,106771,91504184.55,7764,37134.0,34.78
CAPLIPOINT,EQ,30-Dec-2021,868.2,870.9,875.85,859.5,859.5,861.0,865.61,107345,92919335.75,6553,33443.0,31.15
CAPLIPOINT,EQ,29-Dec-2021,831.7,833.9,879.5,833.9,871.0,868.2,863.56,585869,505931944.8,24790,164806.0,28.13
CAPLIPOINT,EQ,28-Dec-2023,"1,392.05","1,392.00","1,395.00","1,368.05","1,375.00","1,373.55","1,377.48",90812,125091529.55,12072,30130.0,33.18
CAPLIPOINT,EQ,27-Dec-2023,"1,421.10","1,425.85","1,428.25","1,376.40","1,391.00","1,392.05","1,393.93",122822,171205264.6,14199,44136.0,35.93
CAPLIPOINT,EQ,26-Dec-2023,"1,405.80","1,410.00","1,429.10","1,396.00","1,425.00","1,421.10","1,412.53",199075,281199402.85,19090,61498.0,30.89
CAPLIPOINT,EQ,22-Dec-2023,"1,300.90","1,309.00","1,421.20","1,302.10","1,420.00","1,405.80","1,382.62",514845,711835663.05,41012,115930.0,22.52
CAPLIPOINT,EQ,21-Dec-2023,"1,286.80","1,240.00","1,306.65","1,240.00","1,303.00","1,300.90","1,287.70",113571,146245270.45,13979,57525.0,50.65
CAPLIPOINT,EQ,20-Dec-2023,"1,296.90","1,307.00","1,309.95","1,265.35","1,266.00","1,286.80","1,296.52",145807,189041195.3,21507,85475.0,58.62
CAPLIPOINT,EQ,19-Dec-2023,"1,295.40","1,294.00","1,311.00","1,281.25","1,290.00","1,296.90","1,296.94",145120,188212100.7,12561,92558.0,63.78
CAPLIPOINT,EQ,18-Dec-2023,"1,269.70","1,278.70","1,301.40","1,268.05","1,300.60","1,295.40","1,286.83",106139,136583113.05,10352,55925.0,52.69
CAPLIPOINT,EQ,15-Dec-2023,"1,251.55","1,251.55","1,278.90","1,240.55","1,276.00","1,269.70","1,257.52",111020,139610288.55,9015,52977.0,47.72
CAPLIPOINT,EQ,14-Dec-2023,"1,221.30","1,223.00","1,255.40","1,222.80","1,252.00","1,251.55","1,241.12",102169,126804092.2,10119,59946.0,58.67
CAPLIPOINT,EQ,13-Dec-2023,"1,198.00","1,182.00","1,224.00","1,178.00","1,218.00","1,221.30","1,201.91",88746,106664781.4,14325,43158.0,48.63
CAPLIPOINT,EQ,12-Dec-2023,"1,202.90","1,210.30","1,212.80","1,194.15","1,195.20","1,198.00","1,200.76",70037,84097797.95,9172,32970.0,47.08
CAPLIPOINT,EQ,11-Dec-2023,"1,209.90","1,217.60","1,220.00","1,189.00","1,215.50","1,202.90","1,202.59",73351,88211019.6,10313,34356.0,46.84
CAPLIPOINT,EQ,08-Dec-2023,"1,230.95","1,230.95","1,236.30","1,202.00","1,209.00","1,209.90","1,217.83",66756,81297343.25,10145,26966.0,40.39
CAPLIPOINT,EQ,07-Dec-2023,"1,205.50","1,209.00","1,240.00","1,185.05","1,231.25","1,230.95","1,209.63",129346,156460566.2,16805,45471.0,35.15
CAPLIPOINT,EQ,06-Dec-2023,"1,250.00","1,258.00","1,259.30","1,200.10","1,206.00","1,205.50","1,216.56",174693,212525321.0,17655,93360.0,53.44
CAPLIPOINT,EQ,05-Dec-2023,"1,258.05","1,280.00","1,280.00","1,238.20","1,246.00","1,250.00","1,250.83",132423,165638814.15,15609,69568.0,52.53
CAPLIPOINT,EQ,04-Dec-2023,"1,294.45","1,328.40","1,328.40","1,240.00","1,267.65","1,258.05","1,269.41",156901,199171796.4,17314,82023.0,52.28
CAPLIPOINT,EQ,01-Dec-2023,"1,255.00","1,261.30","1,310.00","1,259.60","1,290.00","1,294.45","1,289.18",178641,230300266.2,15265,71149.0,39.83
CAPLIPOINT,EQ,30-Nov-2023,"1,256.50","1,260.50","1,266.55","1,247.00","1,250.00","1,255.00","1,257.79",63415,79762895.0,8143,30356.0,47.87
CAPLIPOINT,EQ,29-Nov-2023,"1,251.70","1,270.00","1,270.00","1,244.00","1,250.00","1,256.50","1,256.61",58877,73985590.7,6131,25034.0,42.52
CAPLIPOINT,EQ,28-Nov-2023,"1,229.45","1,225.05","1,272.95","1,221.60","1,251.00","1,251.70","1,250.85",86418,108096170.5,11408,31825.0,36.83
CAPLIPOINT,EQ,24-Nov-2023,"1,229.00","1,230.00","1,245.95","1,210.00","1,226.00","1,229.45","1,228.42",67916,83429599.7,7643,30041.0,44.23
CAPLIPOINT,EQ,23-Nov-2023,"1,220.45","1,220.45","1,249.90","1,218.10","1,230.00","1,229.00","1,232.66",91970,113367549.05,11063,26283.0,28.58
CAPLIPOINT,EQ,22-Nov-2023,"1,251.15","1,260.00","1,276.30","1,205.55","1,234.40","1,220.45","1,231.09",180663,222413136.75,20043,73579.0,40.73
CAPLIPOINT,EQ,21-Nov-2023,"1,269.60","1,270.00","1,315.40","1,237.45","1,245.00","1,251.15","1,269.99",115229,146339444.35,13181,38809.0,33.68
CAPLIPOINT,EQ,20-Nov-2023,"1,286.30","1,292.00","1,298.00","1,264.05","1,273.90","1,269.60","1,276.93",84978,108511194.15,10650,33333.0,39.23
CAPLIPOINT,EQ,17-Nov-2023,"1,284.50","1,284.50","1,309.80","1,261.55","1,288.15","1,286.30","1,285.67",76281,98071886.6,9133,22833.0,29.93
CAPLIPOINT,EQ,16-Nov-2023,"1,313.15","1,319.95","1,323.20","1,279.50","1,288.00","1,284.50","1,295.21",107250,138911214.6,10373,42153.0,39.3
CAPLIPOINT,EQ,15-Nov-2023,"1,262.05","1,284.00","1,337.80","1,252.05","1,310.00","1,313.15","1,298.28",345283,448274458.7,22875,123846.0,35.87
CAPLIPOINT,EQ,13-Nov-2023,"1,293.30","1,282.00","1,292.75","1,254.00","1,254.00","1,262.05","1,272.44",276152,351386873.9,19324,70388.0,25.49
CAPLIPOINT,EQ,12-Nov-2023,"1,199.00","1,250.00","1,350.00","1,235.50","1,302.00","1,293.30","1,276.62",311673,397888123.05,13013,90742.0,29.11
CAPLIPOINT,EQ,10-Nov-2023,"1,106.45","1,115.00","1,230.00","1,111.55","1,205.00","1,199.00","1,197.38",1483187,1775937392.1,79284,200735.0,13.53
CAPLIPOINT,EQ,09-Nov-2023,"1,097.50","1,095.25","1,137.90","1,082.15","1,111.00","1,106.45","1,115.96",264234,294875773.45,23372,67223.0,25.44
CAPLIPOINT,EQ,08-Nov-2023,"1,075.95","1,080.00","1,115.95","1,079.50","1,099.45","1,097.50","1,103.23",77286,85263991.45,6715,29407.0,38.05
CAPLIPOINT,EQ,07-Nov-2023,"1,091.45","1,054.00","1,108.95","1,054.00","1,081.20","1,075.95","1,086.95",82522,89697502.9,7754,26686.0,32.34
CAPLIPOINT,EQ,06-Nov-2023,"1,053.15","1,054.00","1,098.50","1,050.20","1,089.00","1,091.45","1,078.09",98820,106537118.05,10182,47432.0,48.0
CAPLIPOINT,EQ,03-Nov-2023,"1,008.80","1,016.00","1,058.20","1,013.00","1,055.00","1,053.15","1,041.95",98047,102159993.25,9300,45622.0,46.53
CAPLIPOINT,EQ,02-Nov-2023,"1,020.60","1,027.60","1,036.95","1,001.10","1,009.30","1,008.80","1,012.51",38875,39361407.7,4540,19523.0,50.22
CAPLIPOINT,EQ,01-Nov-2023,"1,025.50","1,027.00","1,039.50","1,007.90","1,012.10","1,020.60","1,028.30",33081,34017226.35,4342,16268.0,49.18
CAPLIPOINT,EQ,31-Oct-2023,"1,014.90","1,020.20","1,032.50","1,010.50","1,025.00","1,025.50","1,022.53",34843,35627981.3,4662,14521.0,41.68
CAPLIPOINT,EQ,30-Oct-2023,"1,016.65","1,016.65","1,033.90","1,001.20","1,011.80","1,014.90","1,015.01",36571,37119802.75,4804,15036.0,41.11
CAPLIPOINT,EQ,27-Oct-2023,976.75,981.85,"1,021.10",981.80,"1,018.00","1,016.65","1,009.47",52548,53045530.85,7263,21209.0,40.36
CAPLIPOINT,EQ,26-Oct-2023,999.75,996.95,996.95,954.00,984.00,976.75,970.51,89532,86891599.95,13376,45657.0,51.0
CAPLIPOINT,EQ,25-Oct-2023,997.40,"1,011.35","1,019.70",983.35,993.00,999.75,"1,003.00",53839,54000655.1,9000,23412.0,43.49
CAPLIPOINT,EQ,23-Oct-2023,"1,065.45","1,067.95","1,070.80",991.00,"1,009.00",997.40,"1,018.19",132784,135199354.75,17997,67822.0,51.08
CAPLIPOINT,EQ,20-Oct-2023,"1,072.55","1,077.95","1,084.25","1,060.00","1,060.00","1,065.45","1,071.17",39802,42634863.25,5383,14667.0,36.85
CAPLIPOINT,EQ,19-Oct-2023,"1,088.40","1,080.00","1,095.05","1,068.20","1,072.00","1,072.55","1,076.80",36863,39693962.1,4671,19360.0,52.52
CAPLIPOINT,EQ,18-Oct-2023,"1,070.25","1,079.85","1,098.05","1,060.00","1,091.55","1,088.40","1,078.13",57392,61875977.75,5955,20674.0,36.02
CAPLIPOINT,EQ,17-Oct-2023,"1,093.10","1,097.00","1,106.90","1,065.55","1,067.00","1,070.25","1,083.29",63691,68995593.6,6397,31358.0,49.23
CAPLIPOINT,EQ,16-Oct-2023,"1,107.90","1,097.85","1,129.75","1,073.10","1,093.00","1,093.10","1,091.75",87624,95663312.4,11767,32132.0,36.67
CAPLIPOINT,EQ,13-Oct-2023,"1,113.05","1,115.00","1,123.65","1,105.10","1,106.30","1,107.90","1,113.71",82628,92023771.0,7483,38467.0,46.55
CAPLIPOINT,EQ,12-Oct-2023,"1,071.55","1,077.20","1,143.95","1,063.40","1,116.80","1,113.05","1,110.45",267344,296871760.05,22429,115106.0,43.06
CAPLIPOINT,EQ,11-Oct-2023,"1,057.10","1,062.70","1,077.95","1,045.00","1,074.00","1,071.55","1,065.43",61824,65869264.05,6393,30624.0,49.53
CAPLIPOINT,EQ,10-Oct-2023,"1,053.00","1,058.30","1,075.00","1,047.55","1,059.95","1,057.10","1,062.87",50245,53403958.1,6195,25614.0,50.98
CAPLIPOINT,EQ,09-Oct-2023,"1,079.95","1,065.00","1,076.40","1,044.15","1,050.00","1,053.00","1,058.43",84335,89262911.55,10674,40397.0,47.9
CAPLIPOINT,EQ,06-Oct-2023,"1,082.00","1,078.35","1,084.95","1,065.15","1,079.90","1,079.95","1,075.46",73864,79438104.65,7144,31062.0,42.05
CAPLIPOINT,EQ,05-Oct-2023,"1,072.85","1,084.00","1,089.80","1,060.65","1,073.00","1,082.00","1,076.51",103482,111399698.7,10046,42287.0,40.86
CAPLIPOINT,EQ,04-Oct-2023,"1,050.10","1,054.85","1,078.00","1,027.60","1,074.65","1,072.85","1,057.49",188240,199061337.45,21419,79333.0,42.14
CAPLIPOINT,EQ,03-Oct-2023,"1,030.85","1,037.90","1,054.80","1,030.05","1,052.00","1,050.10","1,044.98",106337,111120449.4,8909,67057.0,63.06
CAPLIPOINT,EQ,29-Sep-2023,"1,027.60","1,032.70","1,037.90","1,018.60","1,025.00","1,030.85","1,029.17",65627,67541455.9,8403,33902.0,51.66
CAPLIPOINT,EQ,28-Sep-2023,"1,022.10","1,025.00","1,043.90","1,017.55","1,036.50","1,027.60","1,033.14",56729,58608982.7,6917,21355.0,37.64
CAPLIPOINT,EQ,27-Sep-2023,"1,013.70","1,015.00","1,049.90","1,015.00","1,020.00","1,022.10","1,032.87",101506,104842523.2,11639,35283.0,34.76
CAPLIPOINT,EQ,26-Sep-2023,997.85,"1,003.90","1,019.40",988.80,"1,015.00","1,013.70","1,009.43",53901,54409455.6,7208,31454.0,58.36
CAPLIPOINT,EQ,25-Sep-2023,999.80,999.70,"1,014.70",991.00,992.50,997.85,998.55,49543,49471072.1,7032,16282.0,32.86
CAPLIPOINT,EQ,22-Sep-2023,"1,003.40","1,010.00","1,012.10",984.30,"1,008.95",999.80,"1,000.24",40371,40380513.6,5226,14003.0,34.69
CAPLIPOINT,EQ,21-Sep-2023,"1,024.75","1,029.90","1,034.05",994.60,"1,011.40","1,003.40","1,012.78",66589,67440159.9,7790,33258.0,49.95
CAPLIPOINT,EQ,20-Sep-2023,"1,043.70","1,038.00","1,055.70","1,020.00","1,021.15","1,024.75","1,036.19",85109,88189085.65,8253,27789.0,32.65
CAPLIPOINT,EQ,18-Sep-2023,"1,044.80","1,044.50","1,059.00","1,027.80","1,046.50","1,043.70","1,045.54",89452,93525247.45,8990,41547.0,46.45
CAPLIPOINT,EQ,15-Sep-2023,"1,032.00","1,040.00","1,048.80","1,011.55","1,048.00","1,044.80","1,034.77",130730,135274943.35,12145,59173.0,45.26
CAPLIPOINT,EQ,14-Sep-2023,"1,000.85","1,011.90","1,037.00",989.40,"1,031.50","1,032.00","1,012.65",158233,160234804.5,14121,74694.0,47.21
CAPLIPOINT,EQ,13-Sep-2023,971.75,981.60,"1,010.00",960.10,"1,003.40","1,000.85",986.73,150368,148372695.1,14123,63765.0,42.41
CAPLIPOINT,EQ,12-Sep-2023,"1,037.10","1,042.25","1,048.35",961.95,976.35,971.75,986.14,271291,267531620.55,23862,144255.0,53.17
CAPLIPOINT,EQ,11-Sep-2023,"1,064.90","1,078.00","1,080.00","1,030.10","1,038.65","1,037.10","1,050.52",137643,144597106.05,11934,81299.0,59.07
CAPLIPOINT,EQ,08-Sep-2023,"1,071.15","1,084.00","1,092.35","1,055.00","1,065.00","1,064.90","1,070.46",74716,79980380.35,6363,39513.0,52.88
CAPLIPOINT,EQ,07-Sep-2023,"1,093.10","1,119.00","1,119.00","1,064.50","1,072.20","1,071.15","1,080.81",155507,168073003.9,13734,64533.0,41.5
CAPLIPOINT,EQ,06-Sep-2023,"1,114.05","1,125.00","1,127.90","1,087.55","1,095.00","1,093.10","1,103.62",108264,119481880.5,9338,54187.0,50.05
CAPLIPOINT,EQ,05-Sep-2023,"1,072.15","1,075.00","1,121.60","1,075.00","1,117.00","1,114.05","1,106.08",202027,223458641.1,14553,81061.0,40.12
CAPLIPOINT,EQ,04-Sep-2023,"1,096.30","1,109.30","1,118.90","1,062.00","1,077.00","1,072.15","1,076.52",274043,295013143.9,20279,76860.0,28.05
CAPLIPOINT,EQ,01-Sep-2023,"1,056.60","1,057.00","1,110.30","1,052.05","1,097.40","1,096.30","1,094.81",215560,235997077.1,16644,85719.0,39.77
CAPLIPOINT,EQ,31-Aug-2023,"1,077.25","1,092.00","1,093.95","1,046.30","1,054.00","1,056.60","1,065.56",136751,145716258.95,9341,73871.0,54.02
CAPLIPOINT,EQ,30-Aug-2023,"1,058.65","1,067.95","1,096.60","1,052.10","1,077.95","1,077.25","1,079.55",240479,259609966.85,18146,94810.0,39.43
CAPLIPOINT,EQ,29-Aug-2023,"1,017.85","1,025.30","1,072.25","1,023.00","1,055.10","1,058.65","1,053.86",196385,206962521.9,14560,77165.0,39.29
CAPLIPOINT,EQ,28-Aug-2023,"1,025.65","1,032.05","1,045.00","1,012.65","1,019.50","1,017.85","1,025.83",73317,75211041.85,6887,32340.0,44.11
CAPLIPOINT,EQ,25-Aug-2023,"1,023.05","1,023.05","1,034.05","1,007.15","1,024.00","1,025.65","1,022.00",72057,73641999.3,7753,27507.0,38.17
CAPLIPOINT,EQ,24-Aug-2023,"1,029.40","1,031.05","1,042.30","1,019.05","1,020.35","1,023.05","1,033.83",66101,68337457.0,5011,32295.0,48.86
CAPLIPOINT,EQ,23-Aug-2023,"1,029.35","1,034.75","1,044.30","1,025.00","1,025.00","1,029.40","1,033.06",64771,66912075.5,5222,29324.0,45.27
CAPLIPOINT,EQ,22-Aug-2023,"1,032.35","1,034.20","1,050.00","1,025.25","1,030.00","1,029.35","1,033.75",90684,93744979.85,7507,39150.0,43.17
CAPLIPOINT,EQ,21-Aug-2023,"1,057.10","1,062.00","1,062.00","1,026.00","1,030.00","1,032.35","1,041.09",83758,87199209.55,7664,34364.0,41.03
CAPLIPOINT,EQ,18-Aug-2023,"1,049.25","1,052.90","1,069.90","1,030.85","1,058.00","1,057.10","1,056.48",286091,302249611.15,19094,89135.0,31.16
CAPLIPOINT,EQ,17-Aug-2023,"1,062.00","1,066.30","1,068.00","1,037.55","1,050.00","1,049.25","1,052.42",108803,114506705.85,9204,43493.0,39.97
CAPLIPOINT,EQ,16-Aug-2023,"1,015.05","1,015.60","1,067.40","1,011.00","1,058.00","1,062.00","1,049.65",210592,221048645.65,15558,85126.0,40.42
CAPLIPOINT,EQ,14-Aug-2023,"1,032.45","1,034.70","1,042.05","1,001.00","1,014.85","1,015.05","1,019.23",161070,164166614.15,14559,64539.0,40.07
CAPLIPOINT,EQ,11-Aug-2023,"1,063.10","1,066.00","1,067.90","1,020.10","1,035.00","1,032.45","1,037.12",250677,259981933.05,16969,80813.0,32.24
CAPLIPOINT,EQ,10-Aug-2023,"1,007.90","1,011.00","1,077.45","1,010.00","1,067.90","1,063.10","1,056.84",842701,890601405.1,38956,226960.0,26.93
CAPLIPOINT,EQ,09-Aug-2023,995.60,998.00,"1,020.00",980.20,"1,011.50","1,007.90","1,002.78",468518,469822591.5,25381,134118.0,28.63
CAPLIPOINT,EQ,08-Aug-2023,896.00,896.00,"1,008.65",895.00,990.00,995.60,982.72,2431270,2389256399.75,100772,289534.0,11.91
CAPLIPOINT,EQ,07-Aug-2023,950.60,958.75,986.15,875.80,891.00,896.00,942.11,734060,691566360.8,44680,231098.0,31.48
CAPLIPOINT,EQ,04-Aug-2023,938.60,942.85,978.80,924.05,948.00,950.60,952.38,277136,263939882.3,18177,113162.0,40.83
CAPLIPOINT,EQ,03-Aug-2023,912.70,908.75,941.70,908.10,940.00,938.60,931.12,224243,208798060.9,16912,108863.0,48.55
CAPLIPOINT,EQ,02-Aug-2023,907.45,900.00,924.00,899.20,910.00,912.70,913.73,261509,238947713.95,19632,140229.0,53.62
CAPLIPOINT,EQ,01-Aug-2023,908.45,914.00,918.00,897.00,909.45,907.45,907.27,175709,159415272.75,10899,90602.0,51.56
CAPLIPOINT,EQ,31-Jul-2023,875.40,876.00,915.05,869.80,910.00,908.45,895.74,369887,331321195.4,17534,183546.0,49.62
CAPLIPOINT,EQ,28-Jul-2023,854.45,858.75,888.00,850.00,876.00,875.40,878.45,274914,241498018.4,15515,128195.0,46.63
CAPLIPOINT,EQ,27-Jul-2023,842.00,843.95,862.00,842.30,850.00,854.45,856.15,66688,57095259.5,6269,27348.0,41.01
CAPLIPOINT,EQ,26-Jul-2023,857.90,862.00,862.00,840.00,843.40,842.00,848.67,68975,58536903.75,5685,41364.0,59.97
CAPLIPOINT,EQ,25-Jul-2023,853.50,855.00,867.95,855.00,860.90,857.90,860.97,67931,58486566.55,5145,28608.0,42.11
CAPLIPOINT,EQ,24-Jul-2023,852.80,854.00,862.95,850.55,853.50,853.50,856.84,62707,53729695.75,4529,33557.0,53.51
CAPLIPOINT,EQ,21-Jul-2023,858.30,850.00,862.80,850.00,852.00,852.80,855.20,59489,50874756.8,3951,29320.0,49.29
CAPLIPOINT,EQ,20-Jul-2023,868.55,871.95,888.00,850.55,860.00,858.30,861.12,115927,99827587.2,9146,58834.0,50.75
CAPLIPOINT,EQ,19-Jul-2023,859.35,860.00,876.45,860.00,869.50,868.55,866.33,99201,85941247.15,7065,46535.0,46.91
CAPLIPOINT,EQ,18-Jul-2023,877.35,881.70,886.35,851.70,862.05,859.35,867.93,205620,178464047.9,13109,88948.0,43.26
CAPLIPOINT,EQ,17-Jul-2023,820.70,828.00,887.00,821.40,878.55,877.35,867.27,844039,732009663.9,34945,251187.0,29.76
CAPLIPOINT,EQ,14-Jul-2023,806.20,810.40,822.50,807.45,819.90,820.70,815.96,57767,47135847.4,4332,26916.0,46.59
CAPLIPOINT,EQ,13-Jul-2023,822.50,826.95,827.80,801.00,809.00,806.20,813.56,64782,52704146.0,5002,34459.0,53.19
CAPLIPOINT,EQ,12-Jul-2023,814.55,818.60,838.90,807.00,823.35,822.50,825.73,117689,97179168.4,10128,60970.0,51.81
CAPLIPOINT,EQ,11-Jul-2023,821.95,828.00,829.90,805.55,816.00,814.55,817.73,127922,104606239.45,10668,56765.0,44.37
CAPLIPOINT,EQ,10-Jul-2023,786.25,804.45,826.90,787.00,821.00,821.95,811.39,315351,255873145.9,15399,140794.0,44.65
CAPLIPOINT,EQ,07-Jul-2023,795.40,799.60,801.95,785.00,787.00,786.25,791.63,37153,29411328.2,4047,20169.0,54.29
CAPLIPOINT,EQ,06-Jul-2023,789.30,793.50,801.00,790.00,800.00,795.40,794.90,63585,50543601.4,4471,30151.0,47.42
CAPLIPOINT,EQ,05-Jul-2023,790.10,785.10,798.00,783.05,794.00,789.30,789.37,55829,44069807.4,6369,29935.0,53.62
CAPLIPOINT,EQ,04-Jul-2023,808.85,808.85,808.95,787.00,790.00,790.10,794.27,61681,48991448.6,4944,37436.0,60.69
CAPLIPOINT,EQ,03-Jul-2023,806.55,810.80,813.60,805.55,806.50,808.85,809.12,43047,34830103.05,3120,22461.0,52.18
CAPLIPOINT,EQ,30-Jun-2023,802.50,804.85,815.05,800.00,807.55,806.55,806.45,52834,42608179.2,4443,29240.0,55.34
CAPLIPOINT,EQ,28-Jun-2023,809.45,812.85,819.00,798.00,803.05,802.50,807.39,66004,53290739.3,4693,35354.0,53.56
CAPLIPOINT,EQ,27-Jun-2023,797.10,799.90,812.00,797.10,811.00,809.45,806.45,71776,57883924.55,6806,32335.0,45.05
CAPLIPOINT,EQ,26-Jun-2023,787.00,793.80,800.00,788.70,796.20,797.10,794.92,43433,34525603.3,2956,25897.0,59.63
CAPLIPOINT,EQ,23-Jun-2023,786.05,785.00,799.45,781.85,788.00,787.00,789.34,62814,49581883.15,6499,22285.0,35.48
CAPLIPOINT,EQ,22-Jun-2023,801.55,801.55,812.45,783.00,786.05,786.05,796.60,71166,56691123.05,6218,32679.0,45.92
CAPLIPOINT,EQ,21-Jun-2023,806.35,809.00,813.85,796.60,799.60,801.55,804.79,63790,51337566.35,5027,35084.0,55.0
CAPLIPOINT,EQ,20-Jun-2023,814.30,814.30,817.50,801.35,804.30,806.35,808.46,68961,55752336.5,4823,35446.0,51.4
CAPLIPOINT,EQ,19-Jun-2023,812.25,820.00,831.55,810.00,817.00,814.30,818.55,84980,69560139.5,5397,46167.0,54.33
CAPLIPOINT,EQ,16-Jun-2023,811.15,809.00,818.55,809.00,811.70,812.25,813.99,51891,42238905.25,3377,24301.0,46.83
CAPLIPOINT,EQ,15-Jun-2023,810.10,814.00,818.20,806.80,810.45,811.15,812.18,63202,51331088.1,4439,33548.0,53.08
CAPLIPOINT,EQ,14-Jun-2023,817.35,819.95,819.95,808.20,809.60,810.10,812.83,55913,45447843.1,4111,33644.0,60.17
CAPLIPOINT,EQ,13-Jun-2023,811.25,815.00,827.00,811.00,813.80,817.35,819.08,116106,95100221.4,6617,48178.0,41.49
CAPLIPOINT,EQ,12-Jun-2023,800.05,802.25,814.70,791.90,811.25,811.25,804.56,155856,125395378.5,9602,38391.0,24.63
CAPLIPOINT,EQ,09-Jun-2023,809.00,805.00,810.35,790.50,802.25,800.05,798.35,128490,102579742.8,8129,53396.0,41.56
CAPLIPOINT,EQ,08-Jun-2023,777.40,783.50,833.00,777.40,810.90,809.00,814.47,674987,549754668.9,26903,208966.0,30.96
CAPLIPOINT,EQ,07-Jun-2023,774.15,778.25,781.80,774.30,776.70,777.40,777.88,58403,45430527.0,3414,29056.0,49.75
CAPLIPOINT,EQ,06-Jun-2023,763.30,772.95,778.90,764.35,774.00,774.15,773.20,84109,65033339.7,5448,41997.0,49.93
CAPLIPOINT,EQ,05-Jun-2023,761.50,761.50,769.90,759.05,763.90,763.30,765.16,65450,50079639.6,4115,36015.0,55.03
CAPLIPOINT,EQ,02-Jun-2023,756.75,760.70,768.40,755.75,762.45,761.50,761.34,132048,100533373.6,4141,92068.0,69.72
CAPLIPOINT,EQ,01-Jun-2023,747.60,746.80,782.20,745.25,758.00,756.75,760.21,255167,193981352.2,13633,60240.0,23.61
CAPLIPOINT,EQ,31-May-2023,743.40,747.15,751.95,741.70,742.00,747.60,745.48,75164,56033235.1,4744,49773.0,66.22
CAPLIPOINT,EQ,30-May-2023,735.90,744.30,750.85,736.05,743.00,743.40,745.42,79577,59318099.95,5449,42530.0,53.45
CAPLIPOINT,EQ,29-May-2023,736.35,756.00,770.00,731.55,736.45,735.90,751.41,162699,122253918.75,10572,58718.0,36.09
CAPLIPOINT,EQ,26-May-2023,737.25,742.45,743.20,730.00,735.50,736.35,735.50,53297,39199835.95,3805,26702.0,50.1
CAPLIPOINT,EQ,25-May-2023,742.85,742.00,760.00,733.00,739.00,737.25,745.34,131338,97891042.95,8851,60382.0,45.97
CAPLIPOINT,EQ,24-May-2023,716.30,717.00,760.00,715.90,735.05,742.85,738.82,254537,188057082.1,16056,94066.0,36.96
CAPLIPOINT,EQ,23-May-2023,711.05,714.00,722.45,712.00,718.20,716.30,716.19,42567,30486068.5,3767,24891.0,58.47
CAPLIPOINT,EQ,22-May-2023,700.10,703.80,713.00,699.85,712.90,711.05,707.62,44116,31217464.25,3567,22750.0,51.57
CAPLIPOINT,EQ,19-May-2023,705.30,705.25,708.65,691.10,702.20,700.10,698.58,41448,28954694.4,2758,20580.0,49.65
CAPLIPOINT,EQ,18-May-2023,709.25,712.80,719.00,703.10,704.00,705.30,711.54,39545,28137928.1,3081,20104.0,50.84
CAPLIPOINT,EQ,17-May-2023,719.05,714.15,722.65,705.30,710.00,709.25,709.63,73783,52358282.25,5037,31315.0,42.44
CAPLIPOINT,EQ,16-May-2023,707.45,711.20,722.40,708.00,712.00,719.05,717.34,54538,39122128.1,3917,24863.0,45.59
CAPLIPOINT,EQ,15-May-2023,706.70,706.65,723.30,698.75,705.05,707.45,711.33,96776,68839786.75,7338,34639.0,35.79
CAPLIPOINT,EQ,12-May-2023,685.65,689.10,710.00,676.25,707.15,706.70,699.31,193556,135355689.65,11191,51357.0,26.53
CAPLIPOINT,EQ,11-May-2023,680.95,682.00,696.00,682.00,688.00,685.65,688.86,57602,39679920.5,5075,23475.0,40.75
CAPLIPOINT,EQ,10-May-2023,685.25,683.00,690.55,673.15,679.50,680.95,678.84,59803,40596470.9,3692,28448.0,47.57
CAPLIPOINT,EQ,09-May-2023,685.65,689.70,693.00,679.00,684.35,685.25,684.06,24776,16948308.85,2221,11494.0,46.39
CAPLIPOINT,EQ,08-May-2023,677.10,677.10,691.00,674.10,686.00,685.65,684.60,36582,25043931.75,3906,18045.0,49.33
CAPLIPOINT,EQ,05-May-2023,677.95,680.00,682.70,673.00,679.55,677.10,676.97,34959,23666209.65,3088,16905.0,48.36
CAPLIPOINT,EQ,04-May-2023,684.95,684.95,686.95,675.35,679.00,677.95,680.54,26219,17843192.8,3228,13758.0,52.47
CAPLIPOINT,EQ,03-May-2023,684.75,681.80,695.00,679.00,685.85,684.95,685.80,50496,34629943.35,4063,26262.0,52.01
CAPLIPOINT,EQ,02-May-2023,678.30,678.70,688.50,676.05,683.00,684.75,684.34,67435,46148549.3,5189,39065.0,57.93
CAPLIPOINT,EQ,28-Apr-2023,673.70,673.70,682.95,667.00,679.00,678.30,674.44,65155,43943398.95,5009,36793.0,56.47
CAPLIPOINT,EQ,27-Apr-2023,654.50,657.80,679.55,657.75,673.85,673.70,671.46,63622,42719563.9,4278,24718.0,38.85
CAPLIPOINT,EQ,26-Apr-2023,655.60,650.10,660.00,646.80,655.05,654.50,651.62,38251,24924953.15,2559,19374.0,50.65
CAPLIPOINT,EQ,25-Apr-2023,656.05,659.00,660.40,650.25,650.30,655.60,655.12,34886,22854604.95,2376,18701.0,53.61
CAPLIPOINT,EQ,24-Apr-2023,669.65,668.05,668.05,647.90,657.90,656.05,654.40,79681,52142888.1,5425,33654.0,42.24
CAPLIPOINT,EQ,21-Apr-2023,669.95,672.50,675.35,665.60,667.00,669.65,670.70,66641,44695886.55,4767,27196.0,40.81
CAPLIPOINT,EQ,20-Apr-2023,676.50,687.00,689.80,665.00,672.50,669.95,677.27,239713,162350554.8,14765,86372.0,36.03
CAPLIPOINT,EQ,19-Apr-2023,620.30,621.00,688.00,621.00,686.90,676.50,664.78,774672,514989396.4,29504,109573.0,14.14
CAPLIPOINT,EQ,18-Apr-2023,620.25,623.50,624.50,612.90,620.00,620.30,619.89,119105,73831754.65,3881,89412.0,75.07
CAPLIPOINT,EQ,17-Apr-2023,628.45,628.00,631.30,618.00,623.00,620.25,622.68,66786,41586039.15,4187,41854.0,62.67
CAPLIPOINT,EQ,13-Apr-2023,633.70,636.80,636.80,625.00,629.50,628.45,631.89,56944,35982399.15,3444,37754.0,66.3
CAPLIPOINT,EQ,12-Apr-2023,635.30,635.00,644.00,631.20,634.30,633.70,637.96,98768,63010195.15,6292,56862.0,57.57
CAPLIPOINT,EQ,11-Apr-2023,614.25,617.50,652.95,612.95,638.80,635.30,634.03,152041,96398820.75,10742,54700.0,35.98
CAPLIPOINT,EQ,10-Apr-2023,613.65,616.90,620.95,610.80,614.95,614.25,614.36,34662,21294984.5,2704,20486.0,59.1
CAPLIPOINT,EQ,06-Apr-2023,614.50,617.70,618.35,612.00,614.30,613.65,614.52,42421,26068658.45,2168,27059.0,63.79
CAPLIPOINT,EQ,05-Apr-2023,609.90,615.00,628.00,608.80,614.90,614.50,616.69,80205,49461778.25,4492,41370.0,51.58
CAPLIPOINT,EQ,03-Apr-2023,595.95,599.10,615.95,596.00,610.00,609.90,609.80,217297,132508594.2,5679,173037.0,79.63
CAPLIPOINT,EQ,31-Mar-2023,592.50,596.40,603.80,583.55,591.25,595.95,596.95,167020,99702313.6,7396,102612.0,61.44
CAPLIPOINT,EQ,29-Mar-2023,584.15,588.20,600.00,575.00,592.00,592.50,589.78,156855,92510062.3,8160,90221.0,57.52
CAPLIPOINT,EQ,28-Mar-2023,591.80,591.80,599.00,580.00,581.00,584.15,586.40,130833,76720087.85,5990,90502.0,69.17
CAPLIPOINT,EQ,27-Mar-2023,597.60,597.50,604.95,590.00,593.00,591.80,593.65,144527,85799019.0,6714,106184.0,73.47
CAPLIPOINT,EQ,24-Mar-2023,601.80,604.20,606.70,591.10,599.80,597.60,596.48,129626,77319051.0,8574,78323.0,60.42
CAPLIPOINT,EQ,23-Mar-2023,604.25,609.00,609.00,600.00,601.95,601.80,604.15,50677,30616674.45,4962,32715.0,64.56
CAPLIPOINT,EQ,22-Mar-2023,614.45,617.50,620.50,601.60,604.80,604.25,609.32,108187,65920269.6,7664,60196.0,55.64
CAPLIPOINT,EQ,21-Mar-2023,631.50,625.60,636.85,611.25,613.50,614.45,625.21,108090,67579460.2,7716,49294.0,45.6
CAPLIPOINT,EQ,20-Mar-2023,610.60,639.95,662.00,611.00,622.80,631.50,645.18,1372787,885689169.95,39984,398778.0,29.05
CAPLIPOINT,EQ,17-Mar-2023,613.80,616.00,631.95,605.00,614.00,610.60,614.59,82915,50959090.45,6546,51693.0,62.34
CAPLIPOINT,EQ,16-Mar-2023,629.70,625.50,632.85,610.00,612.70,613.80,617.86,86012,53143790.6,8801,54148.0,62.95
CAPLIPOINT,EQ,15-Mar-2023,637.00,640.20,644.65,621.05,633.00,629.70,631.52,62394,39402971.45,4936,38231.0,61.27
CAPLIPOINT,EQ,14-Mar-2023,651.80,655.15,657.45,635.00,638.00,637.00,642.93,42537,27348446.05,4723,24311.0,57.15
CAPLIPOINT,EQ,13-Mar-2023,659.10,660.00,662.35,645.00,648.80,651.80,653.44,36998,24176156.6,3619,22286.0,60.24
CAPLIPOINT,EQ,10-Mar-2023,663.15,663.15,663.30,656.20,658.90,659.10,659.43,30244,19943841.25,2614,17824.0,58.93
CAPLIPOINT,EQ,09-Mar-2023,659.55,660.85,670.05,660.85,665.00,663.15,664.84,54050,35934845.35,4910,23867.0,44.16
CAPLIPOINT,EQ,08-Mar-2023,666.15,664.00,680.00,657.00,658.20,659.55,669.20,69805,46713829.2,5831,27462.0,39.34
CAPLIPOINT,EQ,06-Mar-2023,663.85,667.30,678.25,660.00,662.00,666.15,669.06,67751,45329633.95,5260,29557.0,43.63
CAPLIPOINT,EQ,03-Mar-2023,655.85,658.45,674.00,656.05,659.05,663.85,664.10,73851,49044208.0,5696,15702.0,21.26
CAPLIPOINT,EQ,02-Mar-2023,659.90,660.00,664.85,655.00,660.00,655.85,658.47,32954,21699345.95,2464,18722.0,56.81
CAPLIPOINT,EQ,01-Mar-2023,653.25,656.00,663.40,654.95,662.40,659.90,658.83,27030,17808251.65,4177,13612.0,50.36
CAPLIPOINT,EQ,28-Feb-2023,663.30,657.30,664.95,650.95,652.55,653.25,656.08,64582,42370989.3,6104,23198.0,35.92
CAPLIPOINT,EQ,27-Feb-2023,668.50,663.10,679.00,657.85,665.00,663.30,664.84,71703,47671274.9,9889,22203.0,30.97
CAPLIPOINT,EQ,24-Feb-2023,666.15,668.05,674.80,665.00,670.00,668.50,667.97,50416,33676515.6,7648,20479.0,40.62
CAPLIPOINT,EQ,23-Feb-2023,670.75,670.75,674.00,665.00,668.00,666.15,666.99,34372,22925643.55,3959,18412.0,53.57
CAPLIPOINT,EQ,22-Feb-2023,673.20,674.95,688.00,669.00,669.00,670.75,678.62,61132,41485107.15,5702,28596.0,46.78
CAPLIPOINT,EQ,21-Feb-2023,681.70,681.00,682.60,672.00,674.00,673.20,674.29,43827,29552194.45,2872,24752.0,56.48
CAPLIPOINT,EQ,20-Feb-2023,686.90,686.20,689.05,680.55,681.00,681.70,683.50,24753,16918716.55,2079,13020.0,52.6
CAPLIPOINT,EQ,17-Feb-2023,692.30,691.55,692.35,685.00,687.00,686.90,687.38,17228,11842163.5,1897,8762.0,50.86
CAPLIPOINT,EQ,16-Feb-2023,683.75,687.15,698.00,685.05,694.00,692.30,690.39,40142,27713678.85,3155,18704.0,46.59
CAPLIPOINT,EQ,15-Feb-2023,696.55,686.10,699.00,680.55,684.00,683.75,686.98,198356,136265871.8,5288,162203.0,81.77
CAPLIPOINT,EQ,14-Feb-2023,704.50,708.05,709.95,690.00,693.00,696.55,699.84,86669,60654500.2,7339,34705.0,40.04
CAPLIPOINT,EQ,13-Feb-2023,712.70,723.40,726.95,687.05,706.20,704.50,705.21,74415,52477914.5,7720,31770.0,42.69
CAPLIPOINT,EQ,10-Feb-2023,703.25,700.50,717.00,700.50,714.00,712.70,712.10,27491,19576368.9,1940,14796.0,53.82
CAPLIPOINT,EQ,09-Feb-2023,705.40,707.85,707.85,700.55,704.80,703.25,703.41,9733,6846275.2,1710,5230.0,53.73
CAPLIPOINT,EQ,08-Feb-2023,705.90,706.00,707.85,699.50,706.00,705.40,703.08,24173,16995524.85,2160,12719.0,52.62
CAPLIPOINT,EQ,07-Feb-2023,695.15,695.00,707.70,692.90,705.00,705.90,702.54,33825,23763392.7,3102,16420.0,48.54
CAPLIPOINT,EQ,06-Feb-2023,693.40,692.80,716.25,692.05,692.50,695.15,703.86,31599,22241147.7,3421,11851.0,37.5
CAPLIPOINT,EQ,03-Feb-2023,699.15,693.00,701.70,684.00,690.70,693.40,694.66,26454,18376578.75,3773,13401.0,50.66
CAPLIPOINT,EQ,02-Feb-2023,693.05,694.00,709.85,693.05,696.25,699.15,702.89,22654,15923381.5,3719,10272.0,45.34
CAPLIPOINT,EQ,01-Feb-2023,692.95,696.15,711.90,690.05,693.95,693.05,701.27,23645,16581478.85,3380,10391.0,43.95
CAPLIPOINT,EQ,31-Jan-2023,682.80,686.15,698.00,682.50,696.05,692.95,689.41,32325,22285143.9,4867,17643.0,54.58
CAPLIPOINT,EQ,30-Jan-2023,685.50,689.10,690.85,679.30,680.05,682.80,685.50,18523,12697590.2,2205,10980.0,59.28
CAPLIPOINT,EQ,27-Jan-2023,687.05,685.00,696.25,671.00,686.30,685.50,680.03,37656,25607046.45,4372,18923.0,50.25
CAPLIPOINT,EQ,25-Jan-2023,693.10,688.05,695.00,684.00,689.00,687.05,688.98,28357,19537327.5,3772,10797.0,38.08
CAPLIPOINT,EQ,24-Jan-2023,685.25,684.10,695.40,684.10,691.05,693.10,691.90,12248,8474394.2,1441,5915.0,48.29
CAPLIPOINT,EQ,23-Jan-2023,696.90,699.20,703.10,682.10,684.55,685.25,690.23,46138,31845915.6,4079,24524.0,53.15
CAPLIPOINT,EQ,20-Jan-2023,705.60,706.00,715.05,691.25,699.25,696.90,701.86,39898,28002673.7,3551,22618.0,56.69
CAPLIPOINT,EQ,19-Jan-2023,704.05,706.15,715.00,701.15,707.80,705.60,708.14,29524,20907089.0,3055,16832.0,57.01
CAPLIPOINT,EQ,18-Jan-2023,709.50,713.05,713.05,703.45,704.05,704.05,706.89,25294,17879993.15,3037,15640.0,61.83
CAPLIPOINT,EQ,17-Jan-2023,712.75,716.35,716.50,707.05,712.00,709.50,710.65,17165,12198383.75,2119,10053.0,58.57
CAPLIPOINT,EQ,16-Jan-2023,712.60,716.15,719.40,711.00,712.75,712.75,714.30,11632,8308750.05,1111,6786.0,58.34
CAPLIPOINT,EQ,13-Jan-2023,719.15,718.00,720.95,710.10,715.00,712.60,713.99,23584,16838624.55,2111,15664.0,66.42
CAPLIPOINT,EQ,12-Jan-2023,727.65,731.25,731.25,715.15,716.05,719.15,722.19,24139,17432875.0,1921,15509.0,64.25
CAPLIPOINT,EQ,11-Jan-2023,729.65,733.50,733.80,726.00,726.70,727.65,729.15,15877,11576701.45,1349,7322.0,46.12
CAPLIPOINT,EQ,10-Jan-2023,728.70,732.50,732.50,722.00,730.00,729.65,727.03,17023,12376286.05,1890,8258.0,48.51
CAPLIPOINT,EQ,09-Jan-2023,726.40,730.20,732.60,722.55,731.70,728.70,727.52,23446,17057533.45,2404,13176.0,56.2
CAPLIPOINT,EQ,06-Jan-2023,737.95,733.95,742.90,721.50,727.95,726.40,729.46,24054,17546321.45,3059,13681.0,56.88
CAPLIPOINT,EQ,05-Jan-2023,745.75,749.70,749.75,732.95,737.00,737.95,738.99,22042,16288781.35,2879,9211.0,41.79
CAPLIPOINT,EQ,04-Jan-2023,724.55,728.20,755.75,724.55,743.50,745.75,743.99,152468,113435256.25,6756,45750.0,30.01
CAPLIPOINT,EQ,03-Jan-2023,723.70,725.10,727.30,722.70,724.25,724.55,725.57,10757,7804924.85,1293,7054.0,65.58
CAPLIPOINT,EQ,02-Jan-2023,713.30,717.10,727.90,712.50,725.10,723.70,721.84,32121,23186343.75,3893,17209.0,53.58
CAPLIPOINT,EQ,30-Dec-2022,710.75,710.75,714.95,710.50,714.30,713.30,712.69,16723,11918239.5,1553,8806.0,52.66
CAPLIPOINT,EQ,29-Dec-2022,711.15,710.40,714.10,706.95,710.60,710.75,710.20,12337,8761791.15,1920,6388.0,51.78
CAPLIPOINT,EQ,27-Dec-2024,"2,399.10","2,400.00","2,641.00","2,381.15","2,620.00","2,600.15","2,540.68",840106,2134438627.35,66037,137900.0,16.41
CAPLIPOINT,EQ,26-Dec-2024,"2,397.15","2,410.00","2,412.95","2,373.05","2,400.00","2,399.10","2,394.21",71633,171504341.5,8701,36494.0,50.95
CAPLIPOINT,EQ,24-Dec-2024,"2,417.65","2,439.00","2,439.25","2,375.45","2,400.00","2,397.15","2,402.39",110794,266170411.15,16709,47776.0,43.12
CAPLIPOINT,EQ,23-Dec-2024,"2,311.45","2,355.00","2,438.00","2,324.40","2,432.00","2,417.65","2,384.15",310863,741144551.25,35185,90855.0,29.23
CAPLIPOINT,EQ,20-Dec-2024,"2,393.60","2,393.00","2,408.00","2,292.50","2,344.90","2,311.45","2,354.96",69711,164166710.45,9785,29841.0,42.81
CAPLIPOINT,EQ,19-Dec-2024,"2,396.45","2,370.05","2,415.00","2,311.55","2,408.80","2,393.60","2,383.67",95543,227743155.95,14006,43350.0,45.37
CAPLIPOINT,EQ,18-Dec-2024,"2,436.25","2,443.95","2,447.60","2,376.10","2,395.00","2,396.45","2,400.75",73000,175254683.15,9006,29919.0,40.98
CAPLIPOINT,EQ,17-Dec-2024,"2,421.25","2,434.45","2,539.85","2,418.00","2,440.00","2,436.25","2,500.19",417831,1044657013.9,34778,64293.0,15.39
CAPLIPOINT,EQ,16-Dec-2024,"2,446.55","2,446.60","2,461.95","2,403.10","2,427.00","2,421.25","2,428.85",111349,270450379.4,15549,23172.0,20.81
CAPLIPOINT,EQ,13-Dec-2024,"2,438.45","2,438.90","2,458.45","2,363.90","2,433.40","2,446.55","2,414.58",98942,238903449.7,15930,41289.0,41.73
CAPLIPOINT,EQ,12-Dec-2024,"2,469.65","2,468.00","2,469.80","2,428.00","2,434.00","2,438.45","2,442.63",68326,166895272.8,10255,24878.0,36.41
CAPLIPOINT,EQ,11-Dec-2024,"2,384.35","2,398.80","2,484.65","2,380.20","2,469.10","2,469.65","2,457.62",259089,636743189.85,29158,72923.0,28.15
CAPLIPOINT,EQ,10-Dec-2024,"2,385.90","2,388.95","2,409.10","2,342.00","2,399.00","2,384.35","2,370.15",76389,181053019.05,12500,28848.0,37.76
CAPLIPOINT,EQ,09-Dec-2024,"2,354.65","2,363.20","2,418.00","2,340.00","2,375.00","2,385.90","2,373.38",139725,331620548.15,29640,45705.0,32.71
CAPLIPOINT,EQ,06-Dec-2024,"2,380.50","2,376.85","2,429.55","2,345.05","2,359.00","2,354.65","2,388.56",201865,482166294.65,30240,67404.0,33.39
CAPLIPOINT,EQ,05-Dec-2024,"2,362.50","2,364.15","2,490.00","2,300.40","2,365.00","2,380.50","2,413.02",548056,1322470557.1,49591,105006.0,19.16
CAPLIPOINT,EQ,04-Dec-2024,"2,312.40","2,312.40","2,398.00","2,308.05","2,366.00","2,362.50","2,366.68",379294,897667521.05,41536,118029.0,31.12
CAPLIPOINT,EQ,03-Dec-2024,"2,236.05","2,239.00","2,353.85","2,215.40","2,318.00","2,312.40","2,291.76",462926,1060914304.55,38062,226869.0,49.01
CAPLIPOINT,EQ,02-Dec-2024,"2,196.35","2,216.00","2,303.00","2,205.00","2,225.55","2,236.05","2,252.64",575540,1296486937.05,52736,119550.0,20.77
CAPLIPOINT,EQ,29-Nov-2024,"2,107.35","2,100.00","2,200.00","2,099.90","2,200.00","2,196.35","2,171.07",261254,567199627.3,26538,82352.0,31.52
CAPLIPOINT,EQ,28-Nov-2024,"2,082.60","2,091.15","2,195.00","2,076.05","2,115.00","2,107.35","2,129.93",257648,548773331.35,26818,56874.0,22.07
CAPLIPOINT,EQ,27-Nov-2024,"2,113.95","2,134.95","2,134.95","2,072.20","2,085.00","2,082.60","2,097.41",82180,172365395.15,11718,27529.0,33.5
CAPLIPOINT,EQ,26-Nov-2024,"1,976.55","1,982.30","2,139.00","1,977.55","2,115.00","2,113.95","2,086.61",458043,955756740.0,49968,75687.0,16.52
CAPLIPOINT,EQ,25-Nov-2024,"1,963.75","1,981.00","2,012.00","1,945.00","1,977.00","1,976.55","1,967.42",65855,129564186.25,10809,19182.0,29.13
CAPLIPOINT,EQ,22-Nov-2024,"1,942.80","1,945.85","1,982.00","1,935.00","1,965.00","1,963.75","1,963.88",60778,119360878.6,13168,25699.0,42.28
CAPLIPOINT,EQ,21-Nov-2024,"1,952.15","1,950.00","1,973.75","1,923.05","1,946.00","1,942.80","1,943.69",64660,125678745.95,9332,27226.0,42.11
CAPLIPOINT,EQ,19-Nov-2024,"1,988.75","1,990.00","2,001.05","1,942.80","1,947.00","1,952.15","1,970.10",55774,109880131.35,9643,25042.0,44.9
CAPLIPOINT,EQ,18-Nov-2024,"1,951.50","1,958.50","2,014.00","1,958.50","1,980.00","1,988.75","1,997.73",75496,150820945.85,13308,25430.0,33.68
CAPLIPOINT,EQ,14-Nov-2024,"1,954.00","1,953.70","2,009.00","1,914.55","1,951.00","1,951.50","1,959.68",116252,227816440.55,18912,39153.0,33.68
CAPLIPOINT,EQ,13-Nov-2024,"2,010.90","2,001.40","2,009.50","1,951.00","1,955.00","1,954.00","1,972.69",79100,156039974.75,12539,33103.0,41.85
CAPLIPOINT,EQ,12-Nov-2024,"2,012.20","2,007.70","2,061.00","2,002.30","2,009.80","2,010.90","2,026.73",67150,136094844.95,10658,26021.0,38.75
CAPLIPOINT,EQ,11-Nov-2024,"2,011.80","2,000.00","2,070.95","1,990.00","2,004.20","2,012.20","2,024.79",102328,207192203.95,15566,26922.0,26.31
CAPLIPOINT,EQ,08-Nov-2024,"2,121.70","2,118.05","2,118.05","2,000.00","2,000.00","2,011.80","2,060.34",127535,262765612.75,20036,43516.0,34.12
CAPLIPOINT,EQ,07-Nov-2024,"2,095.40","2,085.10","2,176.75","2,043.20","2,105.95","2,121.70","2,118.69",348917,739247779.55,43737,69023.0,19.78
CAPLIPOINT,EQ,06-Nov-2024,"2,021.70","2,020.80","2,124.00","1,993.00","2,095.00","2,095.40","2,060.75",129730,267340615.35,18592,59066.0,45.53
CAPLIPOINT,EQ,05-Nov-2024,"1,969.80","1,969.45","2,038.05","1,951.05","2,007.10","2,021.70","1,999.83",78444,156874285.55,13673,27337.0,34.85
CAPLIPOINT,EQ,04-Nov-2024,"2,024.75","2,005.65","2,010.85","1,953.40","1,969.45","1,969.80","1,975.14",61053,120588243.8,11788,21325.0,34.93
CAPLIPOINT,EQ,01-Nov-2024,"2,035.40","2,044.95","2,058.95","2,005.50","2,010.85","2,024.75","2,033.20",23597,47977308.4,3456,12081.0,51.2
CAPLIPOINT,EQ,31-Oct-2024,"1,979.50","1,975.05","2,047.30","1,960.00","2,034.80","2,035.40","2,008.01",182651,366764710.3,25996,59990.0,32.84
CAPLIPOINT,EQ,30-Oct-2024,"1,869.00","1,865.70","1,998.85","1,860.00","1,965.15","1,979.50","1,956.84",268354,525125173.15,38159,77371.0,28.83
CAPLIPOINT,EQ,29-Oct-2024,"1,804.95","1,804.95","1,880.00","1,790.00","1,868.00","1,869.00","1,852.74",112589,208598612.75,16917,41390.0,36.76
CAPLIPOINT,EQ,28-Oct-2024,"1,790.70","1,794.20","1,841.55","1,784.20","1,814.25","1,804.95","1,805.28",66754,120509586.3,13064,24056.0,36.04
CAPLIPOINT,EQ,25-Oct-2024,"1,864.45","1,864.45","1,864.45","1,780.05","1,793.50","1,790.70","1,805.80",88353,159547897.15,13731,32353.0,36.62
CAPLIPOINT,EQ,24-Oct-2024,"1,829.20","1,835.65","1,871.00","1,825.00","1,855.55","1,864.45","1,844.94",51516,95044179.3,8495,17888.0,34.72
CAPLIPOINT,EQ,23-Oct-2024,"1,873.10","1,860.00","1,883.70","1,821.05","1,835.00","1,829.20","1,851.62",88276,163453274.4,13945,35516.0,40.23
CAPLIPOINT,EQ,22-Oct-2024,"1,897.90","1,885.10","1,938.00","1,860.35","1,865.00","1,873.10","1,896.51",186360,353434435.0,28471,88074.0,47.26
CAPLIPOINT,EQ,21-Oct-2024,"1,926.90","1,938.00","1,944.75","1,858.20","1,904.00","1,897.90","1,896.15",137594,260898938.35,14858,46588.0,33.86
CAPLIPOINT,EQ,18-Oct-2024,"1,873.15","1,888.00","1,934.00","1,833.20","1,914.55","1,926.90","1,907.69",275868,526271770.9,31032,86173.0,31.24
CAPLIPOINT,EQ,17-Oct-2024,"1,909.70","1,918.30","1,948.40","1,857.85","1,879.85","1,873.15","1,890.70",51893,98113933.9,7106,24528.0,47.27
CAPLIPOINT,EQ,16-Oct-2024,"1,922.85","1,933.05","1,934.25","1,894.00","1,908.00","1,909.70","1,910.73",56403,107770958.95,7391,22347.0,39.62
CAPLIPOINT,EQ,15-Oct-2024,"1,906.10","1,916.20","1,931.55","1,897.65","1,923.40","1,922.85","1,918.79",60202,115515022.55,7722,23905.0,39.71
CAPLIPOINT,EQ,14-Oct-2024,"1,906.45","1,906.45","1,945.00","1,900.00","1,901.00","1,906.10","1,912.77",68893,131776547.45,8342,28360.0,41.17
CAPLIPOINT,EQ,11-Oct-2024,"1,887.85","1,887.85","1,912.45","1,880.00","1,909.00","1,906.45","1,897.66",80915,153549504.55,9519,29141.0,36.01
CAPLIPOINT,EQ,10-Oct-2024,"1,903.80","1,923.00","1,923.00","1,881.00","1,898.00","1,887.85","1,898.42",72003,136691923.05,10161,26152.0,36.32
CAPLIPOINT,EQ,09-Oct-2024,"1,925.10","1,960.00","1,975.40","1,895.00","1,908.00","1,903.80","1,925.36",150793,290330492.4,18467,56634.0,37.56
CAPLIPOINT,EQ,08-Oct-2024,"1,927.10","1,898.20","1,938.85","1,826.30","1,929.80","1,925.10","1,876.65",582892,1093881604.65,65845,201117.0,34.5
CAPLIPOINT,EQ,07-Oct-2024,"1,969.25","1,979.10","1,987.75","1,905.00","1,917.95","1,927.10","1,932.66",169453,327495384.5,17383,60949.0,35.97
CAPLIPOINT,EQ,04-Oct-2024,"2,001.45","2,005.00","2,019.95","1,930.00","1,970.40","1,969.25","1,970.12",129658,255442213.5,15838,29151.0,22.48
CAPLIPOINT,EQ,03-Oct-2024,"2,078.20","2,019.00","2,049.90","1,990.00","2,003.00","2,001.45","2,013.35",187530,377564081.6,17740,51347.0,27.38
CAPLIPOINT,EQ,01-Oct-2024,"1,897.95","1,900.00","2,109.95","1,899.60","2,084.95","2,078.20","2,027.63",2084096,4225785864.85,108631,198070.0,9.5
CAPLIPOINT,EQ,30-Sep-2024,"1,912.40","1,912.40","1,938.35","1,875.00","1,897.00","1,897.95","1,905.98",104694,199544332.75,15106,47312.0,45.19
CAPLIPOINT,EQ,27-Sep-2024,"1,918.25","1,903.05","1,926.00","1,903.05","1,912.00","1,912.40","1,913.60",53396,102178629.55,6214,26542.0,49.71
CAPLIPOINT,EQ,26-Sep-2024,"1,956.25","1,956.25","1,960.95","1,909.95","1,919.00","1,918.25","1,931.35",72758,140520862.05,7258,41326.0,56.8
CAPLIPOINT,EQ,25-Sep-2024,"1,935.55","1,928.00","1,978.40","1,908.05","1,959.25","1,956.25","1,947.53",139797,272258322.45,14476,38309.0,27.4
CAPLIPOINT,EQ,24-Sep-2024,"1,903.75","1,915.00","1,948.00","1,890.00","1,925.00","1,935.55","1,921.46",148105,284578463.55,15710,53492.0,36.12
CAPLIPOINT,EQ,23-Sep-2024,"1,939.60","1,939.00","1,949.95","1,888.00","1,897.90","1,903.75","1,914.44",124834,238986985.8,12062,73098.0,58.56
CAPLIPOINT,EQ,20-Sep-2024,"1,918.35","1,930.00","1,957.95","1,925.85","1,930.50","1,939.60","1,941.39",115011,223280860.3,13842,28439.0,24.73
CAPLIPOINT,EQ,19-Sep-2024,"1,965.50","1,980.80","1,981.00","1,905.60","1,935.00","1,918.35","1,929.62",83491,161106210.55,13279,28181.0,33.75
CAPLIPOINT,EQ,18-Sep-2024,"2,007.85","2,024.35","2,024.35","1,952.00","1,966.00","1,965.50","1,978.83",117080,231681118.85,13308,41569.0,35.5
CAPLIPOINT,EQ,17-Sep-2024,"1,958.80","1,970.45","2,025.00","1,925.55","2,017.95","2,007.85","1,978.34",151555,299826907.7,14704,75165.0,49.6
CAPLIPOINT,EQ,16-Sep-2024,"1,929.45","1,929.45","1,969.45","1,905.00","1,964.00","1,958.80","1,942.51",124957,242730553.35,13469,32040.0,25.64
CAPLIPOINT,EQ,13-Sep-2024,"1,965.85","1,975.00","1,975.05","1,924.00","1,930.00","1,929.45","1,943.30",124894,242706668.45,12676,51107.0,40.92
CAPLIPOINT,EQ,12-Sep-2024,"1,965.00","1,975.00","2,020.00","1,955.05","1,965.00","1,965.85","1,989.95",171784,341841385.25,16399,40390.0,23.51
CAPLIPOINT,EQ,11-Sep-2024,"2,014.35","2,020.00","2,027.35","1,957.15","1,969.00","1,965.00","1,986.43",147535,293067696.1,14798,57460.0,38.95
CAPLIPOINT,EQ,10-Sep-2024,"2,010.15","2,010.15","2,050.00","1,997.45","2,014.00","2,014.35","2,023.14",176209,356495867.1,13546,43387.0,24.62
CAPLIPOINT,EQ,09-Sep-2024,"2,004.15","2,019.80","2,038.05","1,954.85","2,024.45","2,010.15","2,003.09",358441,717989949.6,28191,58341.0,16.28
CAPLIPOINT,EQ,06-Sep-2024,"2,119.60","2,085.00","2,144.00","1,987.15","2,017.60","2,004.15","2,068.23",667963,1381498421.25,54495,142101.0,21.27
CAPLIPOINT,EQ,05-Sep-2024,"1,968.85","1,972.00","2,158.80","1,972.00","2,101.10","2,119.60","2,118.51",3934615,8335515168.5,180644,227535.0,5.78
CAPLIPOINT,EQ,04-Sep-2024,"1,933.60","1,910.00","1,996.00","1,891.45","1,967.00","1,968.85","1,970.61",381304,751401802.7,30183,108246.0,28.39
CAPLIPOINT,EQ,03-Sep-2024,"1,884.90","1,890.70","1,950.00","1,874.15","1,917.60","1,933.60","1,929.78",279064,538530832.75,24501,75886.0,27.19
CAPLIPOINT,EQ,02-Sep-2024,"1,905.00","1,924.70","1,936.55","1,870.00","1,885.80","1,884.90","1,900.45",203797,387306496.2,22126,57033.0,27.99
CAPLIPOINT,EQ,30-Aug-2024,"1,794.45","1,811.50","1,919.60","1,810.30","1,918.00","1,905.00","1,877.96",489755,919740029.1,37013,85022.0,17.36
CAPLIPOINT,EQ,29-Aug-2024,"1,847.80","1,839.95","1,863.00","1,782.55","1,807.95","1,794.45","1,816.84",237846,432128151.7,21275,86761.0,36.48
CAPLIPOINT,EQ,28-Aug-2024,"1,957.20","1,952.00","1,957.20","1,831.20","1,850.00","1,847.80","1,891.13",313661,593172937.0,27083,87347.0,27.85
CAPLIPOINT,EQ,27-Aug-2024,"1,841.80","1,823.30","1,984.90","1,823.30","1,950.00","1,957.20","1,904.41",613443,1168247527.35,41170,148280.0,24.17
CAPLIPOINT,EQ,26-Aug-2024,"1,748.75","1,773.90","1,960.00","1,767.55","1,840.20","1,841.80","1,900.86",3380750,6426347518.5,180805,266840.0,7.89
CAPLIPOINT,EQ,23-Aug-2024,"1,774.30","1,778.00","1,778.00","1,742.00","1,746.90","1,748.75","1,757.70",84646,148782333.5,8419,36849.0,43.53
CAPLIPOINT,EQ,22-Aug-2024,"1,761.75","1,763.10","1,790.60","1,755.00","1,775.00","1,774.30","1,770.83",167013,295751526.2,12496,46408.0,27.79
CAPLIPOINT,EQ,21-Aug-2024,"1,778.00","1,770.15","1,809.65","1,736.00","1,753.00","1,761.75","1,772.86",469509,832373932.5,35986,102818.0,21.9
CAPLIPOINT,EQ,20-Aug-2024,"1,845.95","1,815.55","1,815.55","1,752.80","1,775.00","1,778.00","1,771.07",757169,1340996550.25,39070,118886.0,15.7
CAPLIPOINT,EQ,19-Aug-2024,"1,585.50","1,605.50","1,900.00","1,605.00","1,830.40","1,845.95","1,783.60",5685435,10140548094.0,213344,379051.0,6.67
CAPLIPOINT,EQ,16-Aug-2024,"1,559.50","1,572.80","1,598.00","1,563.05","1,587.00","1,585.50","1,585.48",70156,111231170.9,8262,35235.0,50.22
CAPLIPOINT,EQ,14-Aug-2024,"1,572.15","1,595.00","1,595.00","1,535.00","1,561.00","1,559.50","1,553.17",65689,102026302.1,11536,29704.0,45.22
CAPLIPOINT,EQ,13-Aug-2024,"1,556.95","1,569.35","1,594.00","1,542.20","1,570.00","1,572.15","1,572.25",118567,186417538.0,12326,57221.0,48.26
CAPLIPOINT,EQ,12-Aug-2024,"1,500.60","1,520.05","1,570.00","1,514.30","1,560.00","1,556.95","1,551.15",162990,252821351.95,19297,59955.0,36.78
CAPLIPOINT,EQ,09-Aug-2024,"1,481.70","1,482.00","1,509.00","1,452.00","1,502.10","1,500.60","1,488.34",221469,329621865.55,31320,102106.0,46.1
CAPLIPOINT,EQ,08-Aug-2024,"1,580.80","1,591.65","1,613.65","1,468.00","1,468.00","1,481.70","1,523.30",312147,475493809.05,37072,144689.0,46.35
CAPLIPOINT,EQ,07-Aug-2024,"1,541.65","1,545.00","1,638.00","1,510.00","1,578.95","1,580.80","1,590.99",453801,721993421.85,45076,97298.0,21.44
CAPLIPOINT,EQ,06-Aug-2024,"1,545.65","1,553.40","1,590.00","1,525.75","1,540.00","1,541.65","1,565.28",92911,145431963.05,14399,38682.0,41.63
CAPLIPOINT,EQ,05-Aug-2024,"1,639.35","1,639.30","1,639.30","1,531.55","1,548.00","1,545.65","1,567.53",216246,338972613.5,30782,96123.0,44.45
CAPLIPOINT,EQ,02-Aug-2024,"1,583.85","1,580.00","1,655.00","1,543.85","1,642.90","1,639.35","1,629.83",330143,538075901.3,29582,107011.0,32.41
CAPLIPOINT,EQ,01-Aug-2024,"1,574.05","1,582.35","1,610.00","1,565.00","1,576.55","1,583.85","1,584.17",96973,153621464.45,11973,41636.0,42.94
CAPLIPOINT,EQ,31-Jul-2024,"1,554.35","1,557.45","1,600.95","1,550.10","1,576.00","1,574.05","1,582.32",101926,161279903.55,12979,41711.0,40.92
CAPLIPOINT,EQ,30-Jul-2024,"1,558.00","1,560.05","1,592.00","1,535.20","1,553.00","1,554.35","1,570.69",174625,274281352.0,24022,77266.0,44.25
CAPLIPOINT,EQ,29-Jul-2024,"1,527.40","1,542.00","1,564.00","1,528.05","1,559.00","1,558.00","1,550.09",83472,129388739.45,9567,42790.0,51.26
CAPLIPOINT,EQ,26-Jul-2024,"1,505.50","1,506.95","1,558.10","1,505.50","1,536.00","1,527.40","1,536.16",57517,88355479.75,8061,26468.0,46.02
CAPLIPOINT,EQ,25-Jul-2024,"1,520.75","1,519.85","1,520.00","1,500.00","1,505.00","1,505.50","1,508.56",58637,88457442.35,6747,25714.0,43.85
CAPLIPOINT,EQ,24-Jul-2024,"1,480.10","1,475.00","1,525.00","1,471.40","1,524.00","1,520.75","1,510.05",72407,109337921.75,8426,43083.0,59.5
CAPLIPOINT,EQ,23-Jul-2024,"1,477.40","1,480.00","1,492.10","1,422.15","1,479.05","1,480.10","1,470.90",77727,114328310.0,12085,29769.0,38.3
CAPLIPOINT,EQ,22-Jul-2024,"1,497.65","1,497.65","1,509.45","1,465.00","1,479.00","1,477.40","1,489.86",52403,78073394.75,7931,25714.0,49.07
CAPLIPOINT,EQ,19-Jul-2024,"1,528.25","1,523.00","1,523.00","1,461.10","1,513.00","1,497.65","1,491.39",224986,335541207.4,22550,76255.0,33.89
CAPLIPOINT,EQ,18-Jul-2024,"1,533.90","1,527.00","1,550.00","1,503.60","1,522.55","1,528.25","1,523.91",101742,155045170.25,13039,48164.0,47.34
CAPLIPOINT,EQ,16-Jul-2024,"1,519.35","1,522.00","1,594.00","1,510.40","1,525.00","1,533.90","1,562.02",410908,641846505.0,29560,116014.0,28.23
CAPLIPOINT,EQ,15-Jul-2024,"1,519.20","1,520.05","1,534.00","1,496.15","1,520.00","1,519.35","1,518.55",122520,186052290.3,15649,57394.0,46.84
CAPLIPOINT,EQ,12-Jul-2024,"1,517.10","1,517.00","1,537.55","1,505.00","1,521.00","1,519.20","1,522.15",88827,135208198.3,10920,41893.0,47.16
CAPLIPOINT,EQ,11-Jul-2024,"1,535.25","1,540.00","1,551.60","1,508.10","1,522.00","1,517.10","1,526.05",144076,219867712.1,16757,71537.0,49.65
CAPLIPOINT,EQ,10-Jul-2024,"1,509.35","1,513.95","1,560.00","1,482.85","1,524.85","1,535.25","1,525.15",485012,739716210.45,46365,178125.0,36.73
CAPLIPOINT,EQ,09-Jul-2024,"1,421.30","1,427.00","1,537.95","1,408.00","1,509.90","1,509.35","1,500.93",713068,1070264173.0,56936,233686.0,32.77
CAPLIPOINT,EQ,08-Jul-2024,"1,456.20","1,463.00","1,463.00","1,409.90","1,424.00","1,421.30","1,424.65",118649,169032708.7,14749,60769.0,51.22
CAPLIPOINT,EQ,05-Jul-2024,"1,431.15","1,430.00","1,465.95","1,422.10","1,453.00","1,456.20","1,446.69",127153,183951190.35,12300,61069.0,48.03
CAPLIPOINT,EQ,04-Jul-2024,"1,429.50","1,449.00","1,449.00","1,421.60","1,435.00","1,431.15","1,426.07",118767,169370623.5,6492,88961.0,74.9
CAPLIPOINT,EQ,03-Jul-2024,"1,450.00","1,451.05","1,458.00","1,423.70","1,432.20","1,429.50","1,438.49",139105,200101305.1,10686,82191.0,59.09
CAPLIPOINT,EQ,02-Jul-2024,"1,452.35","1,461.95","1,478.95","1,447.00","1,448.00","1,450.00","1,458.44",125382,182862267.1,9044,73462.0,58.59
CAPLIPOINT,EQ,01-Jul-2024,"1,472.60","1,472.25","1,506.00","1,440.55","1,453.95","1,452.35","1,475.30",315263,465109010.4,22941,175949.0,55.81
CAPLIPOINT,EQ,28-Jun-2024,"1,478.20","1,495.00","1,515.40","1,451.85","1,463.00","1,472.60","1,485.28",250941,372718223.1,23793,87282.0,34.78
CAPLIPOINT,EQ,27-Jun-2024,"1,380.35","1,380.00","1,485.00","1,378.45","1,485.00","1,478.20","1,454.97",581647,846281039.05,43374,164564.0,28.29
CAPLIPOINT,EQ,26-Jun-2024,"1,402.55","1,402.55","1,407.55","1,365.00","1,394.00","1,380.35","1,391.36",62732,87282948.6,7108,36382.0,58.0
CAPLIPOINT,EQ,25-Jun-2024,"1,420.85","1,424.35","1,436.00","1,399.00","1,399.00","1,402.55","1,414.73",53936,76304799.55,4949,28201.0,52.29
CAPLIPOINT,EQ,24-Jun-2024,"1,423.65","1,423.65","1,439.55","1,397.50","1,422.90","1,420.85","1,418.33",68792,97569817.4,9045,30859.0,44.86
CAPLIPOINT,EQ,21-Jun-2024,"1,420.65","1,434.00","1,434.00","1,410.00","1,417.80","1,423.65","1,424.53",85378,121623569.35,8434,33948.0,39.76
CAPLIPOINT,EQ,20-Jun-2024,"1,401.80","1,406.00","1,423.60","1,395.80","1,422.50","1,420.65","1,414.81",76628,108414038.6,6170,45064.0,58.81
CAPLIPOINT,EQ,19-Jun-2024,"1,399.40","1,405.00","1,406.90","1,379.15","1,402.70","1,401.80","1,395.02",63956,89219608.7,6374,37009.0,57.87
CAPLIPOINT,EQ,18-Jun-2024,"1,381.90","1,384.85","1,407.05","1,370.00","1,400.00","1,399.40","1,386.81",114835,159254013.4,10551,50097.0,43.63
CAPLIPOINT,EQ,14-Jun-2024,"1,398.10","1,405.10","1,406.00","1,377.70","1,385.00","1,381.90","1,390.66",91250,126898133.05,6854,53372.0,58.49
CAPLIPOINT,EQ,13-Jun-2024,"1,461.85","1,465.50","1,471.85","1,390.45","1,400.00","1,398.10","1,408.93",374765,528019084.65,18997,191296.0,51.04
CAPLIPOINT,EQ,12-Jun-2024,"1,458.75","1,459.40","1,477.90","1,440.60","1,458.00","1,461.85","1,458.26",69335,101108720.0,7074,28418.0,40.99
CAPLIPOINT,EQ,11-Jun-2024,"1,475.90","1,475.00","1,482.00","1,440.00","1,459.40","1,458.75","1,463.16",106410,155694403.4,10684,46296.0,43.51
CAPLIPOINT,EQ,10-Jun-2024,"1,365.55","1,375.00","1,543.10","1,370.00","1,470.10","1,475.90","1,474.46",947654,1397280268.0,49413,264241.0,27.88
CAPLIPOINT,EQ,07-Jun-2024,"1,303.55","1,304.40","1,375.00","1,295.20","1,368.90","1,365.55","1,352.17",147023,198800760.8,13745,80162.0,54.52
CAPLIPOINT,EQ,06-Jun-2024,"1,288.05","1,320.30","1,320.30","1,298.00","1,304.90","1,303.55","1,308.52",55602,72756213.4,6310,34236.0,61.57
CAPLIPOINT,EQ,05-Jun-2024,"1,240.40","1,240.05","1,310.00","1,233.70","1,291.65","1,288.05","1,283.12",84820,108834256.4,8837,45075.0,53.14
CAPLIPOINT,EQ,04-Jun-2024,"1,285.55","1,280.05","1,295.45","1,225.00","1,250.00","1,240.40","1,257.49",110213,138591733.55,12403,58813.0,53.36
CAPLIPOINT,EQ,03-Jun-2024,"1,290.30","1,325.00","1,325.00","1,281.70","1,288.00","1,285.55","1,291.39",69461,89701205.45,8803,38224.0,55.03
CAPLIPOINT,EQ,31-May-2024,"1,291.45","1,302.15","1,304.30","1,287.90","1,289.90","1,290.30","1,295.49",60469,78336750.7,6194,36053.0,59.62
CAPLIPOINT,EQ,30-May-2024,"1,306.80","1,309.60","1,309.60","1,290.00","1,296.10","1,291.45","1,296.52",30037,38943643.95,3835,17244.0,57.41
CAPLIPOINT,EQ,29-May-2024,"1,290.05","1,290.05","1,320.70","1,280.00","1,301.30","1,306.80","1,294.39",80869,104676412.6,6402,52670.0,65.13
CAPLIPOINT,EQ,28-May-2024,"1,294.10","1,299.00","1,302.05","1,286.10","1,290.05","1,290.05","1,292.03",37507,48460087.1,3872,24442.0,65.17
CAPLIPOINT,EQ,27-May-2024,"1,303.35","1,306.40","1,328.25","1,291.05","1,295.00","1,294.10","1,311.57",93856,123098568.5,9452,32589.0,34.72
CAPLIPOINT,EQ,24-May-2024,"1,309.15","1,314.95","1,339.00","1,299.05","1,302.70","1,303.35","1,317.51",80792,106444138.1,7352,24946.0,30.88
CAPLIPOINT,EQ,23-May-2024,"1,293.20","1,299.70","1,325.00","1,294.15","1,310.00","1,309.15","1,312.28",66575,87365276.35,6743,33756.0,50.7
CAPLIPOINT,EQ,22-May-2024,"1,290.65","1,298.10","1,300.60","1,275.00","1,296.00","1,293.20","1,288.43",60864,78418822.15,6891,33488.0,55.02
CAPLIPOINT,EQ,21-May-2024,"1,314.95","1,312.00","1,314.95","1,281.60","1,291.00","1,290.65","1,291.58",110742,143031851.25,8430,72654.0,65.61
CAPLIPOINT,EQ,18-May-2024,"1,341.30","1,340.05","1,341.00","1,297.65","1,316.70","1,314.95","1,319.30",25278,33349234.0,2381,16814.0,66.52
CAPLIPOINT,EQ,17-May-2024,"1,363.80","1,390.00","1,390.00","1,330.15","1,334.20","1,341.30","1,353.22",135116,182841286.75,19843,65029.0,48.13
CAPLIPOINT,EQ,16-May-2024,"1,349.35","1,354.00","1,390.00","1,342.00","1,367.00","1,363.80","1,364.32",194634,265543306.5,21200,49358.0,25.36
CAPLIPOINT,EQ,15-May-2024,"1,329.40","1,335.00","1,354.50","1,323.40","1,350.00","1,349.35","1,342.82",58307,78295870.25,7138,25578.0,43.87
CAPLIPOINT,EQ,14-May-2024,"1,305.75","1,301.20","1,334.65","1,301.20","1,334.05","1,329.40","1,321.85",39092,51673799.45,5266,19040.0,48.71
CAPLIPOINT,EQ,13-May-2024,"1,281.40","1,281.40","1,316.50","1,267.70","1,308.15","1,305.75","1,291.27",54752,70699402.7,7979,25710.0,46.96
CAPLIPOINT,EQ,10-May-2024,"1,272.40","1,268.95","1,287.00","1,255.70","1,284.75","1,281.40","1,273.48",34324,43711000.55,5403,16792.0,48.92
CAPLIPOINT,EQ,09-May-2024,"1,298.80","1,301.65","1,311.55","1,265.00","1,276.00","1,272.40","1,285.77",46328,59567371.75,6220,23606.0,50.95
CAPLIPOINT,EQ,08-May-2024,"1,292.85","1,291.00","1,305.00","1,270.05","1,302.05","1,298.80","1,294.71",30475,39456410.15,3978,14533.0,47.69
CAPLIPOINT,EQ,07-May-2024,"1,309.15","1,306.80","1,324.40","1,270.50","1,287.00","1,292.85","1,292.45",112253,145081679.0,14850,50816.0,45.27
CAPLIPOINT,EQ,06-May-2024,"1,298.75","1,300.00","1,327.45","1,275.00","1,300.00","1,309.15","1,302.54",160269,208756721.75,16263,53177.0,33.18
CAPLIPOINT,EQ,03-May-2024,"1,332.40","1,332.40","1,339.40","1,292.95","1,297.15","1,298.75","1,311.13",91978,120594663.5,7991,56511.0,61.44
CAPLIPOINT,EQ,02-May-2024,"1,356.45","1,360.45","1,363.85","1,330.00","1,336.00","1,332.40","1,340.93",38493,51616567.9,5835,20743.0,53.89
CAPLIPOINT,EQ,30-Apr-2024,"1,345.50","1,347.00","1,363.45","1,345.40","1,358.00","1,356.45","1,355.07",37391,50667290.55,5326,19398.0,51.88
CAPLIPOINT,EQ,29-Apr-2024,"1,355.50","1,355.50","1,367.50","1,342.30","1,348.00","1,345.50","1,348.56",40318,54371057.4,5980,22040.0,54.67
CAPLIPOINT,EQ,26-Apr-2024,"1,357.15","1,361.00","1,367.25","1,337.00","1,360.00","1,355.50","1,354.61",72784,98594239.65,11582,37067.0,50.93
CAPLIPOINT,EQ,25-Apr-2024,"1,336.00","1,339.00","1,372.70","1,325.00","1,353.00","1,357.15","1,353.29",91456,123766618.2,12108,44501.0,48.66
CAPLIPOINT,EQ,24-Apr-2024,"1,334.70","1,342.00","1,354.35","1,325.00","1,342.80","1,336.00","1,335.40",50158,66980851.25,6079,28270.0,56.36
CAPLIPOINT,EQ,23-Apr-2024,"1,337.90","1,337.90","1,354.95","1,329.05","1,340.00","1,334.70","1,339.48",64347,86191464.95,9505,34666.0,53.87
CAPLIPOINT,EQ,22-Apr-2024,"1,311.70","1,334.30","1,344.95","1,315.00","1,338.05","1,337.90","1,334.66",74419,99324029.4,11509,40762.0,54.77
CAPLIPOINT,EQ,19-Apr-2024,"1,316.50","1,318.00","1,318.00","1,290.00","1,310.10","1,311.70","1,307.88",72593,94942884.5,9918,36238.0,49.92
CAPLIPOINT,EQ,18-Apr-2024,"1,316.20","1,320.00","1,345.40","1,307.65","1,317.00","1,316.50","1,328.40",102719,136451983.7,12622,38307.0,37.29
CAPLIPOINT,EQ,16-Apr-2024,"1,300.60","1,300.00","1,329.00","1,286.00","1,319.90","1,316.20","1,315.75",128852,169537323.0,10382,49344.0,38.3
CAPLIPOINT,EQ,15-Apr-2024,"1,293.20","1,267.45","1,315.25","1,253.25","1,300.00","1,300.60","1,286.05",78919,101493422.85,8406,40754.0,51.64
CAPLIPOINT,EQ,12-Apr-2024,"1,312.55","1,314.00","1,325.00","1,290.00","1,295.25","1,293.20","1,302.40",70151,91364501.45,11012,38680.0,55.14
CAPLIPOINT,EQ,10-Apr-2024,"1,291.50","1,294.90","1,317.80","1,279.60","1,315.00","1,312.55","1,302.12",82452,107362377.2,7715,44255.0,53.67
CAPLIPOINT,EQ,09-Apr-2024,"1,297.15","1,303.60","1,315.00","1,288.75","1,290.50","1,291.50","1,300.63",41251,53652346.85,5042,19385.0,46.99
CAPLIPOINT,EQ,08-Apr-2024,"1,280.90","1,289.65","1,309.45","1,284.55","1,299.40","1,297.15","1,297.41",92386,119862965.6,7828,62874.0,68.06
CAPLIPOINT,EQ,05-Apr-2024,"1,304.20","1,307.60","1,314.20","1,270.15","1,280.00","1,280.90","1,289.49",204451,263637400.8,21442,121047.0,59.21
CAPLIPOINT,EQ,04-Apr-2024,"1,315.40","1,322.35","1,342.00","1,300.00","1,305.75","1,304.20","1,311.15",112418,147397224.3,13687,63179.0,56.2
CAPLIPOINT,EQ,03-Apr-2024,"1,312.95","1,305.00","1,321.25","1,302.50","1,315.50","1,315.40","1,312.41",134018,175887115.45,16451,74400.0,55.51
CAPLIPOINT,EQ,02-Apr-2024,"1,371.75","1,375.00","1,375.00","1,301.30","1,317.00","1,312.95","1,318.43",379987,500985784.75,48646,179305.0,47.19
CAPLIPOINT,EQ,01-Apr-2024,"1,315.35","1,349.80","1,409.90","1,341.70","1,373.00","1,371.75","1,380.21",262186,361872700.9,23417,103254.0,39.38
CAPLIPOINT,EQ,28-Mar-2024,"1,263.10","1,274.00","1,329.95","1,257.15","1,310.00","1,315.35","1,296.52",276479,358460348.45,19643,129635.0,46.89
CAPLIPOINT,EQ,27-Mar-2024,"1,256.15","1,255.00","1,289.35","1,240.00","1,254.05","1,263.10","1,256.00",227619,285890353.15,14429,140297.0,61.64
CAPLIPOINT,EQ,26-Mar-2024,"1,268.70","1,284.25","1,294.00","1,249.00","1,252.00","1,256.15","1,264.01",87883,111084554.75,9156,45116.0,51.34
CAPLIPOINT,EQ,22-Mar-2024,"1,267.00","1,270.00","1,289.90","1,263.00","1,267.00","1,268.70","1,273.54",125971,160429106.25,8723,78412.0,62.25
CAPLIPOINT,EQ,21-Mar-2024,"1,264.65","1,285.00","1,285.00","1,259.25","1,270.00","1,267.00","1,269.93",66563,84530525.75,6507,37596.0,56.48
CAPLIPOINT,EQ,20-Mar-2024,"1,276.05","1,282.45","1,296.95","1,251.50","1,260.00","1,264.65","1,268.07",69921,88664799.35,7007,40963.0,58.58
CAPLIPOINT,EQ,19-Mar-2024,"1,284.45","1,284.45","1,297.70","1,266.30","1,272.00","1,276.05","1,277.69",40100,51235484.1,5710,18050.0,45.01
CAPLIPOINT,EQ,18-Mar-2024,"1,284.60","1,275.00","1,298.60","1,272.00","1,288.00","1,284.45","1,284.60",56523,72609343.85,8406,19041.0,33.69
CAPLIPOINT,EQ,15-Mar-2024,"1,280.05","1,280.00","1,305.00","1,270.00","1,290.00","1,284.60","1,287.15",51017,65666381.75,8414,17714.0,34.72
CAPLIPOINT,EQ,14-Mar-2024,"1,271.70","1,267.00","1,300.00","1,243.25","1,295.00","1,280.05","1,265.77",98025,124076739.6,14373,38536.0,39.31
CAPLIPOINT,EQ,13-Mar-2024,"1,312.25","1,300.05","1,303.95","1,250.05","1,258.00","1,271.70","1,282.86",291726,374245031.35,46820,131278.0,45.0
CAPLIPOINT,EQ,12-Mar-2024,"1,343.05","1,343.05","1,366.75","1,295.05","1,310.00","1,312.25","1,317.70",228011,300450059.3,24283,131900.0,57.85
CAPLIPOINT,EQ,11-Mar-2024,"1,369.25","1,360.00","1,409.70","1,335.55","1,354.00","1,343.05","1,374.41",238455,327734562.65,25988,98102.0,41.14
CAPLIPOINT,EQ,07-Mar-2024,"1,372.90","1,372.90","1,412.00","1,352.00","1,366.90","1,369.25","1,383.56",114486,158398258.25,13955,58319.0,50.94
CAPLIPOINT,EQ,06-Mar-2024,"1,430.10","1,435.00","1,441.90","1,351.00","1,377.00","1,372.90","1,380.41",194348,268280581.7,30591,107391.0,55.26
CAPLIPOINT,EQ,05-Mar-2024,"1,491.70","1,499.20","1,499.20","1,425.00","1,432.00","1,430.10","1,444.91",99546,143834638.8,10086,58958.0,59.23
CAPLIPOINT,EQ,04-Mar-2024,"1,542.10","1,540.00","1,540.00","1,485.00","1,494.00","1,491.70","1,506.30",44596,67175095.5,6118,21678.0,48.61
CAPLIPOINT,EQ,02-Mar-2024,"1,527.05","1,530.00","1,558.80","1,518.05","1,533.10","1,542.10","1,539.85",6986,10757387.0,976,4387.0,62.8
CAPLIPOINT,EQ,01-Mar-2024,"1,483.00","1,500.20","1,533.60","1,497.85","1,526.00","1,527.05","1,517.62",67274,102096314.9,8594,34819.0,51.76
CAPLIPOINT,EQ,29-Feb-2024,"1,452.20","1,455.00","1,496.70","1,418.65","1,480.00","1,483.00","1,461.60",112553,164507624.55,15009,44723.0,39.74
CAPLIPOINT,EQ,28-Feb-2024,"1,433.50","1,446.10","1,494.90","1,433.50","1,450.00","1,452.20","1,463.75",95325,139531739.45,11697,26755.0,28.07
CAPLIPOINT,EQ,27-Feb-2024,"1,473.25","1,473.60","1,483.35","1,427.00","1,444.00","1,433.50","1,451.62",106884,155155104.95,15513,50423.0,47.18
CAPLIPOINT,EQ,26-Feb-2024,"1,499.25","1,499.25","1,501.90","1,454.20","1,466.00","1,473.25","1,471.14",79895,117536417.05,12022,33427.0,41.84
CAPLIPOINT,EQ,23-Feb-2024,"1,521.50","1,529.15","1,530.00","1,490.00","1,493.50","1,499.25","1,504.41",93032,139958035.75,15002,41300.0,44.39
CAPLIPOINT,EQ,22-Feb-2024,"1,545.45","1,555.00","1,555.00","1,515.00","1,523.00","1,521.50","1,524.66",54531,83141170.55,9357,25072.0,45.98
CAPLIPOINT,EQ,21-Feb-2024,"1,562.00","1,572.50","1,572.50","1,527.00","1,532.00","1,545.45","1,548.73",102635,158953877.2,12965,42662.0,41.57
CAPLIPOINT,EQ,20-Feb-2024,"1,597.70","1,599.60","1,603.95","1,555.65","1,568.00","1,562.00","1,576.34",44484,70121719.75,6980,20142.0,45.28
CAPLIPOINT,EQ,19-Feb-2024,"1,572.35","1,584.45","1,619.05","1,547.05","1,598.00","1,597.70","1,586.67",122943,195069668.6,14175,50223.0,40.85
CAPLIPOINT,EQ,16-Feb-2024,"1,543.55","1,543.00","1,588.80","1,535.00","1,572.00","1,572.35","1,569.92",86407,135651995.15,9813,40664.0,47.06
CAPLIPOINT,EQ,15-Feb-2024,"1,517.70","1,529.45","1,557.95","1,514.70","1,534.05","1,543.55","1,538.85",120983,186175014.45,12655,61746.0,51.04
CAPLIPOINT,EQ,14-Feb-2024,"1,527.15","1,524.80","1,538.35","1,485.15","1,517.95","1,517.70","1,511.28",133568,201858926.0,20597,51300.0,38.41
CAPLIPOINT,EQ,13-Feb-2024,"1,481.35","1,480.00","1,531.00","1,440.90","1,523.50","1,527.15","1,504.67",169995,255786077.8,19735,65514.0,38.54
CAPLIPOINT,EQ,12-Feb-2024,"1,428.80","1,429.00","1,547.80","1,411.15","1,480.00","1,481.35","1,494.44",354956,530461446.45,40970,116246.0,32.75
CAPLIPOINT,EQ,09-Feb-2024,"1,439.90","1,445.00","1,473.05","1,396.25","1,429.00","1,428.80","1,429.29",206153,294652417.65,24393,64703.0,31.39
CAPLIPOINT,EQ,08-Feb-2024,"1,400.10","1,420.00","1,448.80","1,389.85","1,434.00","1,439.90","1,412.08",95232,134475550.7,7847,67081.0,70.44
CAPLIPOINT,EQ,07-Feb-2024,"1,411.45","1,422.00","1,425.05","1,393.75","1,407.00","1,400.10","1,401.15",142528,199702794.55,7439,115924.0,81.33
CAPLIPOINT,EQ,06-Feb-2024,"1,402.50","1,407.80","1,463.00","1,401.05","1,412.00","1,411.45","1,430.59",175075,250460434.85,14426,110606.0,63.18
CAPLIPOINT,EQ,05-Feb-2024,"1,401.05","1,401.00","1,420.00","1,391.20","1,399.00","1,402.50","1,401.82",151214,211974682.75,14949,98536.0,65.16
CAPLIPOINT,EQ,02-Feb-2024,"1,400.35","1,404.95","1,441.00","1,390.00","1,399.00","1,401.05","1,420.19",62562,88849745.05,8464,31169.0,49.82
CAPLIPOINT,EQ,01-Feb-2024,"1,448.35","1,449.00","1,452.95","1,396.05","1,400.00","1,400.35","1,412.36",190701,269337881.65,17962,118880.0,62.34
CAPLIPOINT,EQ,31-Jan-2024,"1,448.45","1,455.00","1,456.00","1,436.10","1,440.20","1,448.35","1,449.37",107567,155904133.1,8553,59398.0,55.22
CAPLIPOINT,EQ,30-Jan-2024,"1,420.35","1,419.85","1,461.00","1,390.00","1,432.15","1,448.45","1,423.61",156757,223160232.95,20685,48955.0,31.23
CAPLIPOINT,EQ,29-Jan-2024,"1,446.50","1,459.00","1,467.00","1,412.60","1,424.80","1,420.35","1,438.10",114093,164077649.9,10004,66526.0,58.31
CAPLIPOINT,EQ,25-Jan-2024,"1,479.80","1,494.90","1,494.90","1,440.00","1,443.60","1,446.50","1,456.18",75613,110106071.45,10466,41330.0,54.66
CAPLIPOINT,EQ,24-Jan-2024,"1,504.10","1,519.00","1,550.00","1,474.35","1,479.00","1,479.80","1,509.58",127749,192847800.45,15166,48726.0,38.14
CAPLIPOINT,EQ,23-Jan-2024,"1,447.65","1,452.00","1,519.95","1,433.05","1,498.00","1,504.10","1,477.71",131227,193916093.55,15068,50016.0,38.11
CAPLIPOINT,EQ,20-Jan-2024,"1,477.20","1,485.00","1,485.00","1,430.00","1,439.00","1,447.65","1,458.73",41088,59936496.0,4967,20010.0,48.7
CAPLIPOINT,EQ,19-Jan-2024,"1,450.60","1,459.95","1,498.40","1,450.10","1,477.25","1,477.20","1,475.08",90803,133941471.05,13596,27310.0,30.08
CAPLIPOINT,EQ,18-Jan-2024,"1,480.00","1,479.00","1,508.85","1,425.25","1,456.90","1,450.60","1,463.09",134992,197505748.25,17405,40580.0,30.06
CAPLIPOINT,EQ,17-Jan-2024,"1,475.35","1,475.00","1,493.00","1,436.00","1,480.00","1,480.00","1,468.62",129597,190329062.3,13717,59316.0,45.77
CAPLIPOINT,EQ,16-Jan-2024,"1,457.50","1,465.40","1,479.95","1,453.35","1,475.00","1,475.35","1,468.11",93164,136774815.15,12816,37583.0,40.34
CAPLIPOINT,EQ,15-Jan-2024,"1,442.15","1,447.00","1,461.00","1,420.00","1,456.00","1,457.50","1,446.98",83547,120890436.65,9637,32936.0,39.42
CAPLIPOINT,EQ,12-Jan-2024,"1,429.80","1,434.00","1,450.00","1,415.20","1,442.00","1,442.15","1,441.80",68356,98555693.15,9437,32201.0,47.11
CAPLIPOINT,EQ,11-Jan-2024,"1,438.10","1,440.00","1,441.00","1,420.30","1,421.00","1,429.80","1,432.66",43171,61849244.95,5718,19800.0,45.86
CAPLIPOINT,EQ,10-Jan-2024,"1,445.15","1,448.05","1,482.45","1,409.25","1,429.20","1,438.10","1,437.68",191080,274711897.55,22521,65035.0,34.04
CAPLIPOINT,EQ,09-Jan-2024,"1,389.60","1,402.00","1,470.00","1,391.55","1,446.00","1,445.15","1,437.94",421273,605767292.95,36673,128584.0,30.52
CAPLIPOINT,EQ,08-Jan-2024,"1,399.75","1,409.95","1,423.00","1,375.00","1,380.20","1,389.60","1,400.36",144865,202863154.05,14098,43671.0,30.15
CAPLIPOINT,EQ,05-Jan-2024,"1,406.85","1,415.75","1,424.00","1,379.85","1,399.00","1,399.75","1,397.62",107829,150704026.75,15596,39936.0,37.04
CAPLIPOINT,EQ,04-Jan-2024,"1,399.70","1,399.00","1,419.90","1,382.05","1,412.00","1,406.85","1,406.79",121300,170643600.45,14528,47113.0,38.84
CAPLIPOINT,EQ,03-Jan-2024,"1,393.95","1,400.00","1,420.00","1,380.10","1,404.90","1,399.70","1,397.92",129735,181359355.25,18684,45543.0,35.1
CAPLIPOINT,EQ,02-Jan-2024,"1,355.95","1,366.90","1,398.00","1,345.95","1,395.00","1,393.95","1,374.45",213457,293386342.5,26268,56847.0,26.63
CAPLIPOINT,EQ,01-Jan-2024,"1,356.15","1,368.30","1,425.40","1,341.05","1,350.00","1,355.95","1,387.40",313018,434282114.45,33828,113591.0,36.29
CAPLIPOINT,EQ,29-Dec-2023,"1,373.55","1,375.00","1,396.00","1,340.20","1,350.55","1,356.15","1,371.74",81734,112117832.65,9371,36132.0,44.21
CAPLIPOINT,EQ,26-Dec-2025,"1,970.10","1,970.10","1,992.10","1,901.00","1,908.00","1,915.80","1,931.58",124906,241266409.6,12559,70862.0,56.73
CAPLIPOINT,EQ,24-Dec-2025,"1,981.00","1,978.10","1,979.90","1,963.90","1,965.10","1,970.10","1,968.82",16243,31979587.5,3332,9638.0,59.34
CAPLIPOINT,EQ,23-Dec-2025,"1,953.80","1,956.80","1,989.00","1,937.00","1,979.00","1,981.00","1,971.96",42769,84338716.6,6236,23290.0,54.46
CAPLIPOINT,EQ,22-Dec-2025,"1,926.90","1,926.90","1,963.90","1,924.30","1,963.10","1,953.80","1,943.74",36419,70789044.5,5586,18613.0,51.11
CAPLIPOINT,EQ,19-Dec-2025,"1,907.60","1,908.00","1,934.00","1,908.00","1,930.00","1,926.90","1,923.61",23454,45116295.4,3993,11659.0,49.71
CAPLIPOINT,EQ,18-Dec-2025,"1,897.80","1,897.80","1,920.00","1,888.20","1,915.00","1,907.60","1,902.27",24425,46462836.1,4381,14433.0,59.09
CAPLIPOINT,EQ,17-Dec-2025,"1,945.60","1,945.60","1,950.80","1,886.50","1,900.00","1,897.80","1,909.72",44182,84375394.7,7282,23343.0,52.83
CAPLIPOINT,EQ,16-Dec-2025,"1,955.60","1,940.00","1,958.00","1,931.60","1,945.00","1,945.60","1,946.40",26232,51057955.0,5007,9938.0,37.89
CAPLIPOINT,EQ,15-Dec-2025,"1,963.90","1,965.00","1,969.50","1,944.00","1,956.20","1,955.60","1,958.33",20126,39413389.4,3422,7886.0,39.18
CAPLIPOINT,EQ,12-Dec-2025,"1,952.00","1,952.00","1,975.90","1,940.00","1,958.00","1,963.90","1,961.35",37297,73152329.7,6105,21029.0,56.38
CAPLIPOINT,EQ,11-Dec-2025,"1,928.20","1,935.00","1,955.00","1,915.80","1,954.00","1,952.00","1,937.08",21558,41759476.9,4183,9630.0,44.67
CAPLIPOINT,EQ,10-Dec-2025,"1,904.80","1,914.60","1,970.00","1,901.30","1,928.20","1,928.20","1,943.57",61388,119311926.3,10501,19382.0,31.57
CAPLIPOINT,EQ,09-Dec-2025,"1,927.60","1,945.00","1,956.80","1,869.00","1,902.00","1,904.80","1,903.50",116362,221495621.5,17204,38643.0,33.21
CAPLIPOINT,EQ,08-Dec-2025,"1,963.40","1,961.90","1,974.50","1,897.40","1,974.50","1,927.60","1,925.19",37701,72581417.3,7087,18779.0,49.81
CAPLIPOINT,EQ,05-Dec-2025,"1,976.10","1,976.10","1,980.00","1,923.60","1,954.00","1,963.40","1,944.95",58334,113456629.4,9410,22230.0,38.11
CAPLIPOINT,EQ,04-Dec-2025,"1,888.20","1,874.90","1,985.00","1,872.40","1,980.00","1,976.10","1,954.08",122324,239030426.5,12483,48617.0,39.74
CAPLIPOINT,EQ,03-Dec-2025,"1,919.40","1,905.00","1,923.50","1,871.50","1,888.00","1,888.20","1,891.60",48119,91021894.0,7834,28128.0,58.46
CAPLIPOINT,EQ,02-Dec-2025,"1,909.10","1,881.00","1,925.80","1,880.50","1,912.00","1,919.40","1,914.57",38531,73770128.0,4872,19476.0,50.55
CAPLIPOINT,EQ,01-Dec-2025,"1,910.80","1,911.00","1,929.50","1,905.00","1,906.50","1,909.10","1,913.25",22042,42171789.8,4867,10695.0,48.52
CAPLIPOINT,EQ,28-Nov-2025,"1,908.70","1,914.00","1,926.10","1,900.10","1,905.50","1,910.80","1,914.40",25901,49584802.2,4798,9734.0,37.58
CAPLIPOINT,EQ,27-Nov-2025,"1,918.50","1,918.50","1,926.20","1,899.90","1,916.00","1,908.70","1,912.84",29167,55791766.3,4245,16540.0,56.71
CAPLIPOINT,EQ,26-Nov-2025,"1,905.00","1,903.90","1,922.10","1,886.00","1,920.00","1,918.50","1,905.49",52179,99426476.5,5814,30033.0,57.56
CAPLIPOINT,EQ,25-Nov-2025,"1,919.20","1,910.00","1,919.80","1,903.00","1,905.90","1,905.00","1,906.57",23787,45351662.1,3654,13371.0,56.21
CAPLIPOINT,EQ,24-Nov-2025,"1,918.80","1,907.50","1,939.80","1,879.20","1,915.00","1,919.20","1,899.55",79387,150799968.7,13764,45806.0,57.7
CAPLIPOINT,EQ,21-Nov-2025,"1,920.50","1,915.00","1,934.70","1,905.00","1,911.10","1,918.80","1,919.46",59702,114595872.4,14238,31036.0,51.98
CAPLIPOINT,EQ,20-Nov-2025,"1,931.30","1,942.00","1,942.00","1,915.40","1,917.80","1,920.50","1,921.48",23799,45729282.6,3526,12518.0,52.6
CAPLIPOINT,EQ,19-Nov-2025,"1,914.90","1,900.00","1,935.90","1,900.00","1,934.00","1,931.30","1,922.61",40145,77183268.0,5955,12911.0,32.16
CAPLIPOINT,EQ,18-Nov-2025,"1,943.20","1,950.00","1,950.00","1,905.90","1,910.90","1,914.90","1,922.22",36910,70949187.4,6260,19349.0,52.42
CAPLIPOINT,EQ,17-Nov-2025,"1,925.50","1,947.90","1,950.00","1,922.30","1,944.30","1,943.20","1,933.50",46042,89022259.7,4538,24305.0,52.79
CAPLIPOINT,EQ,14-Nov-2025,"1,936.40","1,932.40","1,949.80","1,915.00","1,921.90","1,925.50","1,926.94",60899,117348971.0,8809,36374.0,59.73
CAPLIPOINT,EQ,13-Nov-2025,"1,946.10","1,947.50","1,977.70","1,930.10","1,930.10","1,936.40","1,948.45",82736,161207166.4,8794,48279.0,58.35
CAPLIPOINT,EQ,12-Nov-2025,"1,947.90","1,958.50","1,958.50","1,932.10","1,949.10","1,946.10","1,945.85",69728,135680227.6,7780,43897.0,62.95
CAPLIPOINT,EQ,11-Nov-2025,"1,943.20","1,950.00","1,959.70","1,918.80","1,942.00","1,947.90","1,934.79",47804,92490922.6,5098,22836.0,47.77
CAPLIPOINT,EQ,10-Nov-2025,"1,932.50","1,956.40","1,956.40","1,908.00","1,947.00","1,943.20","1,935.72",69503,134538230.2,10898,33624.0,48.38
CAPLIPOINT,EQ,07-Nov-2025,"2,004.40","2,003.00","2,004.00","1,896.00","1,939.70","1,932.50","1,930.17",156822,302692604.3,19254,65980.0,42.07
CAPLIPOINT,EQ,06-Nov-2025,"1,995.20","2,050.00","2,074.00","1,996.10","2,007.80","2,004.40","2,027.62",155904,316114165.5,19011,30416.0,19.51
CAPLIPOINT,EQ,04-Nov-2025,"2,006.20","2,019.00","2,019.00","1,975.10","1,992.80","1,995.20","1,990.86",53166,105845844.3,7791,29912.0,56.26
CAPLIPOINT,EQ,03-Nov-2025,"2,032.80","2,032.80","2,053.90","1,996.70","2,006.00","2,006.20","2,015.42",51352,103495890.9,7636,31350.0,61.05
CAPLIPOINT,EQ,31-Oct-2025,"2,030.50","2,036.00","2,049.00","2,010.10","2,029.00","2,032.80","2,030.76",43860,89069267.4,6514,15989.0,36.45
CAPLIPOINT,EQ,30-Oct-2025,"2,021.00","2,019.00","2,036.00","2,012.10","2,032.00","2,030.50","2,026.00",27977,56681399.4,4630,13087.0,46.78
CAPLIPOINT,EQ,29-Oct-2025,"2,012.00","2,021.40","2,027.80","2,009.10","2,025.00","2,021.00","2,017.88",19380,39106500.9,3270,8591.0,44.33
CAPLIPOINT,EQ,28-Oct-2025,"2,016.10","2,023.70","2,029.40","1,992.20","2,013.00","2,012.00","2,010.89",30388,61107058.8,5392,13124.0,43.19
CAPLIPOINT,EQ,27-Oct-2025,"1,993.10","2,008.00","2,027.10","1,986.60","2,011.40","2,016.10","2,008.50",34353,68997952.6,7014,13598.0,39.58
CAPLIPOINT,EQ,24-Oct-2025,"2,023.00","2,034.00","2,036.70","1,971.50","1,997.50","1,993.10","2,009.84",39858,80108124.1,5221,13870.0,34.8
CAPLIPOINT,EQ,23-Oct-2025,"2,029.90","2,037.90","2,059.00","2,015.10","2,024.90","2,023.00","2,034.74",52185,106183054.1,8839,16025.0,30.71
CAPLIPOINT,EQ,21-Oct-2025,"2,010.60","2,010.00","2,037.00","2,004.00","2,030.00","2,029.90","2,028.31",16784,34043118.4,1983,8072.0,48.09
CAPLIPOINT,EQ,20-Oct-2025,"1,987.60","1,991.10","2,030.00","1,972.00","2,012.00","2,010.60","2,008.61",62318,125172425.9,13228,23325.0,37.43
CAPLIPOINT,EQ,17-Oct-2025,"2,015.30","2,008.00","2,030.00","1,976.60","1,988.00","1,987.60","1,998.12",33974,67884005.4,5085,13192.0,38.83
CAPLIPOINT,EQ,16-Oct-2025,"2,019.40","2,025.00","2,030.80","1,996.00","2,014.00","2,015.30","2,011.06",49816,100182720.5,10872,25302.0,50.79
CAPLIPOINT,EQ,15-Oct-2025,"1,969.50","1,970.20","2,026.10","1,969.00","2,020.00","2,019.40","2,000.60",51147,102324586.6,6733,20902.0,40.87
CAPLIPOINT,EQ,14-Oct-2025,"2,007.90","2,012.90","2,026.80","1,961.90","1,973.10","1,969.50","1,987.12",60826,120868532.1,9021,30382.0,49.95
CAPLIPOINT,EQ,13-Oct-2025,"2,056.80","2,056.80","2,060.10","2,001.40","2,013.00","2,007.90","2,016.31",47516,95806993.6,8040,23797.0,50.08
CAPLIPOINT,EQ,10-Oct-2025,"2,026.10","2,026.80","2,086.90","2,012.00","2,051.90","2,056.80","2,056.41",76725,157777905.8,10675,30719.0,40.04
CAPLIPOINT,EQ,09-Oct-2025,"2,005.40","2,020.00","2,046.30","2,000.00","2,028.00","2,026.10","2,026.57",57625,116780877.9,8525,22922.0,39.78
CAPLIPOINT,EQ,08-Oct-2025,"1,997.00","2,005.90","2,028.60","1,993.70","1,998.20","2,005.40","2,009.37",40353,81084116.4,6888,20374.0,50.49
CAPLIPOINT,EQ,07-Oct-2025,"2,021.40","2,030.10","2,030.50","1,990.00","1,999.00","1,997.00","2,008.29",56366,113199299.9,8468,27092.0,48.06
CAPLIPOINT,EQ,06-Oct-2025,"2,019.90","2,033.70","2,053.60","2,010.00","2,020.00","2,021.40","2,029.37",42984,87230452.2,7499,16214.0,37.72
CAPLIPOINT,EQ,03-Oct-2025,"2,058.50","2,060.00","2,067.00","1,995.10","2,031.00","2,019.90","2,026.76",70816,143527385.0,9689,30040.0,42.42
CAPLIPOINT,EQ,01-Oct-2025,"1,966.10","1,973.80","2,068.40","1,960.10","2,067.00","2,058.50","2,029.21",85457,173409837.4,11029,27899.0,32.65
CAPLIPOINT,EQ,30-Sep-2025,"2,010.20","2,030.10","2,050.00","1,949.50","1,972.00","1,966.10","1,989.99",98326,195667703.2,11982,46455.0,47.25
CAPLIPOINT,EQ,29-Sep-2025,"2,036.90","2,068.50","2,070.00","2,000.00","2,012.30","2,010.20","2,027.50",99908,202563714.7,13167,41312.0,41.35
CAPLIPOINT,EQ,26-Sep-2025,"2,183.60","2,149.90","2,149.90","2,005.10","2,020.00","2,036.90","2,065.25",285785,590217997.3,37967,114904.0,40.21
CAPLIPOINT,EQ,25-Sep-2025,"2,261.10","2,259.90","2,259.90","2,165.00","2,179.00","2,183.60","2,209.44",54307,119988142.0,7561,25441.0,46.85
CAPLIPOINT,EQ,24-Sep-2025,"2,253.60","2,259.00","2,279.80","2,235.60","2,250.10","2,261.10","2,257.44",41458,93589077.8,6440,17222.0,41.54
CAPLIPOINT,EQ,23-Sep-2025,"2,320.00","2,313.80","2,318.60","2,242.00","2,254.00","2,253.60","2,277.11",64060,145871686.1,9343,28287.0,44.16
CAPLIPOINT,EQ,22-Sep-2025,"2,343.00","2,343.00","2,369.00","2,307.10","2,311.00","2,320.00","2,338.84",68517,160250442.7,11325,31781.0,46.38
CAPLIPOINT,EQ,19-Sep-2025,"2,321.50","2,323.90","2,356.80","2,290.00","2,318.00","2,343.00","2,329.24",84437,196674363.7,9909,43234.0,51.2
CAPLIPOINT,EQ,18-Sep-2025,"2,330.10","2,341.80","2,362.40","2,286.60","2,322.00","2,321.50","2,321.39",79639,184873367.3,9552,38340.0,48.14
CAPLIPOINT,EQ,17-Sep-2025,"2,247.40","2,247.40","2,395.00","2,233.50","2,328.00","2,330.10","2,341.77",497745,1165603519.9,44682,126133.0,25.34
CAPLIPOINT,EQ,16-Sep-2025,"2,273.30","2,281.90","2,287.00","2,229.60","2,248.00","2,247.40","2,249.04",68976,155129921.1,11258,39781.0,57.67
CAPLIPOINT,EQ,15-Sep-2025,"2,245.60","2,262.90","2,292.00","2,250.00","2,275.00","2,273.30","2,275.60",120347,273861155.0,19395,76199.0,63.32
CAPLIPOINT,EQ,12-Sep-2025,"2,237.60","2,234.10","2,269.90","2,220.00","2,243.30","2,245.60","2,249.02",78503,176555031.2,10933,38900.0,49.55
CAPLIPOINT,EQ,11-Sep-2025,"2,219.70","2,219.70","2,271.50","2,208.60","2,226.20","2,237.60","2,248.84",90699,203967623.2,12153,44983.0,49.6
CAPLIPOINT,EQ,10-Sep-2025,"2,203.90","2,203.90","2,233.00","2,193.80","2,214.40","2,219.70","2,215.29",77351,171354770.1,10941,36538.0,47.24
CAPLIPOINT,EQ,09-Sep-2025,"2,176.20","2,175.10","2,213.50","2,175.00","2,203.00","2,203.90","2,199.81",64216,141263062.2,12109,34094.0,53.09
CAPLIPOINT,EQ,08-Sep-2025,"2,138.40","2,116.00","2,206.00","2,116.00","2,175.00","2,176.20","2,182.31",86955,189762383.1,11131,40202.0,46.23
CAPLIPOINT,EQ,05-Sep-2025,"2,117.00","2,117.00","2,185.00","2,111.10","2,130.10","2,138.40","2,153.02",48681,104811252.0,7651,15265.0,31.36
CAPLIPOINT,EQ,04-Sep-2025,"2,161.00","2,180.00","2,180.00","2,105.00","2,115.00","2,117.00","2,130.34",38656,82350313.1,6168,20280.0,52.46
CAPLIPOINT,EQ,03-Sep-2025,"2,127.40","2,127.40","2,187.00","2,115.30","2,166.00","2,161.00","2,161.94",94914,205198004.3,11858,35535.0,37.44
CAPLIPOINT,EQ,02-Sep-2025,"2,109.70","2,123.50","2,149.90","2,086.10","2,139.00","2,127.40","2,119.14",33286,70537818.0,5822,15807.0,47.49
CAPLIPOINT,EQ,01-Sep-2025,"2,098.60","2,098.60","2,139.90","2,080.00","2,102.00","2,109.70","2,112.07",39386,83185854.8,5814,15662.0,39.77
CAPLIPOINT,EQ,29-Aug-2025,"2,156.20","2,147.20","2,151.40","2,085.00","2,095.90","2,098.60","2,109.61",50682,106919312.1,6362,19746.0,38.96
CAPLIPOINT,EQ,28-Aug-2025,"2,084.50","2,084.00","2,169.00","2,071.40","2,145.00","2,156.20","2,137.68",158529,338883577.3,17667,63313.0,39.94
CAPLIPOINT,EQ,26-Aug-2025,"2,162.20","2,162.00","2,168.80","2,070.00","2,079.50","2,084.50","2,107.67",98702,208031040.1,13680,45232.0,45.83
CAPLIPOINT,EQ,25-Aug-2025,"2,168.10","2,195.00","2,220.00","2,151.50","2,167.00","2,162.20","2,192.88",102677,225158672.6,13144,43311.0,42.18
CAPLIPOINT,EQ,22-Aug-2025,"2,211.10","2,219.00","2,235.00","2,154.10","2,187.50","2,168.10","2,198.45",172520,379276145.6,21725,72263.0,41.89
CAPLIPOINT,EQ,21-Aug-2025,"2,120.90","2,120.90","2,222.00","2,099.00","2,210.90","2,211.10","2,185.35",236393,516602201.0,24239,99542.0,42.11
CAPLIPOINT,EQ,20-Aug-2025,"2,136.30","2,151.20","2,155.00","2,112.80","2,122.70","2,120.90","2,124.07",42299,89845860.9,6453,21506.0,50.84
CAPLIPOINT,EQ,19-Aug-2025,"2,151.70","2,152.00","2,176.40","2,121.50","2,139.30","2,136.30","2,144.36",54368,116584608.9,8425,26837.0,49.36
CAPLIPOINT,EQ,18-Aug-2025,"2,135.20","2,150.90","2,157.30","2,110.70","2,152.00","2,151.70","2,134.08",71747,153113610.8,9287,32868.0,45.81
CAPLIPOINT,EQ,14-Aug-2025,"2,156.90","2,160.00","2,185.70","2,125.00","2,132.00","2,135.20","2,147.62",57779,124087382.4,9228,24249.0,41.97
CAPLIPOINT,EQ,13-Aug-2025,"2,096.40","2,090.50","2,189.00","2,084.00","2,160.00","2,156.90","2,148.33",164257,352877494.0,18479,58014.0,35.32
CAPLIPOINT,EQ,12-Aug-2025,"2,107.70","2,100.00","2,142.70","2,088.00","2,099.90","2,096.40","2,114.00",71021,150138530.5,10005,27790.0,39.13
CAPLIPOINT,EQ,11-Aug-2025,"2,111.00","2,099.10","2,129.00","2,067.90","2,105.00","2,107.70","2,102.47",76043,159877798.1,10252,22800.0,29.98
CAPLIPOINT,EQ,08-Aug-2025,"2,058.30","2,043.10","2,160.00","2,008.10","2,092.00","2,111.00","2,107.99",459509,968642515.2,45743,89272.0,19.43
CAPLIPOINT,EQ,07-Aug-2025,"1,929.60","1,900.00","2,086.00","1,886.00","2,021.00","2,058.30","2,013.63",1027048,2068095815.0,91460,75957.0,7.4
CAPLIPOINT,EQ,06-Aug-2025,"1,957.00","1,957.00","1,971.00","1,899.30","1,934.30","1,929.60","1,920.92",118325,227293022.3,21576,63742.0,53.87
CAPLIPOINT,EQ,05-Aug-2025,"2,008.60","2,008.60","2,024.40","1,952.10","1,960.00","1,957.00","1,975.37",65542,129469385.0,9681,37879.0,57.79
CAPLIPOINT,EQ,04-Aug-2025,"1,988.10","1,988.00","2,014.00","1,979.90","2,012.00","2,008.60","1,998.70",35376,70705936.6,6448,16126.0,45.58
CAPLIPOINT,EQ,01-Aug-2025,"2,066.40","2,066.30","2,091.00","1,977.00","1,990.60","1,988.10","2,025.84",83588,169336152.8,12840,37924.0,45.37
CAPLIPOINT,EQ,31-Jul-2025,"2,145.80","2,097.00","2,125.00","2,055.60","2,071.00","2,066.40","2,091.54",60765,127092708.0,10287,30694.0,50.51
CAPLIPOINT,EQ,30-Jul-2025,"2,085.70","2,085.70","2,162.40","2,079.20","2,142.00","2,145.80","2,139.87",121697,260416095.4,14863,59847.0,49.18
CAPLIPOINT,EQ,29-Jul-2025,"2,051.30","2,042.00","2,095.90","2,038.10","2,088.00","2,085.70","2,070.87",39924,82677317.2,7444,19481.0,48.8
CAPLIPOINT,EQ,28-Jul-2025,"2,036.90","2,040.00","2,085.60","2,036.50","2,057.30","2,051.30","2,063.06",51325,105886564.6,10122,20672.0,40.28
CAPLIPOINT,EQ,25-Jul-2025,"2,098.00","2,099.00","2,101.00","2,030.00","2,037.00","2,036.90","2,063.37",31672,65351152.9,5618,16570.0,52.32
CAPLIPOINT,EQ,24-Jul-2025,"2,109.10","2,118.50","2,150.30","2,065.00","2,091.00","2,098.00","2,102.39",65563,137838722.1,8980,22985.0,35.06
CAPLIPOINT,EQ,23-Jul-2025,"2,079.20","2,080.00","2,123.00","2,074.30","2,100.60","2,109.10","2,105.04",63219,133078693.8,9486,28341.0,44.83
CAPLIPOINT,EQ,22-Jul-2025,"2,100.00","2,100.00","2,111.50","2,075.00","2,080.00","2,079.20","2,084.48",28505,59418051.8,4632,15995.0,56.11
CAPLIPOINT,EQ,21-Jul-2025,"2,103.30","2,103.00","2,116.40","2,083.00","2,100.00","2,100.00","2,099.83",32404,68042941.4,6079,20779.0,64.12
CAPLIPOINT,EQ,18-Jul-2025,"2,109.50","2,120.00","2,122.00","2,083.00","2,105.00","2,103.30","2,104.83",49757,104730205.6,7316,27514.0,55.3
CAPLIPOINT,EQ,17-Jul-2025,"2,079.30","2,075.50","2,125.00","2,071.00","2,109.80","2,109.50","2,107.94",68036,143415643.9,9357,31466.0,46.25
CAPLIPOINT,EQ,16-Jul-2025,"2,072.90","2,075.00","2,103.30","2,064.00","2,074.10","2,079.30","2,083.51",57190,119156025.6,8770,21499.0,37.59
CAPLIPOINT,EQ,15-Jul-2025,"2,033.10","2,042.50","2,094.90","2,034.10","2,077.00","2,072.90","2,066.22",85595,176858352.8,11301,42593.0,49.76
CAPLIPOINT,EQ,14-Jul-2025,"2,023.30","2,011.00","2,050.00","2,001.00","2,031.00","2,033.10","2,032.23",52421,106531711.5,7325,27771.0,52.98
CAPLIPOINT,EQ,11-Jul-2025,"2,042.50","2,032.20","2,054.00","2,015.00","2,015.00","2,023.30","2,030.12",35939,72960582.8,7026,15182.0,42.24
CAPLIPOINT,EQ,10-Jul-2025,"2,031.40","2,036.50","2,050.00","2,021.70","2,037.00","2,042.50","2,035.75",31062,63234477.0,4737,15746.0,50.69
CAPLIPOINT,EQ,09-Jul-2025,"2,020.50","2,020.00","2,038.00","2,011.10","2,032.50","2,031.40","2,026.46",52583,106557166.5,7458,23064.0,43.86
CAPLIPOINT,EQ,08-Jul-2025,"2,054.60","2,050.00","2,059.40","2,004.60","2,020.00","2,020.50","2,024.70",76556,155003113.3,10381,36679.0,47.91
CAPLIPOINT,EQ,07-Jul-2025,"2,017.80","2,017.80","2,065.00","2,000.20","2,041.30","2,054.60","2,031.82",106610,216612210.7,12208,49986.0,46.89
CAPLIPOINT,EQ,04-Jul-2025,"2,002.40","2,010.90","2,020.20","1,998.90","2,016.00","2,017.80","2,011.08",53263,107116213.6,5736,26123.0,49.05
CAPLIPOINT,EQ,03-Jul-2025,"1,982.30","1,993.00","2,013.90","1,990.00","2,003.00","2,002.40","2,001.33",67104,134297209.8,6771,34421.0,51.3
CAPLIPOINT,EQ,02-Jul-2025,"1,998.20","1,995.00","1,997.00","1,954.90","1,989.00","1,982.30","1,972.92",173778,342849272.7,21135,90213.0,51.91
CAPLIPOINT,EQ,01-Jul-2025,"2,117.60","2,115.80","2,118.10","1,987.00","1,995.00","1,998.20","2,022.75",282140,570697315.4,26511,171458.0,60.77
CAPLIPOINT,EQ,30-Jun-2025,"2,084.00","2,100.00","2,171.00","2,100.00","2,108.00","2,117.60","2,137.86",209314,447483868.0,20021,69961.0,33.42
CAPLIPOINT,EQ,27-Jun-2025,"2,080.20","2,088.00","2,156.80","2,075.00","2,089.00","2,084.00","2,114.70",179412,379401773.3,25392,76509.0,42.64
CAPLIPOINT,EQ,26-Jun-2025,"2,107.90","2,129.30","2,135.00","2,075.00","2,087.00","2,080.20","2,098.71",49085,103015059.7,6702,22597.0,46.04
CAPLIPOINT,EQ,25-Jun-2025,"2,056.40","2,069.00","2,121.00","2,068.00","2,104.00","2,107.90","2,103.31",63819,134230865.5,8699,28634.0,44.87
CAPLIPOINT,EQ,24-Jun-2025,"2,022.50","2,035.00","2,092.90","2,029.30","2,057.10","2,056.40","2,064.87",74214,153242215.0,11084,25555.0,34.43
CAPLIPOINT,EQ,23-Jun-2025,"2,045.60","2,039.90","2,052.60","2,010.60","2,029.20","2,022.50","2,027.41",55230,111973635.5,9339,28141.0,50.95
CAPLIPOINT,EQ,20-Jun-2025,"2,050.00","2,054.00","2,061.70","2,004.00","2,045.00","2,045.60","2,041.40",85307,174145450.6,13312,43895.0,51.46
CAPLIPOINT,EQ,19-Jun-2025,"2,088.80","2,099.00","2,099.00","2,039.20","2,050.00","2,050.00","2,053.92",121162,248857004.9,13426,82751.0,68.3
CAPLIPOINT,EQ,18-Jun-2025,"2,079.80","2,081.00","2,108.90","2,045.00","2,086.00","2,088.80","2,083.08",94236,196301588.9,14430,35138.0,37.29
CAPLIPOINT,EQ,17-Jun-2025,"2,095.70","2,105.00","2,137.90","2,075.00","2,076.60","2,079.80","2,099.35",99457,208794752.5,11275,40545.0,40.77
CAPLIPOINT,EQ,16-Jun-2025,"2,140.30","2,130.00","2,140.00","2,081.60","2,088.60","2,095.70","2,098.13",74122,155517260.6,11175,31340.0,42.28
CAPLIPOINT,EQ,13-Jun-2025,"2,113.40","2,080.00","2,149.00","2,056.00","2,136.60","2,140.30","2,115.13",113463,239988745.6,16105,47160.0,41.56
CAPLIPOINT,EQ,12-Jun-2025,"2,116.20","2,121.60","2,182.00","2,099.00","2,113.00","2,113.40","2,150.82",250292,538334117.6,32434,95548.0,38.17
CAPLIPOINT,EQ,11-Jun-2025,"2,031.30","2,037.00","2,127.80","2,026.10","2,122.20","2,116.20","2,096.05",212022,444408542.3,27160,67930.0,32.04
CAPLIPOINT,EQ,10-Jun-2025,"2,051.10","2,064.00","2,065.40","2,015.00","2,037.00","2,031.30","2,028.47",109514,222145871.9,12362,62869.0,57.41
CAPLIPOINT,EQ,09-Jun-2025,"2,093.30","2,082.30","2,119.00","2,046.60","2,050.00","2,051.10","2,063.34",114435,236118032.6,17884,64926.0,56.74
CAPLIPOINT,EQ,06-Jun-2025,"2,122.80","2,125.00","2,127.00","2,086.00","2,097.00","2,093.30","2,102.85",64316,135246672.7,12406,32205.0,50.07
CAPLIPOINT,EQ,05-Jun-2025,"2,158.70","2,150.00","2,160.80","2,110.70","2,125.00","2,122.80","2,130.42",103325,220125774.3,19602,56605.0,54.78
CAPLIPOINT,EQ,04-Jun-2025,"2,169.00","2,179.00","2,179.90","2,147.30","2,152.00","2,158.70","2,160.82",56351,121764357.1,11072,27638.0,49.05
CAPLIPOINT,EQ,03-Jun-2025,"2,159.80","2,160.00","2,190.00","2,142.10","2,170.00","2,169.00","2,170.29",75754,164408319.2,15533,38189.0,50.41
CAPLIPOINT,EQ,02-Jun-2025,"2,152.60","2,143.00","2,168.00","2,102.00","2,162.00","2,159.80","2,144.34",75117,161076625.7,16211,37108.0,49.4
CAPLIPOINT,EQ,30-May-2025,"2,162.60","2,174.50","2,181.80","2,146.50","2,155.50","2,152.60","2,160.95",49326,106591038.1,9715,26407.0,53.54
CAPLIPOINT,EQ,29-May-2025,"2,146.00","2,157.30","2,190.40","2,145.10","2,165.00","2,162.60","2,163.35",66930,144793061.6,8129,32393.0,48.4
CAPLIPOINT,EQ,28-May-2025,"2,171.80","2,181.50","2,183.20","2,137.40","2,148.00","2,146.00","2,157.44",42441,91564107.4,7341,22967.0,54.12
CAPLIPOINT,EQ,27-May-2025,"2,180.80","2,181.00","2,192.00","2,166.50","2,173.50","2,171.80","2,176.99",36309,79044177.9,5025,16756.0,46.15
CAPLIPOINT,EQ,26-May-2025,"2,192.80","2,191.00","2,212.40","2,163.30","2,178.00","2,180.80","2,187.85",60455,132266499.3,9059,25371.0,41.97
CAPLIPOINT,EQ,23-May-2025,"2,288.50","2,282.60","2,287.40","2,183.00","2,188.50","2,192.80","2,222.36",105695,234892697.6,12096,48222.0,45.62
CAPLIPOINT,EQ,22-May-2025,"2,252.40","2,249.80","2,296.90","2,235.00","2,277.00","2,288.50","2,272.30",180318,409736022.4,17472,81674.0,45.29
CAPLIPOINT,EQ,21-May-2025,"2,127.00","2,125.00","2,288.00","2,119.90","2,240.00","2,252.40","2,241.66",601595,1348568879.6,62419,103737.0,17.24
CAPLIPOINT,EQ,20-May-2025,"2,161.10","2,161.10","2,195.40","2,120.00","2,134.50","2,127.00","2,160.20",121113,261627996.9,16368,46084.0,38.05
CAPLIPOINT,EQ,19-May-2025,"2,010.00","2,024.00","2,188.00","2,008.60","2,147.00","2,161.10","2,133.74",587808,1254230208.8,64442,117896.0,20.06
CAPLIPOINT,EQ,16-May-2025,"2,000.60","2,012.20","2,035.90","1,973.50","2,004.20","2,010.00","1,999.76",80138,160256960.3,12255,28832.0,35.98
CAPLIPOINT,EQ,15-May-2025,"2,015.40","2,026.50","2,044.30","1,958.70","2,001.90","2,000.60","1,998.24",203731,407103339.9,21053,61694.0,30.28
CAPLIPOINT,EQ,14-May-2025,"2,003.50","2,003.50","2,037.30","2,002.00","2,017.90","2,015.40","2,019.26",80385,162317987.7,10367,29316.0,36.47
CAPLIPOINT,EQ,13-May-2025,"1,944.40","1,905.00","2,033.50","1,905.00","2,001.30","2,003.50","2,001.35",186283,372816803.5,23850,37107.0,19.92
CAPLIPOINT,EQ,12-May-2025,"1,860.90","1,870.00","1,950.00","1,870.00","1,942.00","1,944.40","1,932.65",86236,166664227.0,12127,40641.0,47.13
CAPLIPOINT,EQ,09-May-2025,"1,901.80","1,851.00","1,880.00","1,836.70","1,860.00","1,860.90","1,857.91",62212,115584130.3,12763,27581.0,44.33
CAPLIPOINT,EQ,08-May-2025,"1,862.50","1,870.00","1,923.00","1,870.00","1,895.00","1,901.80","1,900.27",81238,154374061.1,14337,38855.0,47.83
CAPLIPOINT,EQ,07-May-2025,"1,852.70","1,810.00","1,877.20","1,810.00","1,877.20","1,862.50","1,841.95",75646,139336140.7,12925,29991.0,39.65
CAPLIPOINT,EQ,06-May-2025,"1,906.40","1,899.50","1,902.40","1,830.10","1,844.00","1,852.70","1,864.33",90326,168397380.1,13418,44473.0,49.24
CAPLIPOINT,EQ,05-May-2025,"1,885.40","1,885.50","1,910.40","1,864.10","1,900.00","1,906.40","1,892.96",68602,129860926.4,10978,30111.0,43.89
CAPLIPOINT,EQ,02-May-2025,"1,878.90","1,878.90","1,895.00","1,822.80","1,885.00","1,885.40","1,867.75",85278,159277762.4,13972,33244.0,38.98
CAPLIPOINT,EQ,30-Apr-2025,"1,869.00","1,869.30","1,926.00","1,846.10","1,861.50","1,878.90","1,896.04",124384,235837480.1,16493,46225.0,37.16
CAPLIPOINT,EQ,29-Apr-2025,"1,907.60","1,912.00","1,924.70","1,865.00","1,871.70","1,869.00","1,886.01",72850,137395491.2,9733,31766.0,43.6
CAPLIPOINT,EQ,28-Apr-2025,"1,806.70","1,809.90","1,921.00","1,789.20","1,913.00","1,907.60","1,881.75",257962,485421130.5,35417,57901.0,22.45
CAPLIPOINT,EQ,25-Apr-2025,"1,884.40","1,886.00","1,900.00","1,799.00","1,804.90","1,806.70","1,824.86",113217,206605017.9,15408,49203.0,43.46
CAPLIPOINT,EQ,24-Apr-2025,"1,888.00","1,895.00","1,934.00","1,877.20","1,885.80","1,884.40","1,900.41",153945,292558262.5,17622,77338.0,50.24
CAPLIPOINT,EQ,23-Apr-2025,"1,888.90","1,900.00","1,913.10","1,876.00","1,885.00","1,888.00","1,892.51",108309,204975821.3,16608,43206.0,39.89
CAPLIPOINT,EQ,22-Apr-2025,"1,906.70","1,912.00","1,918.40","1,882.60","1,885.90","1,888.90","1,892.47",81806,154815640.5,12996,37692.0,46.07
CAPLIPOINT,EQ,21-Apr-2025,"1,967.10","1,950.00","1,959.50","1,892.30","1,909.50","1,906.70","1,919.36",147127,282388951.4,20225,76643.0,52.09
CAPLIPOINT,EQ,17-Apr-2025,"1,971.80","1,970.00","1,976.50","1,909.10","1,951.00","1,967.10","1,948.99",127499,248494912.1,22484,48471.0,38.02
CAPLIPOINT,EQ,16-Apr-2025,"1,925.60","1,925.60","1,984.00","1,909.50","1,967.00","1,971.80","1,958.65",101442,198689632.7,16298,37378.0,36.85
CAPLIPOINT,EQ,15-Apr-2025,"1,869.40","1,913.00","1,936.30","1,841.10","1,917.50","1,925.60","1,890.93",212119,401102871.3,25053,106608.0,50.26
CAPLIPOINT,EQ,11-Apr-2025,"1,713.80","1,820.00","1,879.60","1,752.80","1,869.00","1,869.40","1,831.08",412770,755815550.45,51982,70033.0,16.97
CAPLIPOINT,EQ,09-Apr-2025,"1,863.25","1,856.85","1,856.85","1,701.55","1,715.00","1,713.80","1,735.05",299971,520464375.9,40714,96910.0,32.31
CAPLIPOINT,EQ,08-Apr-2025,"1,844.60","1,898.65","1,918.80","1,852.50","1,875.00","1,863.25","1,873.52",67941,127288650.3,13783,28499.0,41.95
CAPLIPOINT,EQ,07-Apr-2025,"1,937.05","1,599.00","1,885.90","1,599.00","1,869.00","1,844.60","1,820.67",131362,239167414.45,22320,45749.0,34.83
CAPLIPOINT,EQ,04-Apr-2025,"2,055.60","2,059.95","2,069.75","1,917.00","1,952.00","1,937.05","1,956.86",110853,216923740.75,19460,42319.0,38.18
CAPLIPOINT,EQ,03-Apr-2025,"1,977.45","2,028.00","2,111.20","2,005.10","2,051.15","2,055.60","2,055.68",185017,380335471.8,29943,40466.0,21.87
CAPLIPOINT,EQ,02-Apr-2025,"1,977.70","1,977.70","1,985.00","1,938.00","1,979.70","1,977.45","1,965.65",31445,61809769.65,8613,13237.0,42.1
CAPLIPOINT,EQ,01-Apr-2025,"1,999.80","1,994.25","2,002.90","1,962.50","1,978.65","1,977.70","1,980.66",41608,82411462.65,7905,16611.0,39.92
CAPLIPOINT,EQ,28-Mar-2025,"2,010.10","2,039.00","2,040.05","1,984.65","1,990.00","1,999.80","2,010.81",65258,131221159.35,11544,21514.0,32.97
CAPLIPOINT,EQ,27-Mar-2025,"1,990.65","1,980.25","2,027.95","1,922.00","2,007.00","2,010.10","1,988.04",63631,126501117.9,14039,20426.0,32.1
CAPLIPOINT,EQ,26-Mar-2025,"2,056.30","2,065.00","2,065.00","1,985.00","1,987.90","1,990.65","2,008.18",57863,116199335.4,11472,22662.0,39.16
CAPLIPOINT,EQ,25-Mar-2025,"2,051.35","2,060.00","2,081.75","2,028.10","2,042.00","2,056.30","2,052.40",107331,220286592.05,18551,48291.0,44.99
CAPLIPOINT,EQ,24-Mar-2025,"1,998.25","2,034.00","2,085.00","2,008.20","2,041.50","2,051.35","2,056.68",133083,273708767.1,20520,48245.0,36.25
CAPLIPOINT,EQ,21-Mar-2025,"1,958.35","1,961.50","2,050.85","1,886.85","2,043.00","1,998.25","1,995.95",1080180,2155990277.95,94939,685341.0,63.45
CAPLIPOINT,EQ,20-Mar-2025,"1,932.20","1,948.95","1,989.00","1,931.55","1,960.00","1,958.35","1,959.78",103916,203652331.35,18041,51981.0,50.02
CAPLIPOINT,EQ,19-Mar-2025,"1,915.20","1,915.20","1,937.85","1,902.50","1,926.55","1,932.20","1,924.24",93802,180497608.05,15443,41994.0,44.77
CAPLIPOINT,EQ,18-Mar-2025,"1,849.30","1,860.75","1,938.20","1,848.00","1,922.00","1,915.20","1,906.06",136235,259672362.0,22295,56435.0,41.42
CAPLIPOINT,EQ,17-Mar-2025,"1,841.95","1,841.95","1,896.70","1,831.05","1,841.05","1,849.30","1,864.49",86503,161283710.95,19344,40638.0,46.98
CAPLIPOINT,EQ,13-Mar-2025,"1,855.15","1,864.30","1,894.00","1,828.50","1,838.25","1,841.95","1,857.98",67810,125989649.65,14953,28739.0,42.38
CAPLIPOINT,EQ,12-Mar-2025,"1,911.20","1,901.05","1,925.45","1,845.05","1,855.00","1,855.15","1,873.25",58985,110493834.3,11994,29265.0,49.61
CAPLIPOINT,EQ,11-Mar-2025,"1,907.65","1,889.50","1,923.95","1,855.75","1,920.00","1,911.20","1,896.99",77312,146660212.05,15545,30405.0,39.33
CAPLIPOINT,EQ,10-Mar-2025,"1,942.75","1,923.30","1,963.45","1,889.00","1,889.00","1,907.65","1,928.52",81325,156836518.2,18022,34342.0,42.23
CAPLIPOINT,EQ,07-Mar-2025,"1,933.65","1,949.20","1,968.80","1,913.10","1,940.00","1,942.75","1,947.94",98236,191357525.65,18546,38070.0,38.75
CAPLIPOINT,EQ,06-Mar-2025,"1,845.65","1,860.00","1,959.00","1,860.00","1,933.00","1,933.65","1,926.59",201782,388751786.0,31622,67206.0,33.31
CAPLIPOINT,EQ,05-Mar-2025,"1,809.95","1,800.00","1,867.00","1,789.35","1,849.50","1,845.65","1,839.89",101765,187236377.2,20549,43892.0,43.13
CAPLIPOINT,EQ,04-Mar-2025,"1,723.00","1,606.00","1,825.00","1,606.00","1,809.30","1,809.95","1,739.21",462595,804552017.2,69618,120985.0,26.15
CAPLIPOINT,EQ,03-Mar-2025,"1,822.50","1,822.50","1,834.85","1,681.00","1,727.50","1,723.00","1,723.80",273639,471699122.4,57067,131920.0,48.21
CAPLIPOINT,EQ,28-Feb-2025,"1,922.20","1,915.10","1,915.10","1,806.05","1,825.00","1,822.50","1,840.14",121213,223048460.65,24759,60958.0,50.29
CAPLIPOINT,EQ,27-Feb-2025,"1,967.35","1,982.25","2,023.35","1,908.00","1,922.15","1,922.20","1,945.50",100620,195756165.0,20540,40446.0,40.2
CAPLIPOINT,EQ,25-Feb-2025,"1,974.90","1,974.90","1,999.80","1,955.00","1,978.80","1,967.35","1,978.97",69140,136826009.15,15009,26310.0,38.05
CAPLIPOINT,EQ,24-Feb-2025,"2,029.85","2,029.80","2,035.00","1,963.00","1,984.50","1,974.90","1,990.80",77830,154943921.55,17596,32941.0,42.32
CAPLIPOINT,EQ,21-Feb-2025,"2,049.65","2,049.65","2,099.70","2,023.05","2,027.00","2,029.85","2,055.51",90880,186804482.9,21491,39493.0,43.46
CAPLIPOINT,EQ,20-Feb-2025,"2,024.30","2,027.95","2,066.00","2,007.05","2,040.00","2,049.65","2,046.67",63836,130651142.4,14539,23216.0,36.37
CAPLIPOINT,EQ,19-Feb-2025,"1,932.55","1,917.05","2,037.25","1,913.50","2,021.95","2,024.30","1,974.87",213193,421028641.5,34265,64771.0,30.38
CAPLIPOINT,EQ,18-Feb-2025,"1,987.10","1,987.10","1,994.10","1,914.05","1,921.00","1,932.55","1,933.18",94560,182801451.9,22906,33005.0,34.9
CAPLIPOINT,EQ,17-Feb-2025,"1,915.95","1,895.00","2,019.00","1,895.00","1,987.00","1,987.10","1,979.57",229102,453523991.55,39994,52435.0,22.89
CAPLIPOINT,EQ,14-Feb-2025,"2,017.15","2,034.00","2,034.00","1,891.00","1,917.40","1,915.95","1,934.18",106042,205104367.65,21232,42020.0,39.63
CAPLIPOINT,EQ,13-Feb-2025,"2,062.50","2,078.45","2,078.85","2,003.00","2,006.00","2,017.15","2,028.20",86699,175843323.0,17445,28442.0,32.81
CAPLIPOINT,EQ,12-Feb-2025,"2,036.45","2,045.00","2,097.60","2,022.05","2,064.45","2,062.50","2,061.33",212339,437701362.6,38789,70005.0,32.97
CAPLIPOINT,EQ,11-Feb-2025,"2,120.05","2,120.95","2,132.10","2,023.25","2,033.70","2,036.45","2,057.44",97212,200007808.3,21744,38197.0,39.29
CAPLIPOINT,EQ,10-Feb-2025,"2,217.25","2,225.00","2,236.85","2,065.75","2,112.15","2,120.05","2,109.70",189147,399043711.1,34985,60528.0,32.0
CAPLIPOINT,EQ,07-Feb-2025,"2,177.05","2,182.15","2,249.85","2,146.00","2,210.00","2,217.25","2,196.53",143161,314457858.55,27142,45438.0,31.74
CAPLIPOINT,EQ,06-Feb-2025,"2,198.95","2,225.00","2,246.10","2,155.10","2,176.20","2,177.05","2,183.78",87931,192021657.6,21424,40400.0,45.95
CAPLIPOINT,EQ,05-Feb-2025,"2,106.90","2,127.75","2,227.80","2,112.00","2,200.00","2,198.95","2,192.96",156568,343347328.4,25754,47579.0,30.39
CAPLIPOINT,EQ,04-Feb-2025,"2,031.80","2,089.95","2,173.60","2,045.65","2,113.00","2,106.90","2,120.82",316729,671726263.05,51382,51944.0,16.4
CAPLIPOINT,EQ,03-Feb-2025,"2,082.75","2,010.00","2,055.90","1,953.00","2,029.90","2,031.80","2,016.17",183471,369909326.85,35006,49366.0,26.91
CAPLIPOINT,EQ,01-Feb-2025,"2,074.35","2,093.95","2,115.00","2,036.95","2,094.00","2,082.75","2,075.71",102495,212749792.3,13354,16863.0,16.45
CAPLIPOINT,EQ,31-Jan-2025,"2,030.95","2,042.50","2,089.85","2,024.00","2,089.10","2,074.35","2,056.21",136728,281141653.1,17876,33428.0,24.45
CAPLIPOINT,EQ,30-Jan-2025,"2,001.75","2,010.75","2,049.90","1,995.05","2,030.00","2,030.95","2,023.62",112335,227323799.9,17693,27769.0,24.72
CAPLIPOINT,EQ,29-Jan-2025,"1,898.95","1,876.85","2,020.00","1,876.85","2,000.00","2,001.75","1,958.00",171109,335031903.25,27037,61839.0,36.14
CAPLIPOINT,EQ,28-Jan-2025,"1,899.20","1,899.20","1,915.40","1,785.05","1,905.00","1,898.95","1,852.34",300170,556016208.3,49291,99125.0,33.02
CAPLIPOINT,EQ,27-Jan-2025,"2,145.95","2,085.00","2,085.05","1,844.10","1,896.00","1,899.20","1,945.92",482636,939170670.4,67304,189301.0,39.22
CAPLIPOINT,EQ,24-Jan-2025,"2,215.10","2,225.05","2,231.75","2,133.55","2,150.00","2,145.95","2,160.42",140951,304512724.75,23056,50208.0,35.62
CAPLIPOINT,EQ,23-Jan-2025,"2,177.35","2,155.00","2,247.95","2,155.00","2,221.00","2,215.10","2,215.52",125515,278081565.4,19556,42692.0,34.01
CAPLIPOINT,EQ,22-Jan-2025,"2,195.25","2,185.00","2,200.00","2,116.85","2,180.00","2,177.35","2,149.71",91673,197070328.2,18246,40319.0,43.98
CAPLIPOINT,EQ,21-Jan-2025,"2,209.75","2,223.30","2,239.85","2,183.95","2,199.00","2,195.25","2,203.20",78548,173056984.85,13479,34598.0,44.05
CAPLIPOINT,EQ,20-Jan-2025,"2,206.25","2,210.00","2,227.80","2,166.00","2,203.00","2,209.75","2,198.75",108370,238278005.1,22137,56162.0,51.82
CAPLIPOINT,EQ,17-Jan-2025,"2,243.95","2,243.95","2,246.00","2,182.70","2,213.00","2,206.25","2,216.00",107646,238543090.6,16461,33845.0,31.44
CAPLIPOINT,EQ,16-Jan-2025,"2,232.80","2,284.95","2,297.95","2,207.00","2,240.00","2,243.95","2,251.35",104812,235967980.5,18435,37748.0,36.01
CAPLIPOINT,EQ,15-Jan-2025,"2,333.50","2,342.35","2,348.65","2,215.05","2,241.50","2,232.80","2,257.15",120317,271573143.2,18837,47827.0,39.75
CAPLIPOINT,EQ,14-Jan-2025,"2,258.90","2,245.00","2,357.45","2,232.00","2,340.00","2,333.50","2,298.12",160961,369908478.6,24256,47989.0,29.81
CAPLIPOINT,EQ,13-Jan-2025,"2,373.05","2,335.50","2,404.95","2,239.05","2,269.65","2,258.90","2,311.71",153178,354103675.65,26109,61542.0,40.18
CAPLIPOINT,EQ,10-Jan-2025,"2,477.50","2,454.00","2,463.65","2,350.00","2,365.05","2,373.05","2,383.34",161508,384927961.65,26501,53991.0,33.43
CAPLIPOINT,EQ,09-Jan-2025,"2,583.25","2,602.00","2,602.00","2,468.00","2,480.45","2,477.50","2,533.05",160902,407572551.7,20681,49949.0,31.04
CAPLIPOINT,EQ,08-Jan-2025,"2,550.80","2,550.75","2,601.00","2,472.25","2,577.00","2,583.25","2,545.56",193723,493132727.55,28842,87163.0,44.99
CAPLIPOINT,EQ,07-Jan-2025,"2,508.25","2,594.95","2,594.95","2,515.00","2,551.00","2,550.80","2,554.03",243741,622522713.95,26029,95308.0,39.1
CAPLIPOINT,EQ,06-Jan-2025,"2,537.55","2,579.65","2,579.95","2,486.60","2,520.00","2,508.25","2,523.21",149710,377749802.35,22354,54101.0,36.14
CAPLIPOINT,EQ,03-Jan-2025,"2,559.70","2,550.00","2,607.05","2,521.00","2,543.00","2,537.55","2,565.83",182816,469074957.15,22153,71956.0,39.36
CAPLIPOINT,EQ,02-Jan-2025,"2,512.30","2,524.95","2,625.95","2,492.35","2,550.00","2,559.70","2,568.39",305917,785714034.45,35542,76368.0,24.96
CAPLIPOINT,EQ,01-Jan-2025,"2,500.65","2,515.00","2,528.00","2,466.00","2,515.90","2,512.30","2,493.75",157454,392650200.5,16502,30257.0,19.22
CAPLIPOINT,EQ,31-Dec-2024,"2,538.10","2,533.00","2,533.00","2,464.00","2,502.00","2,500.65","2,490.92",108505,270276822.3,13430,33712.0,31.07
CAPLIPOINT,EQ,30-Dec-2024,"2,600.15","2,600.15","2,608.95","2,452.00","2,521.00","2,538.10","2,503.67",484329,1212599457.3,48033,106949.0,22.08
CAPLIPOINT,EQ,17-Apr-2026,"1,764.90","1,764.90","1,799.80","1,755.00","1,763.00","1,770.90","1,779.05",148567,264307572.4,12578,84925.0,57.16
CAPLIPOINT,EQ,16-Apr-2026,"1,735.60","1,749.00","1,770.00","1,736.10","1,769.00","1,764.90","1,756.55",107612,189025657.5,9223,59679.0,55.46
CAPLIPOINT,EQ,15-Apr-2026,"1,687.10","1,698.50","1,753.00","1,688.90","1,720.00","1,735.60","1,716.47",233605,400976589.7,14240,134335.0,57.51
CAPLIPOINT,EQ,13-Apr-2026,"1,708.40","1,700.00","1,710.90","1,649.00","1,685.00","1,687.10","1,687.01",75016,126552665.7,9127,41129.0,54.83
CAPLIPOINT,EQ,10-Apr-2026,"1,662.00","1,662.00","1,710.00","1,650.30","1,708.00","1,708.40","1,697.58",95593,162276838.5,9962,55532.0,58.09
CAPLIPOINT,EQ,09-Apr-2026,"1,660.30","1,662.00","1,689.90","1,644.50","1,657.00","1,662.00","1,663.39",68094,113267191.8,10521,37111.0,54.5
CAPLIPOINT,EQ,08-Apr-2026,"1,610.50","1,674.80","1,674.80","1,623.50","1,663.00","1,660.30","1,650.63",170696,281756372.1,18022,108186.0,63.38
CAPLIPOINT,EQ,07-Apr-2026,"1,569.10","1,571.00","1,627.00","1,545.50","1,606.60","1,610.50","1,599.73",132044,211235393.4,13309,73127.0,55.38
CAPLIPOINT,EQ,06-Apr-2026,"1,565.80","1,582.50","1,589.90","1,545.60","1,571.00","1,569.10","1,569.82",62429,98002410.6,8663,33485.0,53.64
CAPLIPOINT,EQ,02-Apr-2026,"1,570.10","1,570.10","1,572.00","1,508.00","1,572.00","1,565.80","1,543.83",65274,100771902.4,8885,40252.0,61.67
CAPLIPOINT,EQ,01-Apr-2026,"1,504.80","1,565.00","1,593.10","1,544.10","1,572.20","1,570.10","1,569.64",72897,114422229.4,9196,34110.0,46.79
CAPLIPOINT,EQ,30-Mar-2026,"1,558.40","1,548.00","1,561.80","1,500.30","1,501.00","1,504.80","1,523.79",148965,226991111.0,14368,86168.0,57.84
CAPLIPOINT,EQ,27-Mar-2026,"1,595.60","1,595.60","1,605.20","1,549.00","1,558.70","1,558.40","1,565.56",100167,156817103.4,10594,65996.0,65.89
CAPLIPOINT,EQ,25-Mar-2026,"1,586.30","1,591.80","1,630.00","1,582.20","1,595.00","1,595.60","1,609.40",107146,172441228.0,11250,68112.0,63.57
CAPLIPOINT,EQ,24-Mar-2026,"1,560.30","1,604.00","1,604.00","1,558.60","1,594.00","1,586.30","1,578.66",71266,112504924.0,8447,37907.0,53.19
CAPLIPOINT,EQ,23-Mar-2026,"1,604.10","1,600.00","1,604.10","1,555.20","1,563.50","1,560.30","1,565.21",101864,159438824.3,10189,62704.0,61.56
CAPLIPOINT,EQ,20-Mar-2026,"1,621.80","1,631.00","1,648.00","1,600.00","1,609.90","1,604.10","1,614.78",65307,105456481.0,6431,40824.0,62.51
CAPLIPOINT,EQ,19-Mar-2026,"1,648.20","1,634.20","1,639.00","1,614.20","1,622.00","1,621.80","1,624.42",50642,82263686.9,7494,29228.0,57.71
CAPLIPOINT,EQ,18-Mar-2026,"1,635.10","1,635.00","1,679.00","1,635.00","1,641.00","1,648.20","1,655.41",83039,137463578.2,9860,57737.0,69.53
CAPLIPOINT,EQ,17-Mar-2026,"1,636.00","1,649.90","1,650.00","1,624.90","1,634.80","1,635.10","1,635.82",51002,83430233.3,9011,29225.0,57.3
CAPLIPOINT,EQ,16-Mar-2026,"1,662.20","1,650.00","1,662.00","1,624.50","1,632.00","1,636.00","1,640.15",81182,133150692.6,16487,43568.0,53.67
CAPLIPOINT,EQ,13-Mar-2026,"1,687.60","1,690.00","1,690.00","1,656.00","1,659.70","1,662.20","1,667.14",64757,107959054.9,9195,34010.0,52.52
CAPLIPOINT,EQ,12-Mar-2026,"1,690.10","1,686.50","1,697.50","1,660.00","1,684.80","1,687.60","1,685.09",50022,84291656.5,7553,29102.0,58.18
CAPLIPOINT,EQ,11-Mar-2026,"1,684.10","1,689.00","1,710.00","1,683.00","1,685.00","1,690.10","1,696.33",54031,91654408.3,6307,33061.0,61.19
CAPLIPOINT,EQ,10-Mar-2026,"1,670.60","1,689.90","1,690.00","1,665.60","1,690.00","1,684.10","1,676.74",43345,72678142.0,7650,26499.0,61.14
CAPLIPOINT,EQ,09-Mar-2026,"1,664.80","1,654.00","1,679.70","1,618.90","1,669.20","1,670.60","1,655.30",86795,143671694.2,17458,49708.0,57.27
CAPLIPOINT,EQ,06-Mar-2026,"1,653.30","1,657.10","1,682.20","1,635.40","1,665.00","1,664.80","1,663.01",83972,139646504.5,13817,45966.0,54.74
CAPLIPOINT,EQ,05-Mar-2026,"1,650.60","1,650.60","1,669.40","1,617.40","1,662.60","1,653.30","1,640.63",111197,182432903.0,17199,56887.0,51.16
CAPLIPOINT,EQ,04-Mar-2026,"1,672.90","1,665.40","1,665.90","1,646.00","1,655.00","1,650.60","1,651.45",56840,93868220.7,7762,33846.0,59.55
CAPLIPOINT,EQ,02-Mar-2026,"1,700.10","1,680.00","1,685.00","1,638.30","1,680.10","1,672.90","1,659.58",90268,149806597.4,9965,55790.0,61.8
CAPLIPOINT,EQ,27-Feb-2026,"1,728.60","1,728.60","1,728.60","1,687.60","1,687.60","1,700.10","1,707.12",27815,47483488.2,4166,15206.0,54.67
CAPLIPOINT,EQ,26-Feb-2026,"1,727.00","1,727.00","1,743.10","1,715.20","1,726.00","1,728.60","1,726.52",24774,42772701.0,3451,12179.0,49.16
CAPLIPOINT,EQ,25-Feb-2026,"1,712.60","1,730.00","1,734.00","1,717.60","1,729.00","1,727.00","1,725.31",21410,36938875.9,3028,11501.0,53.72
CAPLIPOINT,EQ,24-Feb-2026,"1,729.50","1,729.00","1,729.50","1,695.00","1,713.80","1,712.60","1,708.09",59587,101780056.1,7823,24273.0,40.74
CAPLIPOINT,EQ,23-Feb-2026,"1,692.10","1,700.00","1,740.00","1,685.70","1,739.00","1,729.50","1,712.21",46179,79067975.7,7541,24359.0,52.75
CAPLIPOINT,EQ,20-Feb-2026,"1,704.20","1,700.20","1,705.90","1,681.10","1,693.00","1,692.10","1,690.58",43265,73142906.5,6022,20294.0,46.91
CAPLIPOINT,EQ,19-Feb-2026,"1,711.50","1,711.50","1,717.90","1,696.00","1,699.80","1,704.20","1,706.71",27814,47470319.6,3846,15855.0,57.0
CAPLIPOINT,EQ,18-Feb-2026,"1,722.30","1,730.00","1,735.80","1,681.30","1,707.20","1,711.50","1,707.70",114518,195562597.9,12576,58247.0,50.86
CAPLIPOINT,EQ,17-Feb-2026,"1,716.30","1,716.30","1,738.70","1,710.30","1,722.00","1,722.30","1,726.44",33823,58393344.8,4990,18032.0,53.31
CAPLIPOINT,EQ,16-Feb-2026,"1,731.20","1,730.10","1,741.90","1,710.80","1,717.90","1,716.30","1,726.23",32083,55382725.4,4371,13578.0,42.32
CAPLIPOINT,EQ,13-Feb-2026,"1,736.80","1,729.80","1,737.70","1,708.20","1,725.00","1,731.20","1,723.59",38711,66722035.9,5145,15782.0,40.77
CAPLIPOINT,EQ,12-Feb-2026,"1,746.70","1,750.90","1,755.40","1,726.00","1,731.00","1,736.80","1,739.05",42026,73085116.5,5827,16646.0,39.61
CAPLIPOINT,EQ,11-Feb-2026,"1,731.70","1,732.90","1,756.30","1,718.10","1,747.00","1,746.70","1,738.51",54196,94220102.5,6705,23491.0,43.34
CAPLIPOINT,EQ,10-Feb-2026,"1,758.40","1,770.00","1,770.00","1,704.40","1,734.00","1,731.70","1,727.73",194129,335402334.0,17483,79679.0,41.04
CAPLIPOINT,EQ,09-Feb-2026,"1,825.70","1,825.70","1,825.80","1,747.60","1,761.70","1,758.40","1,768.67",195605,345960531.3,19464,95366.0,48.75
CAPLIPOINT,EQ,06-Feb-2026,"1,903.90","1,939.00","1,939.00","1,805.30","1,834.00","1,825.70","1,840.90",137298,252751309.6,16216,59461.0,43.31
CAPLIPOINT,EQ,05-Feb-2026,"1,909.50","1,917.00","1,939.00","1,853.20","1,900.00","1,903.90","1,894.35",123694,234319720.2,14289,31910.0,25.8
CAPLIPOINT,EQ,04-Feb-2026,"1,867.50","1,891.30","1,920.00","1,852.50","1,920.00","1,909.50","1,895.60",68006,128912207.5,8971,38305.0,56.33
CAPLIPOINT,EQ,03-Feb-2026,"1,799.80","1,900.00","1,918.40","1,814.40","1,889.20","1,867.50","1,849.86",69836,129187092.0,9757,34963.0,50.06
CAPLIPOINT,EQ,02-Feb-2026,"1,809.90","1,790.10","1,807.90","1,744.00","1,807.30","1,799.80","1,769.82",33192,58743862.5,6220,13201.0,39.77
CAPLIPOINT,EQ,01-Feb-2026,"1,773.90","1,753.00","1,819.00","1,743.70","1,809.90","1,809.90","1,795.03",33517,60163966.7,4562,15130.0,45.14
CAPLIPOINT,EQ,30-Jan-2026,"1,726.80","1,710.00","1,789.90","1,702.00","1,730.80","1,773.90","1,761.65",52163,91893177.6,5574,23678.0,45.39
CAPLIPOINT,EQ,29-Jan-2026,"1,760.40","1,744.10","1,770.00","1,710.00","1,720.00","1,726.80","1,738.11",52279,90866881.0,6574,22027.0,42.13
CAPLIPOINT,EQ,28-Jan-2026,"1,730.60","1,750.00","1,800.00","1,732.80","1,753.80","1,760.40","1,752.65",48261,84584722.7,7101,19067.0,39.51
CAPLIPOINT,EQ,27-Jan-2026,"1,723.00","1,710.00","1,740.30","1,672.00","1,730.10","1,730.60","1,716.21",108496,186201391.2,12118,40234.0,37.08
CAPLIPOINT,EQ,23-Jan-2026,"1,736.00","1,730.00","1,748.60","1,709.60","1,748.60","1,723.00","1,727.31",65712,113504842.8,8470,42985.0,65.41
CAPLIPOINT,EQ,22-Jan-2026,"1,739.20","1,731.00","1,766.90","1,722.00","1,734.00","1,736.00","1,740.53",31621,55037218.5,5459,14512.0,45.89
CAPLIPOINT,EQ,21-Jan-2026,"1,782.60","1,766.00","1,787.40","1,705.00","1,721.00","1,739.20","1,740.86",115934,201825085.6,14473,58567.0,50.52
CAPLIPOINT,EQ,20-Jan-2026,"1,812.20","1,800.10","1,820.80","1,765.00","1,777.00","1,782.60","1,797.72",46545,83674721.2,7543,21363.0,45.9
CAPLIPOINT,EQ,19-Jan-2026,"1,826.20","1,820.20","1,829.00","1,804.10","1,815.00","1,812.20","1,817.14",30086,54670479.3,5994,14858.0,49.39
CAPLIPOINT,EQ,16-Jan-2026,"1,854.60","1,833.00","1,863.50","1,820.00","1,821.00","1,826.20","1,842.79",39987,73687511.1,5162,20043.0,50.12
CAPLIPOINT,EQ,14-Jan-2026,"1,812.10","1,810.00","1,861.50","1,803.40","1,845.00","1,854.60","1,840.96",43178,79489159.6,7014,25409.0,58.85
CAPLIPOINT,EQ,13-Jan-2026,"1,803.40","1,812.40","1,836.90","1,805.00","1,806.20","1,812.10","1,822.04",47882,87243015.6,7319,20689.0,43.21
CAPLIPOINT,EQ,12-Jan-2026,"1,813.50","1,810.50","1,813.50","1,764.20","1,798.60","1,803.40","1,793.75",56831,101940762.8,9776,29458.0,51.83
CAPLIPOINT,EQ,09-Jan-2026,"1,818.90","1,804.00","1,831.60","1,792.10","1,810.50","1,813.50","1,814.48",71702,130101519.2,10711,32877.0,45.85
CAPLIPOINT,EQ,08-Jan-2026,"1,856.60","1,856.60","1,860.10","1,810.00","1,818.90","1,818.90","1,834.04",31893,58493184.5,7081,16031.0,50.26
CAPLIPOINT,EQ,07-Jan-2026,"1,838.30","1,831.20","1,865.90","1,827.10","1,854.80","1,856.60","1,856.11",54316,100816508.1,6241,29917.0,55.08
CAPLIPOINT,EQ,06-Jan-2026,"1,845.30","1,839.00","1,852.70","1,827.00","1,830.20","1,838.30","1,837.48",46553,85540378.7,9002,21461.0,46.1
CAPLIPOINT,EQ,05-Jan-2026,"1,848.80","1,837.00","1,870.00","1,830.00","1,846.00","1,845.30","1,849.15",55824,103227011.6,8889,27286.0,48.88
CAPLIPOINT,EQ,02-Jan-2026,"1,798.90","1,811.00","1,866.00","1,802.40","1,848.00","1,848.80","1,844.79",96233,177530125.8,13805,34117.0,35.45
CAPLIPOINT,EQ,01-Jan-2026,"1,838.10","1,840.10","1,871.00","1,788.00","1,808.00","1,798.90","1,822.72",130326,237547720.6,16269,43861.0,33.65
CAPLIPOINT,EQ,31-Dec-2025,"1,790.70","1,785.80","1,849.70","1,783.00","1,835.00","1,838.10","1,824.95",90935,165952100.0,9205,38154.0,41.96
CAPLIPOINT,EQ,30-Dec-2025,"1,893.60","1,882.00","1,885.70","1,747.00","1,797.00","1,790.70","1,790.28",597782,1070198604.2,56251,249979.0,41.82
CAPLIPOINT,EQ,29-Dec-2025,"1,915.80","1,910.00","1,929.20","1,878.00","1,889.20","1,893.60","1,901.20",41821,79509921.7,5241,25108.0,60.04
