"ï»¿""symbol""",series,date,prevclose,openprice,highprice,lowprice,lastprice,closeprice,averageprice,totaltradedquantity,turnoverinrs,no.oftrades,deliverableqty,%dlyqttotradedqty
ITI,EQ,30-Dec-2011,17.4,17.75,18.9,17.05,17.7,17.85,18.22,329384,6002954.8,2708.0,50882.0,15.45
ITI,EQ,29-Dec-2011,17.65,17.5,17.95,17.05,17.35,17.4,17.53,54341,952702.6,499.0,22746.0,41.86
ITI,EQ,28-Dec-2011,18.3,18.1,18.55,17.5,17.6,17.65,18.05,58369,1053843.55,448.0,19546.0,33.49
ITI,EQ,27-Dec-2011,18.6,18.35,19.0,17.65,18.35,18.3,18.36,91020,1671499.3,805.0,39564.0,43.47
ITI,EQ,26-Dec-2011,18.7,19.45,19.5,18.25,18.5,18.6,18.6,107474,1998577.6,784.0,33893.0,31.54
ITI,EQ,23-Dec-2011,18.25,19.8,19.8,18.55,18.85,18.7,19.02,264424,5029125.7,1909.0,96750.0,36.59
ITI,EQ,22-Dec-2011,16.45,16.25,18.65,16.25,18.65,18.25,17.69,250061,4423256.55,2105.0,78146.0,31.25
ITI,EQ,21-Dec-2011,16.25,17.05,17.05,16.05,16.2,16.45,16.52,49712,821290.85,540.0,26957.0,54.23
ITI,EQ,20-Dec-2011,16.95,17.0,17.3,16.05,16.35,16.25,16.48,41755,688161.9,365.0,25923.0,62.08
ITI,EQ,19-Dec-2011,17.6,17.5,17.5,16.75,17.0,16.95,17.01,52618,895244.2,379.0,32571.0,61.9
ITI,EQ,16-Dec-2011,17.45,18.4,18.75,17.2,17.95,17.6,18.17,141561,2572378.6,1115.0,26750.0,18.9
ITI,EQ,15-Dec-2011,18.1,17.8,18.0,17.3,17.5,17.45,17.56,35831,629181.55,282.0,20521.0,57.27
ITI,EQ,14-Dec-2011,18.15,18.2,18.8,18.0,18.1,18.1,18.19,25926,471465.85,218.0,10799.0,41.65
ITI,EQ,13-Dec-2011,18.5,18.5,18.5,17.85,18.25,18.15,18.14,34746,630249.25,364.0,20059.0,57.73
ITI,EQ,12-Dec-2011,18.85,19.9,19.9,18.2,18.35,18.5,18.93,45280,857337.25,403.0,20682.0,45.68
ITI,EQ,09-Dec-2011,19.6,19.2,19.35,18.7,18.8,18.85,19.02,49163,934995.0,428.0,24409.0,49.65
ITI,EQ,08-Dec-2011,20.1,19.6,20.0,19.55,19.6,19.6,19.69,24640,485058.6,178.0,14592.0,59.22
ITI,EQ,07-Dec-2011,19.9,20.3,20.4,20.0,20.1,20.1,20.16,51726,1042850.35,457.0,18284.0,35.35
ITI,EQ,05-Dec-2011,20.4,20.4,20.4,19.8,19.9,19.9,20.0,44866,897296.55,333.0,23653.0,52.72
ITI,EQ,02-Dec-2011,19.75,20.4,20.9,19.85,20.4,20.4,20.59,345217,7108303.2,1925.0,67903.0,19.67
ITI,EQ,01-Dec-2011,19.8,20.1,20.5,19.7,19.7,19.75,20.05,49826,999085.4,453.0,19260.0,38.65
ITI,EQ,30-Nov-2011,20.0,19.75,20.2,19.4,19.9,19.8,19.79,59913,1185745.35,374.0,19303.0,32.22
ITI,EQ,29-Nov-2011,20.1,20.05,20.65,19.75,19.95,20.0,20.19,65796,1328313.85,525.0,24068.0,36.58
ITI,EQ,28-Nov-2011,19.85,20.35,20.5,20.0,20.1,20.1,20.26,92481,1873599.15,623.0,42011.0,45.43
ITI,EQ,25-Nov-2011,18.4,18.6,20.55,18.1,20.0,19.85,19.82,450662,8930089.6,3400.0,58944.0,13.08
ITI,EQ,24-Nov-2011,18.8,18.7,18.95,17.8,18.65,18.4,18.13,69418,1258550.95,558.0,28744.0,41.41
ITI,EQ,23-Nov-2011,18.95,18.95,19.0,18.5,18.9,18.8,18.7,36239,677825.45,355.0,17962.0,49.57
ITI,EQ,22-Nov-2011,18.95,19.5,19.85,18.75,18.8,18.95,19.02,43920,835552.05,379.0,20355.0,46.35
ITI,EQ,21-Nov-2011,19.15,19.2,19.55,18.75,19.0,18.95,19.2,43799,840817.05,447.0,16518.0,37.71
ITI,EQ,18-Nov-2011,19.95,19.55,19.85,18.8,19.25,19.15,19.23,53746,1033464.3,563.0,29677.0,55.22
ITI,EQ,17-Nov-2011,20.1,20.35,20.55,19.6,19.65,19.95,20.22,46405,938124.7,430.0,22749.0,49.02
ITI,EQ,16-Nov-2011,20.45,20.4,20.45,19.7,20.3,20.1,20.08,43367,870754.7,474.0,25323.0,58.39
ITI,EQ,15-Nov-2011,21.75,21.4,21.8,20.15,20.15,20.45,20.99,41832,877874.35,672.0,26350.0,62.99
ITI,EQ,14-Nov-2011,22.2,22.7,22.9,21.55,21.7,21.75,22.12,43246,956400.35,329.0,26022.0,60.17
ITI,EQ,11-Nov-2011,22.6,22.2,22.55,21.6,22.3,22.2,22.02,72070,1587248.05,568.0,34876.0,48.39
ITI,EQ,09-Nov-2011,23.3,23.5,23.55,22.3,22.4,22.6,23.02,50161,1154488.7,433.0,28067.0,55.95
ITI,EQ,08-Nov-2011,23.8,24.0,24.9,23.1,23.35,23.3,23.42,67259,1575100.15,486.0,28069.0,41.73
ITI,EQ,04-Nov-2011,24.3,24.5,24.7,23.55,23.85,23.8,24.12,92975,2242929.05,744.0,41805.0,44.96
ITI,EQ,03-Nov-2011,23.7,24.05,24.9,24.05,24.3,24.3,24.44,405939,9919383.2,2585.0,101645.0,25.04
ITI,EQ,02-Nov-2011,22.95,23.15,24.9,23.0,23.7,23.7,24.15,776796,18761341.8,4984.0,112709.0,14.51
ITI,EQ,01-Nov-2011,23.3,23.05,23.55,22.65,23.0,22.95,23.14,31787,735663.2,332.0,15316.0,48.18
ITI,EQ,31-Oct-2011,23.35,23.9,23.9,23.05,23.15,23.3,23.4,52243,1222248.35,451.0,22108.0,42.32
ITI,EQ,28-Oct-2011,22.9,23.5,23.75,23.0,23.45,23.35,23.39,111117,2599179.35,742.0,64070.0,57.66
ITI,EQ,26-Oct-2011,22.8,23.3,23.3,22.75,22.95,22.9,22.93,16615,380934.8,141.0,9407.0,56.62
ITI,EQ,25-Oct-2011,22.55,22.75,23.75,22.55,22.7,22.8,23.14,230382,5330953.85,1843.0,28440.0,12.34
ITI,EQ,24-Oct-2011,22.6,22.95,23.0,22.4,22.55,22.55,22.75,32699,744001.6,257.0,13729.0,41.99
ITI,EQ,24-Oct-2011,22.6,22.95,23.0,22.4,22.55,22.55,22.75,32699,744001.6,257.0,13729.0,41.99
ITI,EQ,21-Oct-2011,22.7,22.9,23.45,22.45,22.65,22.6,22.89,45193,1034337.2,475.0,19117.0,42.3
ITI,EQ,20-Oct-2011,23.05,23.1,23.1,22.6,22.65,22.7,22.75,41488,943899.45,316.0,23680.0,57.08
ITI,EQ,19-Oct-2011,23.35,23.85,24.1,22.75,23.2,23.05,23.42,121004,2834502.9,1024.0,47516.0,39.27
ITI,EQ,18-Oct-2011,22.45,22.1,24.55,22.1,23.35,23.35,23.72,991870,23524387.5,5778.0,99613.0,10.04
ITI,EQ,17-Oct-2011,22.35,22.75,23.9,22.25,22.25,22.45,22.85,136427,3117335.3,1115.0,25036.0,18.35
ITI,EQ,14-Oct-2011,22.75,22.6,22.95,22.0,22.25,22.35,22.52,78739,1772924.3,631.0,29227.0,37.12
ITI,EQ,13-Oct-2011,22.6,23.25,23.6,22.6,22.6,22.75,23.16,237247,5494295.65,1869.0,57981.0,24.44
ITI,EQ,12-Oct-2011,23.7,24.0,24.3,22.25,22.7,22.6,22.98,209558,4814831.9,1382.0,72324.0,34.51
ITI,EQ,11-Oct-2011,21.2,21.5,24.25,21.25,23.5,23.7,23.41,1413857,33101857.5,7658.0,182745.0,12.93
ITI,EQ,10-Oct-2011,19.95,20.1,21.9,19.5,20.95,21.2,20.78,118326,2458269.9,1059.0,46935.0,39.67
ITI,EQ,07-Oct-2011,19.2,19.95,20.3,19.75,20.2,19.95,20.04,63893,1280465.4,460.0,34758.0,54.4
ITI,EQ,05-Oct-2011,20.5,20.65,20.95,19.0,19.1,19.2,19.7,87063,1715486.05,835.0,46305.0,53.19
ITI,EQ,04-Oct-2011,21.0,20.65,21.3,20.35,20.5,20.5,20.86,49699,1036721.55,413.0,25866.0,52.05
ITI,EQ,03-Oct-2011,21.85,21.5,21.95,20.8,20.8,21.0,21.07,41444,873019.6,434.0,22611.0,54.56
ITI,EQ,30-Sep-2011,22.3,22.0,22.4,21.65,22.05,21.85,22.1,37036,818389.25,345.0,19919.0,53.78
ITI,EQ,29-Sep-2011,22.5,22.3,22.6,22.05,22.4,22.3,22.38,42371,948383.0,449.0,22402.0,52.87
ITI,EQ,28-Sep-2011,22.8,23.1,23.3,22.4,22.4,22.5,22.79,41950,956143.95,321.0,22435.0,53.48
ITI,EQ,27-Sep-2011,22.6,23.0,23.2,22.7,22.75,22.8,23.0,92218,2121005.5,511.0,29822.0,32.34
ITI,EQ,26-Sep-2011,23.1,23.2,23.2,22.5,22.5,22.6,22.8,43755,997457.95,353.0,20755.0,47.43
ITI,EQ,23-Sep-2011,23.75,23.15,23.6,22.9,23.0,23.1,23.25,70719,1644222.75,592.0,27963.0,39.54
ITI,EQ,22-Sep-2011,24.7,25.1,26.4,23.65,23.7,23.75,24.09,67227,1619340.45,605.0,33349.0,49.61
ITI,EQ,21-Sep-2011,24.75,24.9,25.1,24.55,24.7,24.7,24.83,60170,1493933.2,436.0,19478.0,32.37
ITI,EQ,20-Sep-2011,24.5,24.6,25.0,24.55,24.7,24.75,24.76,51059,1264422.45,396.0,18999.0,37.21
ITI,EQ,19-Sep-2011,24.6,24.9,25.15,24.4,24.45,24.5,24.81,86785,2153178.4,699.0,18912.0,21.79
ITI,EQ,16-Sep-2011,24.75,24.9,25.25,24.5,24.5,24.6,24.9,80163,1996365.85,557.0,26282.0,32.79
ITI,EQ,15-Sep-2011,24.25,24.7,25.25,24.25,24.75,24.75,24.76,109171,2703467.3,919.0,18839.0,17.26
ITI,EQ,14-Sep-2011,24.4,24.45,24.7,24.0,24.2,24.25,24.27,46258,1122590.5,329.0,19663.0,42.51
ITI,EQ,13-Sep-2011,24.25,24.8,25.1,24.2,24.45,24.4,24.7,46911,1158618.75,509.0,15300.0,32.61
ITI,EQ,12-Sep-2011,25.8,25.7,25.7,24.1,24.35,24.25,24.51,65283,1600120.1,571.0,33961.0,52.02
ITI,EQ,09-Sep-2011,25.8,25.55,26.9,25.4,25.65,25.8,26.25,175457,4605718.75,1382.0,39510.0,22.52
ITI,EQ,08-Sep-2011,25.8,25.95,26.2,25.55,25.75,25.8,25.93,62242,1613715.65,433.0,14717.0,23.64
ITI,EQ,07-Sep-2011,25.65,25.75,26.3,25.7,25.75,25.8,25.99,114095,2965693.7,873.0,33498.0,29.36
ITI,EQ,06-Sep-2011,25.45,25.25,26.05,25.05,25.5,25.65,25.67,141194,3624116.3,1262.0,40083.0,28.39
ITI,EQ,05-Sep-2011,23.75,24.6,27.0,24.3,25.35,25.45,25.49,773782,19726180.85,5706.0,91158.0,11.78
ITI,EQ,02-Sep-2011,23.85,23.8,24.0,23.55,23.75,23.75,23.78,35141,835654.3,260.0,19769.0,56.26
ITI,EQ,30-Aug-2011,23.35,23.95,24.6,23.45,23.8,23.85,23.95,57368,1373749.05,741.0,17385.0,30.3
ITI,EQ,29-Aug-2011,22.65,23.0,23.5,22.8,23.35,23.35,23.24,35645,828350.65,458.0,16402.0,46.01
ITI,EQ,26-Aug-2011,23.5,23.05,23.75,22.45,22.9,22.65,23.18,53585,1241948.0,727.0,19945.0,37.22
ITI,EQ,25-Aug-2011,23.8,24.35,24.35,23.4,23.4,23.5,23.7,50969,1208081.25,428.0,17777.0,34.88
ITI,EQ,24-Aug-2011,24.15,24.1,24.6,23.6,23.65,23.8,24.14,47043,1135694.35,591.0,17918.0,38.09
ITI,EQ,23-Aug-2011,23.3,23.8,24.5,23.2,24.25,24.15,24.03,88184,2119461.65,883.0,33945.0,38.49
ITI,EQ,22-Aug-2011,22.85,22.75,23.4,22.6,23.35,23.3,23.11,51096,1180624.1,442.0,24613.0,48.17
ITI,EQ,19-Aug-2011,23.6,23.1,24.1,22.6,22.7,22.85,23.19,141905,3290745.3,1080.0,46945.0,33.08
ITI,EQ,18-Aug-2011,24.25,25.95,25.95,23.4,23.7,23.6,23.94,54171,1296884.4,611.0,19872.0,36.68
ITI,EQ,17-Aug-2011,24.6,24.35,24.7,23.8,24.3,24.25,24.12,120598,2908265.3,812.0,45069.0,37.37
ITI,EQ,16-Aug-2011,26.45,26.7,26.75,24.25,24.25,24.6,25.61,89833,2300558.8,1023.0,28454.0,31.67
ITI,EQ,12-Aug-2011,26.65,27.0,27.5,26.25,26.4,26.45,26.78,132568,3549974.1,1217.0,52774.0,39.81
ITI,EQ,11-Aug-2011,27.0,26.6,27.65,26.35,26.65,26.65,26.92,154548,4159928.6,1100.0,42586.0,27.56
ITI,EQ,10-Aug-2011,24.25,25.45,27.85,24.75,26.8,27.0,26.78,612281,16395651.45,3963.0,85089.0,13.9
ITI,EQ,09-Aug-2011,25.05,25.0,25.0,23.55,24.1,24.25,24.3,94922,2306394.65,792.0,38247.0,40.29
ITI,EQ,09-Aug-2011,25.05,25.0,25.0,23.55,24.1,24.25,24.3,94922,2306394.65,792.0,38247.0,40.29
ITI,EQ,08-Aug-2011,26.75,24.5,26.0,24.5,24.95,25.05,25.23,126985,3204254.05,1146.0,61070.0,48.09
ITI,EQ,05-Aug-2011,29.2,27.25,28.6,26.25,26.7,26.75,27.03,153371,4145809.65,1093.0,76596.0,49.94
ITI,EQ,04-Aug-2011,28.85,29.55,30.1,29.0,29.1,29.2,29.58,149352,4418176.45,1106.0,37364.0,25.02
ITI,EQ,03-Aug-2011,29.25,29.0,29.2,28.65,29.2,28.85,28.86,59169,1707685.05,449.0,27719.0,46.85
ITI,EQ,02-Aug-2011,30.1,30.2,30.2,29.15,29.2,29.25,29.59,71688,2121106.4,567.0,32304.0,45.06
ITI,EQ,01-Aug-2011,30.3,30.65,30.8,30.0,30.1,30.1,30.31,49578,1502787.35,347.0,30488.0,61.5
ITI,EQ,29-Jul-2011,30.45,30.4,30.75,30.0,30.4,30.3,30.47,58840,1793042.9,404.0,39282.0,66.76
ITI,EQ,28-Jul-2011,30.8,30.75,31.5,30.4,30.4,30.45,30.63,72907,2232862.65,628.0,23963.0,32.87
ITI,EQ,27-Jul-2011,31.1,31.2,31.45,30.65,30.9,30.8,31.04,48406,1502572.4,387.0,20469.0,42.29
ITI,EQ,26-Jul-2011,31.85,31.75,31.9,31.0,31.05,31.1,31.35,66788,2093576.3,516.0,38442.0,57.56
ITI,EQ,25-Jul-2011,31.5,31.5,32.35,31.35,31.85,31.85,31.96,141097,4509918.95,867.0,67999.0,48.19
ITI,EQ,22-Jul-2011,31.4,31.7,31.8,31.4,31.5,31.5,31.6,77822,2459145.75,499.0,39894.0,51.26
ITI,EQ,21-Jul-2011,31.65,32.45,32.45,31.35,31.35,31.4,31.67,102938,3260483.35,642.0,24629.0,23.93
ITI,EQ,20-Jul-2011,31.6,31.75,32.85,31.6,31.7,31.65,32.11,197968,6356643.4,1461.0,39288.0,19.85
ITI,EQ,19-Jul-2011,31.4,31.5,31.85,31.2,31.7,31.6,31.63,64550,2041738.25,508.0,21731.0,33.67
ITI,EQ,18-Jul-2011,31.65,31.4,31.75,31.3,31.45,31.4,31.56,49878,1574134.85,396.0,20501.0,41.1
ITI,EQ,15-Jul-2011,31.6,31.7,31.9,31.45,31.7,31.65,31.67,44015,1394057.5,388.0,25743.0,58.49
ITI,EQ,14-Jul-2011,31.6,31.65,32.05,31.4,31.55,31.6,31.75,89540,2843007.05,674.0,24412.0,27.26
ITI,EQ,13-Jul-2011,31.2,31.5,32.05,31.35,31.7,31.6,31.68,78549,2488690.8,696.0,24750.0,31.51
ITI,EQ,12-Jul-2011,31.65,31.3,31.6,31.0,31.3,31.2,31.32,83352,2610762.35,522.0,41680.0,50.0
ITI,EQ,11-Jul-2011,32.05,31.95,32.3,31.55,31.65,31.65,31.93,100691,3215126.65,631.0,33398.0,33.17
ITI,EQ,08-Jul-2011,32.65,32.95,33.0,32.0,32.05,32.05,32.31,117642,3801058.9,744.0,64437.0,54.77
ITI,EQ,07-Jul-2011,32.7,32.25,33.0,32.25,32.75,32.65,32.71,86485,2828857.55,633.0,38632.0,44.67
ITI,EQ,06-Jul-2011,33.0,32.7,33.1,32.5,32.7,32.7,32.79,84974,2786187.5,571.0,34767.0,40.91
ITI,EQ,05-Jul-2011,32.75,32.8,34.3,32.0,33.05,33.0,33.49,829383,27772252.0,4848.0,143286.0,17.28
ITI,EQ,04-Jul-2011,31.4,32.0,33.35,32.0,32.75,32.75,32.8,654466,21467907.7,4416.0,144856.0,22.13
ITI,EQ,01-Jul-2011,31.35,32.4,32.4,31.25,31.45,31.4,31.53,108353,3416151.5,634.0,52163.0,48.14
ITI,EQ,30-Jun-2011,31.3,31.4,31.8,31.2,31.45,31.35,31.44,102718,3228977.65,709.0,34747.0,33.83
ITI,EQ,29-Jun-2011,32.0,32.4,32.45,31.2,31.35,31.3,31.7,184005,5832964.85,1368.0,63812.0,34.68
ITI,EQ,28-Jun-2011,30.2,30.9,33.45,30.8,31.75,32.0,32.26,1435157,46302533.2,8778.0,141790.0,9.88
ITI,EQ,27-Jun-2011,30.4,30.15,30.5,30.05,30.35,30.2,30.3,53101,1608921.65,399.0,25448.0,47.92
ITI,EQ,24-Jun-2011,29.55,29.95,30.7,29.6,30.35,30.4,30.19,187970,5675263.65,1150.0,84176.0,44.78
ITI,EQ,23-Jun-2011,30.3,30.45,30.45,29.35,29.55,29.55,29.84,115969,3460354.65,810.0,37503.0,32.34
ITI,EQ,22-Jun-2011,30.15,30.4,31.55,29.55,30.15,30.3,30.55,690337,21089561.8,3688.0,81467.0,11.8
ITI,EQ,21-Jun-2011,30.1,30.7,30.9,30.0,30.2,30.15,30.46,86615,2638303.2,676.0,31787.0,36.7
ITI,EQ,20-Jun-2011,32.0,32.2,32.2,30.0,30.2,30.1,30.66,165398,5070475.5,1149.0,80123.0,48.44
ITI,EQ,17-Jun-2011,32.4,32.4,33.0,31.85,31.85,32.0,32.27,133925,4321234.9,773.0,77452.0,57.83
ITI,EQ,16-Jun-2011,33.35,33.05,33.05,32.3,32.45,32.4,32.61,108133,3526288.7,762.0,41483.0,38.36
ITI,EQ,15-Jun-2011,33.45,33.9,34.6,33.1,33.1,33.35,33.92,677837,22993051.0,4308.0,123263.0,18.18
ITI,EQ,14-Jun-2011,32.3,32.6,33.9,32.5,33.7,33.45,33.34,503001,16770972.3,3029.0,126557.0,25.16
ITI,EQ,13-Jun-2011,32.45,32.5,32.65,32.1,32.35,32.3,32.31,59362,1918033.35,384.0,26390.0,44.46
ITI,EQ,10-Jun-2011,32.4,32.9,33.3,32.25,32.35,32.45,32.75,215564,7060660.3,1593.0,55873.0,25.92
ITI,EQ,09-Jun-2011,32.65,32.3,32.9,32.2,32.5,32.4,32.55,60772,1978343.7,491.0,26814.0,44.12
ITI,EQ,08-Jun-2011,32.5,32.3,33.45,32.3,32.65,32.65,33.0,218634,7214683.55,1111.0,45150.0,20.65
ITI,EQ,07-Jun-2011,32.35,32.35,32.9,32.3,32.5,32.5,32.55,78895,2568284.05,663.0,24257.0,30.75
ITI,EQ,06-Jun-2011,32.8,33.0,33.0,32.2,32.4,32.35,32.47,79660,2586370.6,635.0,31356.0,39.36
ITI,EQ,03-Jun-2011,33.45,33.05,33.75,32.65,32.75,32.8,33.2,100272,3329003.15,789.0,54546.0,54.4
ITI,EQ,02-Jun-2011,34.4,33.9,34.0,33.2,33.3,33.45,33.68,122526,4126957.2,685.0,49984.0,40.79
ITI,EQ,01-Jun-2011,33.1,33.1,35.6,33.1,34.15,34.4,34.64,1132382,39226220.05,5772.0,139170.0,12.29
ITI,EQ,31-May-2011,33.1,33.1,33.7,32.95,33.0,33.1,33.26,132699,4412922.55,,60863.0,45.87
ITI,EQ,30-May-2011,33.45,33.5,33.55,32.8,33.1,33.1,33.14,187429,6211693.3,,52698.0,28.12
ITI,EQ,27-May-2011,33.9,34.5,35.1,33.1,33.4,33.45,33.82,473276,16007131.55,,112117.0,23.69
ITI,EQ,26-May-2011,31.9,32.2,34.9,31.45,34.1,33.9,33.75,517057,17451946.85,,147563.0,28.54
ITI,EQ,25-May-2011,31.2,31.95,32.35,31.4,31.9,31.9,31.86,288252,9183724.5,,57285.0,19.87
ITI,EQ,24-May-2011,31.45,31.6,31.6,31.1,31.15,31.2,31.32,57196,1791093.7,,29178.0,51.01
ITI,EQ,23-May-2011,32.25,32.4,32.4,31.35,31.5,31.45,31.65,71138,2251361.35,,39999.0,56.23
ITI,EQ,20-May-2011,32.55,32.8,33.2,32.1,32.25,32.25,32.53,133649,4347086.65,,46651.0,34.91
ITI,EQ,19-May-2011,31.5,32.0,33.45,31.8,32.6,32.55,32.6,474248,15459901.05,,72359.0,15.26
ITI,EQ,18-May-2011,31.75,31.95,32.1,31.4,31.6,31.5,31.61,41455,1310575.05,,23416.0,56.49
ITI,EQ,17-May-2011,32.3,32.25,32.7,31.6,31.75,31.75,32.04,56135,1798533.1,,30823.0,54.91
ITI,EQ,16-May-2011,32.15,32.2,32.65,32.0,32.3,32.3,32.33,50240,1624015.85,,25829.0,51.41
ITI,EQ,13-May-2011,32.15,32.25,33.2,31.35,32.55,32.15,32.53,308723,10041537.05,,89950.0,29.14
ITI,EQ,12-May-2011,32.7,32.9,33.2,32.0,32.25,32.15,32.55,115604,3762470.05,,33899.0,29.32
ITI,EQ,11-May-2011,32.5,32.75,33.2,32.1,32.85,32.7,32.8,62059,2035673.55,,29148.0,46.97
ITI,EQ,10-May-2011,32.3,32.55,33.35,32.25,32.5,32.5,32.74,117246,3838903.35,,29942.0,25.54
ITI,EQ,09-May-2011,32.75,32.75,33.2,32.15,32.25,32.3,32.58,85999,2802124.3,,34859.0,40.53
ITI,EQ,06-May-2011,32.15,32.65,33.0,32.2,32.75,32.75,32.64,130025,4243559.25,,65305.0,50.22
ITI,EQ,06-May-2011,32.15,32.65,33.0,32.2,32.75,32.75,32.64,130025,4243559.25,,65305.0,50.22
ITI,EQ,05-May-2011,32.8,32.5,33.4,32.0,32.25,32.15,32.71,148778,4866877.25,,57860.0,38.89
ITI,EQ,04-May-2011,33.15,33.05,33.2,32.3,32.9,32.8,32.74,90308,2956797.9,,42340.0,46.88
ITI,EQ,03-May-2011,34.75,34.6,35.2,32.95,33.3,33.15,34.13,137439,4690498.2,,57022.0,41.49
ITI,EQ,02-May-2011,34.25,34.9,35.95,34.3,34.65,34.75,35.2,438048,15418186.35,,79980.0,18.26
ITI,EQ,29-Apr-2011,35.15,35.45,35.5,34.1,34.15,34.25,34.82,154769,5389643.7,,80161.0,51.79
ITI,EQ,28-Apr-2011,35.25,34.9,35.85,34.9,35.25,35.15,35.31,98853,3490360.05,,48064.0,48.62
ITI,EQ,27-Apr-2011,35.55,35.65,36.25,35.15,35.2,35.25,35.6,185550,6605012.8,,70606.0,38.05
ITI,EQ,26-Apr-2011,35.9,35.7,35.9,35.4,35.45,35.55,35.6,141446,5035422.25,,62690.0,44.32
ITI,EQ,25-Apr-2011,36.4,36.55,36.75,35.75,35.8,35.9,36.3,117896,4279301.8,,47286.0,40.11
ITI,EQ,21-Apr-2011,36.6,37.0,37.4,36.3,36.45,36.4,36.82,223866,8242393.2,,93666.0,41.84
ITI,EQ,20-Apr-2011,36.55,36.95,37.2,36.3,36.5,36.6,36.75,173176,6364369.6,,61495.0,35.51
ITI,EQ,19-Apr-2011,36.75,36.5,37.5,36.4,36.6,36.55,36.87,264110,9738974.8,,64433.0,24.4
ITI,EQ,18-Apr-2011,38.6,39.5,39.95,36.5,36.65,36.75,38.42,860697,33070182.55,,254953.0,29.62
ITI,EQ,15-Apr-2011,36.15,36.5,39.8,35.9,39.5,38.6,37.98,1847932,70180203.8,,373467.0,20.21
ITI,EQ,13-Apr-2011,35.55,35.15,36.45,35.15,36.45,36.15,35.89,201948,7248774.25,,83195.0,41.2
ITI,EQ,11-Apr-2011,35.75,35.1,36.7,35.1,35.75,35.55,35.82,196135,7026157.9,,46070.0,23.49
ITI,EQ,08-Apr-2011,36.8,36.8,37.3,35.5,35.85,35.75,36.46,231924,8457044.75,,91047.0,39.26
ITI,EQ,07-Apr-2011,38.0,38.4,38.4,36.65,36.9,36.8,37.28,487805,18184069.7,,171873.0,35.23
ITI,EQ,06-Apr-2011,35.05,35.5,40.4,34.6,37.95,38.0,38.19,2224324,84951007.85,,436599.0,19.63
ITI,EQ,05-Apr-2011,35.05,35.0,35.3,34.1,35.0,35.05,34.75,243358,8456845.95,,92332.0,37.94
ITI,EQ,04-Apr-2011,32.9,33.5,35.7,33.35,35.2,35.05,35.02,860843,30149310.65,,264321.0,30.7
ITI,EQ,01-Apr-2011,31.8,31.8,33.3,31.8,32.9,32.9,32.69,161029,5264712.05,,49111.0,30.5
ITI,EQ,31-Mar-2011,32.0,32.45,32.7,31.65,31.75,31.8,32.1,131219,4211824.05,,54637.0,41.64
ITI,EQ,30-Mar-2011,31.55,31.95,32.35,31.8,32.1,32.0,32.06,98449,3156483.2,,40208.0,40.84
ITI,EQ,29-Mar-2011,32.05,32.4,32.5,31.45,31.6,31.55,31.93,113520,3624221.0,,60838.0,53.59
ITI,EQ,28-Mar-2011,32.35,32.25,32.85,31.9,32.1,32.05,32.31,96067,3104095.95,,43065.0,44.83
ITI,EQ,25-Mar-2011,32.3,32.45,33.0,32.15,32.35,32.35,32.59,139530,4546792.35,,49555.0,35.52
ITI,EQ,24-Mar-2011,32.2,32.85,32.9,32.1,32.25,32.3,32.47,96690,3139169.1,,52730.0,54.54
ITI,EQ,23-Mar-2011,31.9,32.3,32.6,31.85,32.15,32.2,32.25,63667,2053054.6,,24300.0,38.17
ITI,EQ,22-Mar-2011,31.4,31.1,33.1,31.1,32.1,31.9,32.38,212032,6866410.2,,40231.0,18.97
ITI,EQ,21-Mar-2011,31.75,32.05,32.05,31.3,31.3,31.4,31.61,45904,1451035.2,,21562.0,46.97
ITI,EQ,18-Mar-2011,32.4,32.5,32.75,31.65,31.9,31.75,32.29,99640,3216878.5,,33724.0,33.85
ITI,EQ,17-Mar-2011,32.25,32.1,33.0,32.0,32.4,32.4,32.63,124878,4074167.1,,36748.0,29.43
ITI,EQ,16-Mar-2011,31.75,32.35,32.6,31.85,32.35,32.25,32.25,98767,3185412.9,,32391.0,32.8
ITI,EQ,15-Mar-2011,32.9,32.6,32.6,31.2,31.7,31.75,31.87,94341,3006675.6,,43343.0,45.94
ITI,EQ,14-Mar-2011,33.0,33.25,33.6,32.6,32.85,32.9,33.11,124962,4137632.85,,41578.0,33.27
ITI,EQ,11-Mar-2011,34.2,34.0,34.15,32.75,33.05,33.0,33.46,110601,3700340.0,,54617.0,49.38
ITI,EQ,10-Mar-2011,33.7,34.2,35.0,34.05,34.2,34.2,34.45,301942,10403076.65,,91722.0,30.38
ITI,EQ,09-Mar-2011,33.65,33.9,34.25,33.55,33.65,33.7,33.78,94335,3186743.8,,32291.0,34.23
ITI,EQ,08-Mar-2011,33.25,33.75,34.35,33.1,33.7,33.65,33.83,267183,9039473.65,,47298.0,17.7
ITI,EQ,07-Mar-2011,34.3,34.0,34.0,32.9,33.05,33.25,33.25,125587,4175217.15,,40466.0,32.22
ITI,EQ,04-Mar-2011,34.85,35.25,35.6,34.1,34.1,34.3,34.81,181149,6306221.75,,53684.0,29.64
ITI,EQ,03-Mar-2011,34.4,34.4,35.3,34.1,34.9,34.85,34.61,165424,5725452.35,,37152.0,22.46
ITI,EQ,01-Mar-2011,33.85,34.5,34.9,34.1,34.5,34.4,34.38,120323,4137259.35,,47813.0,39.74
ITI,EQ,28-Feb-2011,34.2,34.85,35.7,33.6,33.75,33.85,34.89,361052,12598557.45,,99895.0,27.67
ITI,EQ,25-Feb-2011,34.95,35.25,35.6,33.55,34.35,34.2,34.61,169755,5875003.7,,67563.0,39.8
ITI,EQ,24-Feb-2011,36.9,37.05,37.05,34.55,35.25,34.95,35.93,171182,6150881.55,,61735.0,36.06
ITI,EQ,23-Feb-2011,36.55,37.05,38.95,36.7,37.0,36.9,37.33,1174216,43829286.75,,76859.0,6.55
ITI,EQ,22-Feb-2011,36.6,36.4,37.85,35.55,36.55,36.55,37.08,486053,18020976.65,,82943.0,17.06
ITI,EQ,21-Feb-2011,37.6,37.85,38.0,36.1,36.6,36.6,36.9,399376,14738197.95,,108131.0,27.07
ITI,EQ,18-Feb-2011,35.4,36.3,40.9,36.1,37.65,37.6,38.81,4347029,168725860.9,,319729.0,7.36
ITI,EQ,17-Feb-2011,35.35,35.4,36.2,35.1,35.4,35.4,35.58,170054,6050759.45,,47344.0,27.84
ITI,EQ,16-Feb-2011,35.4,35.0,36.15,35.0,35.2,35.35,35.56,189456,6736789.8,,51537.0,27.2
ITI,EQ,15-Feb-2011,34.0,34.0,36.4,34.0,35.5,35.4,35.29,414973,14644896.5,,75588.0,18.22
ITI,EQ,14-Feb-2011,32.8,32.5,34.3,32.5,34.1,34.0,33.71,236086,7958078.85,,70683.0,29.94
ITI,EQ,11-Feb-2011,32.75,32.95,33.2,30.9,32.75,32.8,32.1,274243,8804113.7,,83070.0,30.29
ITI,EQ,10-Feb-2011,32.8,32.95,33.5,31.2,32.9,32.75,32.71,134591,4402100.6,,50162.0,37.27
ITI,EQ,09-Feb-2011,37.0,37.05,37.25,30.7,33.3,32.8,34.44,204689,7048816.0,,84543.0,41.3
ITI,EQ,08-Feb-2011,37.55,38.75,39.2,36.6,37.05,37.0,38.29,611445,23411755.0,,156678.0,25.62
ITI,EQ,07-Feb-2011,36.5,36.5,38.3,35.9,37.9,37.55,37.37,378136,14130014.3,,93421.0,24.71
ITI,EQ,04-Feb-2011,35.95,35.8,37.9,35.8,36.45,36.5,37.06,392414,14544795.1,,65831.0,16.78
ITI,EQ,03-Feb-2011,36.05,36.1,36.55,35.7,36.0,35.95,36.14,160871,5814389.5,,46117.0,28.67
ITI,EQ,02-Feb-2011,36.2,36.5,36.8,35.65,35.8,36.05,36.33,102449,3722188.05,,38743.0,37.82
ITI,EQ,01-Feb-2011,36.0,36.0,36.95,36.0,36.0,36.2,36.34,96282,3498747.1,,44915.0,46.65
ITI,EQ,31-Jan-2011,37.15,37.0,37.0,35.35,36.5,36.0,36.07,145755,5257090.55,,56807.0,38.97
ITI,EQ,28-Jan-2011,39.1,38.35,38.95,36.75,37.35,37.15,37.52,152393,5717884.7,,66169.0,43.42
ITI,EQ,27-Jan-2011,39.5,39.75,40.0,39.0,39.05,39.1,39.52,127673,5045554.2,,37072.0,29.04
ITI,EQ,25-Jan-2011,40.2,40.3,40.7,39.25,39.6,39.5,40.05,170797,6840399.3,,69500.0,40.69
ITI,EQ,24-Jan-2011,39.9,40.35,41.15,39.75,40.3,40.2,40.59,663424,26927733.45,,83302.0,12.56
ITI,EQ,21-Jan-2011,39.75,39.6,40.9,39.1,39.75,39.9,40.12,635806,25507910.15,,70175.0,11.04
ITI,EQ,20-Jan-2011,39.05,39.0,40.25,38.5,39.45,39.75,39.47,442201,17452181.4,,53557.0,12.11
ITI,EQ,19-Jan-2011,38.45,38.8,40.15,38.45,39.05,39.05,39.28,293182,11515701.95,,61123.0,20.85
ITI,EQ,18-Jan-2011,38.15,38.5,39.1,38.25,38.5,38.45,38.53,113764,4383143.1,,42626.0,37.47
ITI,EQ,17-Jan-2011,39.05,40.0,40.0,38.0,38.15,38.15,38.51,108582,4181049.5,,50887.0,46.87
ITI,EQ,14-Jan-2011,39.65,39.7,39.95,38.85,39.2,39.05,39.48,124072,4898801.0,,53025.0,42.74
ITI,EQ,13-Jan-2011,40.15,40.4,40.75,39.5,39.65,39.65,40.09,170422,6832923.4,,60311.0,35.39
ITI,EQ,12-Jan-2011,39.6,40.1,40.45,39.2,40.25,40.15,39.92,157225,6276588.0,,52605.0,33.46
ITI,EQ,11-Jan-2011,39.95,40.0,41.0,39.3,39.55,39.6,39.97,127108,5080797.0,,49444.0,38.9
ITI,EQ,10-Jan-2011,41.8,42.3,42.3,39.8,39.85,39.95,40.74,238128,9701275.85,,92700.0,38.93
ITI,EQ,07-Jan-2011,41.9,43.5,44.3,41.1,42.0,41.8,43.17,1718704,74203162.1,,445894.0,25.94
ITI,EQ,06-Jan-2011,40.95,41.25,42.5,40.7,42.4,41.9,41.61,418955,17434272.75,,142746.0,34.07
ITI,EQ,05-Jan-2011,41.25,41.3,41.85,40.65,41.0,40.95,41.3,177792,7343593.0,,49123.0,27.63
ITI,EQ,04-Jan-2011,41.7,42.0,42.0,41.0,41.0,41.25,41.47,119355,4949347.4,,52921.0,44.34
ITI,EQ,03-Jan-2011,41.5,42.0,42.5,41.45,41.8,41.7,41.91,233647,9792954.65,,64389.0,27.56
ITI,EQ,28-Dec-2012,22.1,22.35,22.4,22.0,22.1,22.1,22.19,35561,789044.45,257.0,24413.0,68.65
ITI,EQ,27-Dec-2012,22.25,22.45,22.45,22.05,22.2,22.1,22.23,28096,624553.95,181.0,16562.0,58.95
ITI,EQ,26-Dec-2012,22.25,22.4,22.7,22.2,22.35,22.25,22.4,28253,632728.15,228.0,18269.0,64.66
ITI,EQ,24-Dec-2012,22.0,22.1,22.8,21.85,22.25,22.25,22.36,59266,1325477.4,416.0,25573.0,43.15
ITI,EQ,21-Dec-2012,22.55,22.3,22.7,21.9,21.95,22.0,22.28,62144,1384295.0,364.0,36238.0,58.31
ITI,EQ,20-Dec-2012,22.55,22.25,22.75,22.25,22.55,22.55,22.55,56057,1264129.7,318.0,20618.0,36.78
ITI,EQ,19-Dec-2012,22.55,22.65,22.85,22.45,22.5,22.55,22.62,62130,1405242.65,369.0,32577.0,52.43
ITI,EQ,18-Dec-2012,22.6,22.7,22.9,22.4,22.7,22.55,22.62,61327,1387518.5,364.0,26483.0,43.18
ITI,EQ,17-Dec-2012,22.45,22.5,23.0,22.25,22.8,22.6,22.66,28488,645526.2,246.0,17587.0,61.73
ITI,EQ,14-Dec-2012,22.45,22.6,22.7,22.35,22.5,22.45,22.52,52006,1171202.5,387.0,29221.0,56.19
ITI,EQ,13-Dec-2012,22.85,22.9,23.2,22.35,22.45,22.45,22.77,60483,1377421.4,372.0,36325.0,60.06
ITI,EQ,12-Dec-2012,23.2,23.5,23.5,22.8,22.8,22.85,23.02,57668,1327434.05,318.0,34749.0,60.26
ITI,EQ,11-Dec-2012,22.95,23.1,23.75,23.0,23.25,23.2,23.42,186213,4360904.15,959.0,66241.0,35.57
ITI,EQ,10-Dec-2012,23.25,23.3,23.4,22.8,22.95,22.95,23.08,67465,1556832.15,342.0,42408.0,62.86
ITI,EQ,07-Dec-2012,23.25,23.7,23.9,23.15,23.2,23.25,23.48,121264,2847572.9,686.0,48227.0,39.77
ITI,EQ,06-Dec-2012,23.05,23.25,23.35,23.05,23.15,23.25,23.2,65599,1521740.6,359.0,28285.0,43.12
ITI,EQ,05-Dec-2012,23.2,23.25,23.6,22.6,23.1,23.05,23.15,119415,2764292.45,636.0,48312.0,40.46
ITI,EQ,04-Dec-2012,23.1,23.45,23.5,23.0,23.15,23.2,23.24,74611,1734240.65,427.0,38195.0,51.19
ITI,EQ,03-Dec-2012,23.2,23.25,23.5,23.0,23.2,23.1,23.23,78303,1819326.35,416.0,44680.0,57.06
ITI,EQ,30-Nov-2012,22.9,23.3,23.6,23.05,23.3,23.2,23.28,100118,2330679.8,581.0,49596.0,49.54
ITI,EQ,29-Nov-2012,22.9,23.0,23.65,22.9,23.0,22.9,23.18,82604,1914715.0,496.0,37081.0,44.89
ITI,EQ,27-Nov-2012,22.55,22.9,23.0,22.55,22.95,22.9,22.84,89424,2041997.45,508.0,52486.0,58.69
ITI,EQ,26-Nov-2012,22.65,22.95,23.1,22.4,22.55,22.55,22.81,80498,1835906.7,530.0,35566.0,44.18
ITI,EQ,23-Nov-2012,23.2,23.1,23.2,22.55,22.55,22.65,22.82,41255,941543.45,277.0,26734.0,64.8
ITI,EQ,22-Nov-2012,22.75,22.95,23.85,22.8,23.2,23.2,23.37,250657,5858669.85,1337.0,60839.0,24.27
ITI,EQ,21-Nov-2012,22.8,22.9,23.15,22.6,22.7,22.75,22.85,40906,934899.8,357.0,15534.0,37.97
ITI,EQ,20-Nov-2012,23.35,23.6,23.75,22.65,22.75,22.8,23.07,56036,1292929.4,314.0,32573.0,58.13
ITI,EQ,19-Nov-2012,23.35,23.3,23.65,23.1,23.4,23.35,23.38,80239,1875794.65,436.0,28504.0,35.52
ITI,EQ,16-Nov-2012,23.2,23.45,24.1,23.3,23.3,23.35,23.63,154484,3650052.95,692.0,64098.0,41.49
ITI,EQ,15-Nov-2012,23.45,23.3,23.45,22.8,23.2,23.2,23.12,46612,1077454.2,388.0,26915.0,57.74
ITI,EQ,13-Nov-2012,23.4,23.65,23.65,23.3,23.55,23.45,23.46,14862,348609.15,127.0,10145.0,68.26
ITI,EQ,12-Nov-2012,23.45,23.5,23.7,23.3,23.5,23.4,23.46,46531,1091665.2,276.0,26083.0,56.06
ITI,EQ,09-Nov-2012,23.65,23.8,23.95,23.4,23.5,23.45,23.67,71647,1696096.15,405.0,41126.0,57.4
ITI,EQ,08-Nov-2012,23.7,23.4,23.95,23.4,23.75,23.65,23.74,68492,1626088.0,304.0,38052.0,55.56
ITI,EQ,07-Nov-2012,23.7,23.7,24.15,23.65,23.9,23.7,23.86,78189,1865639.7,505.0,34834.0,44.55
ITI,EQ,06-Nov-2012,23.75,23.6,24.15,23.55,23.8,23.7,23.78,99902,2376038.2,469.0,37114.0,37.15
ITI,EQ,05-Nov-2012,24.05,23.7,24.2,23.6,23.85,23.75,23.91,76461,1828183.8,441.0,35962.0,47.03
ITI,EQ,02-Nov-2012,23.7,23.6,24.65,23.6,23.9,24.05,24.16,403529,9747310.1,1847.0,89973.0,22.3
ITI,EQ,01-Nov-2012,23.25,23.25,24.1,23.2,23.8,23.7,23.62,134159,3169321.65,737.0,43391.0,32.34
ITI,EQ,31-Oct-2012,23.3,23.5,23.55,23.1,23.3,23.25,23.34,74039,1728265.35,370.0,38638.0,52.19
ITI,EQ,30-Oct-2012,23.75,24.0,24.05,23.1,23.3,23.3,23.54,78152,1839726.9,518.0,43153.0,55.22
ITI,EQ,29-Oct-2012,23.8,24.1,24.55,23.6,23.8,23.75,24.01,170495,4093598.15,942.0,55406.0,32.5
ITI,EQ,26-Oct-2012,24.25,24.45,24.6,23.55,23.7,23.8,24.01,72433,1739316.2,455.0,33557.0,46.33
ITI,EQ,25-Oct-2012,24.25,24.5,25.2,24.15,24.35,24.25,24.64,237368,5848266.2,1690.0,68899.0,29.03
ITI,EQ,23-Oct-2012,23.85,24.05,24.95,23.95,24.15,24.25,24.36,257264,6266788.3,1868.0,70309.0,27.33
ITI,EQ,22-Oct-2012,24.25,24.25,24.4,23.8,23.85,23.85,23.98,75802,1817501.4,425.0,37755.0,49.81
ITI,EQ,19-Oct-2012,24.9,24.9,25.0,24.1,24.2,24.25,24.51,129343,3170546.15,760.0,60697.0,46.93
ITI,EQ,18-Oct-2012,25.9,26.15,26.5,24.8,24.85,24.9,25.56,961524,24574512.0,5353.0,240849.0,25.05
ITI,EQ,17-Oct-2012,23.65,24.0,26.3,23.5,26.0,25.9,25.36,1237174,31376867.75,5464.0,285540.0,23.08
ITI,EQ,16-Oct-2012,23.7,23.75,24.3,23.55,23.7,23.65,23.9,121774,2910595.5,700.0,44433.0,36.49
ITI,EQ,15-Oct-2012,23.6,23.9,24.2,23.6,23.8,23.7,23.8,119134,2835138.85,577.0,70422.0,59.11
ITI,EQ,12-Oct-2012,23.9,24.0,24.3,23.5,23.6,23.6,23.94,113982,2728338.7,641.0,55349.0,48.56
ITI,EQ,11-Oct-2012,23.8,23.95,24.0,23.3,23.9,23.9,23.73,154378,3663288.15,845.0,69568.0,45.06
ITI,EQ,10-Oct-2012,24.9,24.65,24.65,23.65,23.95,23.8,24.12,164952,3977859.05,980.0,88309.0,53.54
ITI,EQ,09-Oct-2012,24.7,24.8,25.35,24.55,24.8,24.9,25.0,205143,5127846.25,1078.0,72489.0,35.34
ITI,EQ,08-Oct-2012,25.8,25.9,26.0,24.5,24.9,24.7,25.35,403657,10232638.5,1786.0,157549.0,39.03
ITI,EQ,05-Oct-2012,25.5,27.5,27.95,25.55,25.9,25.8,26.88,1668879,44856139.7,7240.0,470018.0,28.16
ITI,EQ,04-Oct-2012,23.8,23.9,25.95,23.9,25.7,25.5,25.32,974362,24671352.3,3992.0,369065.0,37.88
ITI,EQ,03-Oct-2012,23.8,23.65,24.4,23.65,23.85,23.8,24.0,189497,4548813.9,809.0,68183.0,35.98
ITI,EQ,01-Oct-2012,23.75,24.0,24.2,23.45,23.9,23.8,23.74,90293,2143490.05,488.0,50926.0,56.4
ITI,EQ,28-Sep-2012,24.25,24.5,24.55,23.6,23.8,23.75,24.05,151699,3648391.6,840.0,82436.0,54.34
ITI,EQ,27-Sep-2012,24.8,24.5,25.1,24.1,24.3,24.25,24.56,153440,3768819.3,837.0,68530.0,44.66
ITI,EQ,26-Sep-2012,24.45,25.55,25.85,24.65,24.85,24.8,25.14,741118,18630140.3,3028.0,283700.0,38.28
ITI,EQ,25-Sep-2012,24.0,24.15,24.7,23.9,24.6,24.45,24.34,274796,6687844.7,1454.0,105069.0,38.24
ITI,EQ,24-Sep-2012,23.25,23.45,24.4,23.3,23.9,24.0,23.84,331009,7890826.95,1542.0,102112.0,30.85
ITI,EQ,21-Sep-2012,23.05,23.35,23.7,23.15,23.3,23.25,23.37,216031,5049648.6,838.0,86883.0,40.22
ITI,EQ,20-Sep-2012,23.45,23.15,23.4,22.9,22.95,23.05,23.16,112614,2607732.6,599.0,50232.0,44.61
ITI,EQ,18-Sep-2012,23.1,22.8,23.8,22.6,23.4,23.45,23.44,324918,7614493.4,1353.0,119136.0,36.67
ITI,EQ,17-Sep-2012,23.25,23.3,23.65,23.05,23.15,23.1,23.3,150490,3506418.15,822.0,67807.0,45.06
ITI,EQ,14-Sep-2012,23.25,23.5,24.2,23.0,23.2,23.25,23.71,499938,11854332.55,2133.0,113850.0,22.77
ITI,EQ,13-Sep-2012,23.1,23.25,23.8,23.2,23.35,23.25,23.43,164362,3851633.2,947.0,62781.0,38.2
ITI,EQ,12-Sep-2012,23.1,23.2,23.45,23.05,23.15,23.1,23.22,171057,3972117.5,860.0,58567.0,34.24
ITI,EQ,11-Sep-2012,23.25,23.3,23.45,22.85,23.1,23.1,23.16,235581,5455983.4,1188.0,74833.0,31.77
ITI,EQ,10-Sep-2012,24.8,25.0,25.05,22.45,23.25,23.25,23.39,649057,15178410.9,2631.0,209242.0,32.24
ITI,EQ,08-Sep-2012,22.35,24.2,25.25,23.1,24.85,24.8,24.66,2181742,53804688.55,9400.0,405087.0,18.57
ITI,EQ,07-Sep-2012,21.7,22.0,22.6,21.85,22.3,22.35,22.27,358357,7979051.85,1565.0,99651.0,27.81
ITI,EQ,06-Sep-2012,21.55,21.85,22.15,21.55,21.85,21.7,21.84,175928,3842541.8,667.0,58589.0,33.3
ITI,EQ,05-Sep-2012,21.65,21.85,22.0,21.2,21.55,21.55,21.63,106277,2298901.8,639.0,23937.0,22.52
ITI,EQ,04-Sep-2012,21.75,21.7,22.05,21.6,21.6,21.65,21.78,100939,2198856.9,533.0,35545.0,35.21
ITI,EQ,03-Sep-2012,21.6,21.7,22.25,21.6,21.9,21.75,21.87,126284,2762004.8,700.0,47166.0,37.35
ITI,EQ,31-Aug-2012,21.55,21.65,22.4,21.5,21.6,21.6,21.89,240160,5257893.5,1280.0,46858.0,19.51
ITI,EQ,30-Aug-2012,21.45,21.45,21.8,21.05,21.55,21.55,21.52,180784,3891276.5,894.0,53233.0,29.45
ITI,EQ,29-Aug-2012,22.1,22.5,22.5,21.35,21.5,21.45,21.85,144805,3164665.4,959.0,64170.0,44.31
ITI,EQ,28-Aug-2012,22.85,22.8,22.9,21.5,22.05,22.1,22.17,234405,5196779.7,1317.0,114066.0,48.66
ITI,EQ,27-Aug-2012,22.95,22.9,24.15,22.5,22.7,22.85,23.33,623415,14542593.15,4313.0,89729.0,14.39
ITI,EQ,24-Aug-2012,23.95,23.5,23.85,22.65,22.95,22.95,23.25,314880,7320657.6,1457.0,94655.0,30.06
ITI,EQ,23-Aug-2012,22.9,23.65,24.8,22.85,23.8,23.95,24.02,1467318,35238101.5,7205.0,281623.0,19.19
ITI,EQ,22-Aug-2012,22.9,23.5,23.5,22.8,22.95,22.9,23.11,242487,5603351.7,1341.0,66002.0,27.22
ITI,EQ,21-Aug-2012,22.45,22.75,23.45,22.4,22.9,22.9,23.02,233572,5376428.7,1475.0,55307.0,23.68
ITI,EQ,17-Aug-2012,22.8,23.0,23.15,22.3,22.55,22.45,22.75,91026,2070452.05,638.0,27852.0,30.6
ITI,EQ,16-Aug-2012,22.55,22.9,23.5,22.7,22.7,22.8,23.08,251877,5812566.7,1463.0,56218.0,22.32
ITI,EQ,14-Aug-2012,22.85,22.65,23.0,22.4,22.55,22.55,22.68,97127,2202558.75,605.0,35870.0,36.93
ITI,EQ,13-Aug-2012,22.55,22.5,23.1,22.5,22.85,22.85,22.83,109169,2492002.85,746.0,34788.0,31.87
ITI,EQ,10-Aug-2012,22.5,22.5,23.3,22.15,22.55,22.55,22.77,205540,4679474.45,1190.0,54175.0,26.36
ITI,EQ,09-Aug-2012,23.2,23.6,23.75,22.35,22.5,22.5,23.09,182533,4214767.5,1166.0,48287.0,26.45
ITI,EQ,08-Aug-2012,22.35,22.5,24.25,22.15,23.15,23.2,23.44,1230166,28836575.3,6336.0,153424.0,12.47
ITI,EQ,07-Aug-2012,22.4,22.45,23.4,22.25,22.45,22.35,22.7,191211,4341135.6,1130.0,70944.0,37.1
ITI,EQ,06-Aug-2012,22.2,22.4,23.0,22.3,22.5,22.4,22.6,102326,2312785.6,744.0,32562.0,31.82
ITI,EQ,03-Aug-2012,22.55,22.15,22.4,22.0,22.25,22.2,22.15,58204,1289319.15,407.0,29222.0,50.21
ITI,EQ,02-Aug-2012,22.1,22.5,22.9,22.3,22.65,22.55,22.59,246949,5577543.15,1220.0,62712.0,25.39
ITI,EQ,01-Aug-2012,21.9,21.8,22.4,21.8,22.2,22.1,22.16,64518,1429760.25,398.0,27997.0,43.39
ITI,EQ,31-Jul-2012,21.85,21.9,22.5,21.8,22.0,21.9,22.02,89708,1975251.25,624.0,28718.0,32.01
ITI,EQ,30-Jul-2012,21.55,21.95,22.0,21.35,21.9,21.85,21.75,96860,2106448.15,726.0,37631.0,38.85
ITI,EQ,27-Jul-2012,22.2,22.3,22.9,21.4,21.5,21.55,22.21,121984,2709810.85,765.0,46979.0,38.51
ITI,EQ,26-Jul-2012,22.75,22.85,23.05,22.1,22.25,22.2,22.62,102146,2310396.8,590.0,44974.0,44.03
ITI,EQ,25-Jul-2012,23.15,23.15,23.5,22.5,22.8,22.75,22.95,165738,3804194.25,985.0,40366.0,24.36
ITI,EQ,24-Jul-2012,23.6,23.8,24.0,23.0,23.3,23.15,23.56,126849,2988856.35,966.0,38279.0,30.18
ITI,EQ,23-Jul-2012,23.25,23.95,24.7,23.5,23.8,23.6,24.09,775308,18673825.9,5286.0,154016.0,19.87
ITI,EQ,20-Jul-2012,22.95,23.0,23.55,22.55,23.5,23.25,23.14,142312,3292428.85,1042.0,67647.0,47.53
ITI,EQ,19-Jul-2012,22.7,23.1,23.5,22.8,22.95,22.95,23.13,114771,2654531.05,780.0,29551.0,25.75
ITI,EQ,18-Jul-2012,22.95,23.05,23.2,22.35,22.8,22.7,22.71,133857,3040109.4,917.0,57665.0,43.08
ITI,EQ,17-Jul-2012,23.25,23.6,23.85,22.8,22.95,22.95,23.2,183429,4255691.85,1069.0,41176.0,22.45
ITI,EQ,16-Jul-2012,23.85,24.2,24.45,23.15,23.25,23.25,23.8,177487,4223706.7,868.0,61286.0,34.53
ITI,EQ,13-Jul-2012,24.1,24.2,24.95,23.8,23.9,23.85,24.33,184108,4480209.9,1049.0,55441.0,30.11
ITI,EQ,12-Jul-2012,24.45,24.6,26.65,23.9,23.9,24.1,24.42,208991,5102760.0,1427.0,47927.0,22.93
ITI,EQ,11-Jul-2012,25.1,25.3,25.95,24.15,24.6,24.45,25.19,621695,15663243.2,3521.0,128356.0,20.65
ITI,EQ,10-Jul-2012,22.95,22.6,26.2,22.6,25.1,25.1,25.35,1606290,40714512.9,6569.0,230554.0,14.35
ITI,EQ,09-Jul-2012,23.8,23.75,23.75,22.9,22.9,22.95,23.25,62610,1455571.7,500.0,25486.0,40.71
ITI,EQ,06-Jul-2012,24.1,24.5,24.6,23.65,23.8,23.8,24.11,333081,8031873.8,2029.0,91647.0,27.51
ITI,EQ,05-Jul-2012,23.6,23.9,24.6,23.5,24.0,24.1,24.12,316761,7639866.15,1345.0,103340.0,32.62
ITI,EQ,04-Jul-2012,23.65,23.85,24.15,23.5,23.65,23.6,23.78,114631,2726079.8,654.0,44170.0,38.53
ITI,EQ,03-Jul-2012,23.4,23.5,24.4,23.5,23.7,23.65,23.86,355445,8480079.55,1810.0,104886.0,29.51
ITI,EQ,02-Jul-2012,23.4,23.35,24.2,23.1,23.45,23.4,23.56,241544,5689671.05,1740.0,83587.0,34.61
ITI,EQ,29-Jun-2012,23.85,24.2,24.6,23.1,23.45,23.4,23.77,485629,11543763.9,2371.0,160921.0,33.14
ITI,EQ,28-Jun-2012,22.0,22.3,24.6,22.0,24.2,23.85,23.56,940225,22149122.0,4003.0,213435.0,22.7
ITI,EQ,27-Jun-2012,22.0,22.15,22.7,22.0,22.05,22.0,22.24,79926,1777684.4,491.0,29608.0,37.04
ITI,EQ,26-Jun-2012,22.15,22.5,22.65,21.95,22.1,22.0,22.23,90433,2010723.55,641.0,22139.0,24.48
ITI,EQ,25-Jun-2012,21.85,21.9,22.7,21.9,22.2,22.15,22.42,105497,2364849.0,640.0,47105.0,44.65
ITI,EQ,22-Jun-2012,22.4,22.4,22.4,21.7,21.85,21.85,22.03,130954,2884369.65,693.0,54062.0,41.28
ITI,EQ,21-Jun-2012,22.45,22.4,22.95,22.3,22.35,22.4,22.55,139727,3151204.05,719.0,41204.0,29.49
ITI,EQ,20-Jun-2012,22.4,23.1,23.1,22.35,22.6,22.45,22.72,185314,4210038.8,1112.0,71891.0,38.79
ITI,EQ,19-Jun-2012,23.05,22.75,23.1,21.9,22.5,22.4,22.46,242984,5456958.5,1517.0,59611.0,24.53
ITI,EQ,18-Jun-2012,24.5,24.65,24.95,22.6,22.8,23.05,23.58,529300,12481968.55,3351.0,116588.0,22.03
ITI,EQ,15-Jun-2012,22.25,23.75,25.3,23.1,24.3,24.5,23.94,2647307,63377284.65,12890.0,383097.0,14.47
ITI,EQ,14-Jun-2012,20.5,20.75,22.6,20.35,22.35,22.25,21.78,528963,11520979.6,3479.0,179089.0,33.86
ITI,EQ,13-Jun-2012,20.75,21.1,21.15,20.35,20.5,20.5,20.72,120004,2485991.15,1594.0,33029.0,27.52
ITI,EQ,12-Jun-2012,20.7,20.7,21.4,20.5,20.7,20.75,20.83,85335,1777105.05,492.0,34630.0,40.58
ITI,EQ,11-Jun-2012,19.75,20.4,21.55,20.15,20.65,20.7,21.05,901080,18967034.25,4509.0,121920.0,13.53
ITI,EQ,08-Jun-2012,20.0,19.85,19.9,19.5,19.6,19.75,19.7,27151,534772.7,284.0,14506.0,53.43
ITI,EQ,07-Jun-2012,19.9,20.1,20.5,19.85,19.95,20.0,20.13,48510,976336.7,399.0,17008.0,35.06
ITI,EQ,06-Jun-2012,19.5,19.85,20.0,19.65,20.0,19.9,19.84,48857,969288.95,312.0,28348.0,58.02
ITI,EQ,05-Jun-2012,19.25,19.6,19.95,19.4,19.5,19.5,19.68,63316,1245831.5,438.0,19216.0,30.35
ITI,EQ,04-Jun-2012,19.4,19.05,19.75,18.9,19.25,19.25,19.31,38151,736783.75,357.0,13715.0,35.95
ITI,EQ,01-Jun-2012,19.7,19.6,20.2,19.25,19.25,19.4,19.73,45306,893896.1,1019.0,22251.0,49.11
ITI,EQ,31-May-2012,19.55,19.6,20.9,19.25,19.6,19.7,20.03,130465,2612928.45,1004.0,36132.0,27.69
ITI,EQ,30-May-2012,20.2,20.0,20.35,19.45,19.6,19.55,19.88,70119,1394134.85,482.0,23654.0,33.73
ITI,EQ,29-May-2012,20.2,20.4,20.85,20.05,20.05,20.2,20.44,126139,2577976.45,1330.0,34519.0,27.37
ITI,EQ,28-May-2012,19.35,19.7,21.85,19.4,20.45,20.2,20.27,275180,5577038.75,2286.0,39776.0,14.45
ITI,EQ,25-May-2012,19.35,19.15,19.7,19.15,19.35,19.35,19.43,44177,858208.5,339.0,11797.0,26.7
ITI,EQ,24-May-2012,19.2,19.15,19.4,19.05,19.4,19.35,19.26,45002,866956.2,292.0,11777.0,26.17
ITI,EQ,23-May-2012,19.35,19.1,19.5,19.0,19.2,19.2,19.2,35879,689055.05,274.0,15247.0,42.5
ITI,EQ,22-May-2012,19.4,20.0,20.3,19.3,19.35,19.35,19.83,91583,1815980.3,732.0,30891.0,33.73
ITI,EQ,21-May-2012,19.0,19.05,19.7,19.0,19.5,19.4,19.47,59528,1159157.15,445.0,18151.0,30.49
ITI,EQ,18-May-2012,19.35,19.1,19.2,18.65,19.15,19.0,18.9,70097,1324854.4,439.0,35765.0,51.02
ITI,EQ,17-May-2012,19.45,19.5,20.1,19.25,19.35,19.35,19.71,92219,1817468.25,568.0,34575.0,37.49
ITI,EQ,16-May-2012,19.95,19.9,20.1,19.25,19.45,19.45,19.6,91230,1788239.0,511.0,40447.0,44.34
ITI,EQ,15-May-2012,19.6,19.3,20.75,19.3,19.9,19.95,19.95,118411,2362883.4,888.0,35093.0,29.64
ITI,EQ,14-May-2012,20.0,20.35,20.35,19.3,19.6,19.6,19.87,45958,913340.15,452.0,23355.0,50.82
ITI,EQ,11-May-2012,20.25,20.05,20.55,19.85,19.95,20.0,20.16,63051,1271268.9,418.0,31556.0,50.05
ITI,EQ,10-May-2012,20.4,20.85,21.05,20.15,20.4,20.25,20.55,79741,1638433.4,631.0,28458.0,35.69
ITI,EQ,09-May-2012,20.65,20.6,21.7,20.2,20.5,20.4,20.79,97302,2023205.9,813.0,32616.0,33.52
ITI,EQ,08-May-2012,20.7,21.2,22.35,20.4,20.45,20.65,21.55,266977,5752723.25,1906.0,47704.0,17.87
ITI,EQ,07-May-2012,20.8,20.1,20.85,19.95,20.85,20.7,20.33,108669,2208866.05,825.0,37848.0,34.83
ITI,EQ,04-May-2012,21.85,22.0,22.1,20.6,20.8,20.8,21.25,141483,3006747.95,1089.0,56460.0,39.91
ITI,EQ,03-May-2012,22.4,22.3,22.9,21.65,22.0,21.85,22.25,91539,2036731.25,763.0,33351.0,36.43
ITI,EQ,02-May-2012,22.4,22.7,23.25,22.2,22.5,22.4,22.77,203113,4624244.9,1358.0,41189.0,20.28
ITI,EQ,30-Apr-2012,23.0,22.6,23.3,22.3,22.5,22.4,22.72,170001,3862836.0,1095.0,59390.0,34.94
ITI,EQ,28-Apr-2012,21.4,21.15,23.75,21.15,22.9,23.0,23.04,601103,13849485.1,3050.0,106505.0,17.72
ITI,EQ,27-Apr-2012,22.3,22.35,22.65,21.15,21.4,21.4,21.92,98456,2158519.1,700.0,34785.0,35.33
ITI,EQ,26-Apr-2012,22.35,22.55,22.75,22.2,22.3,22.3,22.44,108164,2427558.0,692.0,22846.0,21.12
ITI,EQ,25-Apr-2012,22.8,23.05,23.1,22.15,22.4,22.35,22.62,52523,1187985.3,405.0,24170.0,46.02
ITI,EQ,24-Apr-2012,23.3,23.55,23.55,22.7,22.9,22.8,23.07,70003,1615225.05,525.0,33306.0,47.58
ITI,EQ,23-Apr-2012,24.2,24.4,24.45,23.1,23.3,23.3,23.66,69866,1652907.2,609.0,38435.0,55.01
ITI,EQ,20-Apr-2012,24.45,24.7,24.95,24.1,24.15,24.2,24.54,63564,1559592.8,562.0,20110.0,31.64
ITI,EQ,19-Apr-2012,24.7,25.0,25.0,24.35,24.5,24.45,24.71,75539,1866428.75,515.0,24250.0,32.1
ITI,EQ,18-Apr-2012,24.65,24.9,25.15,24.6,24.65,24.7,24.88,69243,1722696.75,528.0,27269.0,39.38
ITI,EQ,17-Apr-2012,24.75,24.75,25.1,24.4,24.8,24.65,24.72,70825,1750510.25,556.0,24716.0,34.9
ITI,EQ,16-Apr-2012,24.25,24.9,25.1,24.15,24.65,24.75,24.74,114249,2826902.1,916.0,28386.0,24.85
ITI,EQ,13-Apr-2012,25.3,25.45,25.7,24.0,24.25,24.25,24.93,143312,3572770.0,1070.0,60983.0,42.55
ITI,EQ,12-Apr-2012,25.25,25.6,26.15,25.15,25.3,25.3,25.71,152365,3917822.3,1088.0,36342.0,23.85
ITI,EQ,11-Apr-2012,25.85,26.25,26.45,25.05,25.3,25.25,25.85,518150,13392687.8,3821.0,147507.0,28.47
ITI,EQ,10-Apr-2012,26.05,26.2,26.35,25.25,25.7,25.85,25.71,239387,6155064.8,1389.0,62391.0,26.06
ITI,EQ,09-Apr-2012,24.9,23.6,27.2,23.6,26.0,26.05,26.25,1051647,27601866.1,5762.0,152413.0,14.49
ITI,EQ,04-Apr-2012,24.8,24.9,25.4,24.5,24.9,24.9,24.89,113502,2824943.35,798.0,31092.0,27.39
ITI,EQ,03-Apr-2012,24.45,24.7,25.4,24.25,24.85,24.8,25.01,167392,4187116.55,1410.0,68003.0,40.62
ITI,EQ,02-Apr-2012,23.7,23.7,24.8,23.15,24.35,24.45,24.26,156937,3807748.35,1169.0,57763.0,36.81
ITI,EQ,30-Mar-2012,23.3,23.55,24.2,23.4,23.75,23.7,23.83,141536,3373159.3,1131.0,47042.0,33.24
ITI,EQ,29-Mar-2012,23.8,23.65,23.7,23.1,23.4,23.3,23.35,113276,2644967.4,724.0,51566.0,45.52
ITI,EQ,28-Mar-2012,24.6,22.7,24.75,22.7,23.75,23.8,23.97,221787,5316651.45,1392.0,90561.0,40.83
ITI,EQ,27-Mar-2012,24.6,25.5,25.75,24.4,24.7,24.6,24.99,157368,3933196.5,1266.0,52893.0,33.61
ITI,EQ,26-Mar-2012,25.35,25.5,25.7,24.4,24.7,24.6,25.01,146408,3661754.85,1153.0,61689.0,42.13
ITI,EQ,23-Mar-2012,25.7,25.95,26.35,24.95,25.5,25.35,25.59,215557,5516145.95,1541.0,72037.0,33.42
ITI,EQ,22-Mar-2012,26.4,26.5,27.7,25.5,25.5,25.7,27.05,505615,13676763.15,3391.0,103515.0,20.47
ITI,EQ,21-Mar-2012,26.25,26.15,26.8,25.95,26.45,26.4,26.44,232944,6159902.2,1472.0,76676.0,32.92
ITI,EQ,20-Mar-2012,26.95,26.6,27.4,26.05,26.25,26.25,26.65,222954,5941698.3,2236.0,69329.0,31.1
ITI,EQ,19-Mar-2012,28.45,28.45,28.45,26.6,26.95,26.95,27.23,279597,7613734.1,2164.0,87800.0,31.4
ITI,EQ,16-Mar-2012,29.6,30.55,32.0,28.1,28.2,28.45,30.83,3003979,92614725.2,17525.0,665758.0,22.16
ITI,EQ,15-Mar-2012,28.6,29.35,30.15,28.7,29.85,29.6,29.26,701778,20530591.8,3593.0,269515.0,38.4
ITI,EQ,14-Mar-2012,28.05,28.7,29.5,28.4,28.85,28.6,28.81,346401,9978418.2,2454.0,113568.0,32.79
ITI,EQ,13-Mar-2012,27.8,28.1,28.5,27.9,28.2,28.05,28.16,120823,3402877.3,923.0,45854.0,37.95
ITI,EQ,12-Mar-2012,27.85,28.3,28.7,27.65,27.8,27.8,28.08,177546,4985132.95,1077.0,47994.0,27.03
ITI,EQ,09-Mar-2012,27.1,27.85,28.55,27.65,27.85,27.85,28.01,297819,8343257.05,2127.0,82174.0,27.59
ITI,EQ,07-Mar-2012,27.2,27.2,28.25,26.4,26.9,27.1,27.28,370431,10106935.35,2608.0,83975.0,22.67
ITI,EQ,06-Mar-2012,28.55,28.8,29.9,27.0,27.3,27.2,28.48,536839,15287653.0,3543.0,128136.0,23.87
ITI,EQ,05-Mar-2012,30.15,29.75,30.5,28.3,28.5,28.55,29.01,259233,7521323.1,1805.0,98603.0,38.04
ITI,EQ,03-Mar-2012,28.45,28.5,31.35,28.4,30.0,30.15,30.36,769756,23373250.25,4289.0,171240.0,22.25
ITI,EQ,02-Mar-2012,29.45,30.0,30.3,28.1,28.6,28.45,29.17,666461,19438770.4,4075.0,215096.0,32.27
ITI,EQ,01-Mar-2012,28.15,28.45,30.3,27.75,29.75,29.45,29.29,1017708,29806401.9,6326.0,210201.0,20.65
ITI,EQ,29-Feb-2012,29.0,28.95,30.35,27.1,27.9,28.15,29.2,1266922,36993130.7,7230.0,302485.0,23.88
ITI,EQ,28-Feb-2012,24.3,24.85,29.15,24.25,29.15,29.0,27.88,1488779,41514464.45,7899.0,306945.0,20.62
ITI,EQ,27-Feb-2012,26.4,26.25,26.4,24.1,24.2,24.3,25.23,130206,3284873.05,1007.0,59785.0,45.92
ITI,EQ,24-Feb-2012,27.2,27.5,27.55,26.3,26.6,26.4,26.8,132324,3546373.6,841.0,54876.0,41.47
ITI,EQ,23-Feb-2012,27.8,28.5,28.6,27.05,27.15,27.2,27.73,278140,7713451.4,1784.0,101904.0,36.64
ITI,EQ,22-Feb-2012,29.6,29.7,30.3,27.35,27.65,27.8,28.94,329875,9545148.15,2213.0,120833.0,36.63
ITI,EQ,21-Feb-2012,28.2,28.65,30.8,28.55,29.5,29.6,29.88,768346,22956420.7,4289.0,257509.0,33.51
ITI,EQ,17-Feb-2012,28.2,28.75,29.25,28.05,28.2,28.2,28.77,384579,11065325.9,1989.0,143760.0,37.38
ITI,EQ,16-Feb-2012,28.45,28.7,28.95,28.0,28.15,28.2,28.4,136078,3864687.75,912.0,51300.0,37.7
ITI,EQ,15-Feb-2012,28.4,28.95,29.15,28.3,28.6,28.45,28.74,269048,7733103.85,1178.0,103590.0,38.5
ITI,EQ,14-Feb-2012,28.5,28.6,29.45,28.1,28.55,28.4,28.83,362697,10456080.6,2118.0,95368.0,26.29
ITI,EQ,13-Feb-2012,28.4,28.1,29.7,27.65,28.35,28.5,28.51,463850,13226090.55,2674.0,78636.0,16.95
ITI,EQ,10-Feb-2012,29.4,29.7,29.7,27.85,28.25,28.4,28.73,248346,7135017.7,1610.0,85215.0,34.31
ITI,EQ,09-Feb-2012,29.35,29.65,30.35,29.25,29.3,29.4,29.78,686873,20456292.5,4062.0,163271.0,23.77
ITI,EQ,08-Feb-2012,27.9,28.3,30.5,27.65,29.4,29.35,29.35,1255643,36858243.75,6599.0,244536.0,19.47
ITI,EQ,07-Feb-2012,27.85,27.95,29.15,27.55,27.8,27.9,28.31,305535,8650219.65,1671.0,103443.0,33.86
ITI,EQ,06-Feb-2012,27.95,28.2,29.3,27.65,27.95,27.85,28.46,342213,9737943.85,2340.0,104601.0,30.57
ITI,EQ,03-Feb-2012,29.6,27.95,29.9,27.65,27.85,27.95,28.25,536849,15163897.95,3344.0,199068.0,37.08
ITI,EQ,02-Feb-2012,27.6,29.0,31.05,28.65,29.6,29.6,30.08,2830773,85162139.4,13946.0,623137.0,22.01
ITI,EQ,01-Feb-2012,23.4,23.5,28.05,23.25,28.05,27.6,26.61,2735138,72792651.0,13216.0,471878.0,17.25
ITI,EQ,31-Jan-2012,23.0,22.85,23.7,22.75,23.45,23.4,23.42,337786,7909384.75,1684.0,88863.0,26.31
ITI,EQ,30-Jan-2012,22.15,22.25,23.5,22.25,22.85,23.0,23.06,481743,11107683.3,2746.0,102209.0,21.22
ITI,EQ,27-Jan-2012,22.1,22.2,22.5,22.05,22.1,22.15,22.31,105028,2343319.45,586.0,44811.0,42.67
ITI,EQ,25-Jan-2012,21.85,22.05,22.85,22.0,22.2,22.1,22.43,222180,4982593.75,1232.0,58968.0,26.54
ITI,EQ,24-Jan-2012,21.9,22.0,22.3,21.75,21.95,21.85,21.99,107394,2361920.85,553.0,39912.0,37.16
ITI,EQ,23-Jan-2012,22.05,22.25,22.45,21.75,21.75,21.9,22.13,77401,1712874.05,529.0,40688.0,52.57
ITI,EQ,20-Jan-2012,22.35,22.65,22.8,21.95,21.95,22.05,22.33,87750,1959791.6,621.0,32476.0,37.01
ITI,EQ,19-Jan-2012,21.9,22.1,23.1,21.85,22.3,22.35,22.66,274404,6217318.85,1575.0,47596.0,17.35
ITI,EQ,18-Jan-2012,23.0,23.0,23.0,21.7,21.85,21.9,22.28,123143,2743630.15,886.0,55397.0,44.99
ITI,EQ,17-Jan-2012,23.3,23.5,23.7,22.85,23.0,23.0,23.32,138577,3231555.7,900.0,42694.0,30.81
ITI,EQ,16-Jan-2012,23.6,23.6,23.9,23.15,23.3,23.3,23.52,219885,5171448.75,983.0,54923.0,24.98
ITI,EQ,13-Jan-2012,23.65,23.7,24.65,23.45,23.5,23.6,24.08,438479,10559943.75,2205.0,81000.0,18.47
ITI,EQ,12-Jan-2012,23.4,23.6,24.6,23.3,23.55,23.65,23.99,674448,16182951.0,3580.0,98042.0,14.54
ITI,EQ,11-Jan-2012,23.75,23.85,24.7,23.1,23.2,23.4,23.8,395622,9416251.45,2298.0,75575.0,19.1
ITI,EQ,10-Jan-2012,23.8,24.0,24.6,23.55,23.65,23.75,24.03,511243,12286861.9,2821.0,116415.0,22.77
ITI,EQ,09-Jan-2012,22.65,22.9,25.4,22.7,23.5,23.8,24.17,2258377,54581720.05,12127.0,299638.0,13.27
ITI,EQ,07-Jan-2012,20.4,20.4,23.5,20.2,23.2,22.65,22.28,779762,17374869.7,4102.0,197401.0,25.32
ITI,EQ,06-Jan-2012,21.05,20.5,21.65,20.25,20.3,20.4,20.92,423065,8850614.8,2865.0,106479.0,25.17
ITI,EQ,05-Jan-2012,20.55,20.35,21.45,19.7,20.7,21.05,20.62,603630,12449636.0,3344.0,102762.0,17.02
ITI,EQ,04-Jan-2012,19.1,19.0,21.8,19.0,20.1,20.55,20.62,1546033,31884732.85,8695.0,188637.0,12.2
ITI,EQ,03-Jan-2012,18.0,18.25,19.6,18.05,19.1,19.1,19.09,585285,11172906.95,3320.0,98077.0,16.76
ITI,EQ,02-Jan-2012,17.85,18.4,19.0,17.15,17.95,18.0,18.26,472299,8621825.25,3314.0,43088.0,9.12
ITI,EQ,30-Dec-2013,15.75,15.8,18.1,15.7,17.35,17.3,17.27,862706,14902758.4,3834.0,302313.0,35.04
ITI,EQ,27-Dec-2013,16.1,16.25,16.3,15.7,15.75,15.75,15.92,91770,1460520.15,510.0,51314.0,55.92
ITI,EQ,26-Dec-2013,15.55,15.75,16.95,15.75,16.2,16.1,16.36,557429,9119036.7,2321.0,101974.0,18.29
ITI,EQ,24-Dec-2013,15.4,15.7,16.05,15.45,15.7,15.55,15.76,143192,2256417.75,666.0,57188.0,39.94
ITI,EQ,23-Dec-2013,15.4,15.35,16.05,15.3,15.4,15.4,15.66,97981,1533925.95,534.0,25997.0,26.53
ITI,EQ,20-Dec-2013,15.2,15.2,15.45,15.0,15.4,15.4,15.22,46039,700911.5,242.0,17678.0,38.4
ITI,EQ,19-Dec-2013,15.4,15.4,15.5,15.2,15.2,15.2,15.27,16415,250716.9,134.0,11305.0,68.87
ITI,EQ,18-Dec-2013,15.2,15.2,15.65,15.05,15.4,15.4,15.37,46825,719626.4,325.0,16723.0,35.71
ITI,EQ,17-Dec-2013,15.4,15.5,15.7,15.2,15.25,15.2,15.42,31137,479988.7,188.0,15741.0,50.55
ITI,EQ,16-Dec-2013,15.55,15.45,15.75,15.35,15.4,15.4,15.49,25468,394528.25,194.0,15687.0,61.59
ITI,EQ,13-Dec-2013,15.8,15.7,15.95,15.55,15.55,15.55,15.66,27598,432273.45,199.0,15356.0,55.64
ITI,EQ,12-Dec-2013,15.85,15.7,16.0,15.65,15.75,15.8,15.82,26358,417106.65,172.0,16153.0,61.28
ITI,EQ,11-Dec-2013,15.8,15.75,16.05,15.7,15.8,15.85,15.83,45483,719945.85,223.0,16031.0,35.25
ITI,EQ,10-Dec-2013,16.15,16.15,16.2,15.6,15.75,15.8,15.88,63864,1014052.55,428.0,27818.0,43.56
ITI,EQ,09-Dec-2013,16.15,16.25,16.6,16.05,16.05,16.15,16.2,51554,834969.55,331.0,20524.0,39.81
ITI,EQ,06-Dec-2013,16.05,16.05,16.35,16.05,16.1,16.15,16.17,52201,844115.9,342.0,14073.0,26.96
ITI,EQ,05-Dec-2013,16.0,16.05,16.35,15.9,16.1,16.05,16.12,51028,822514.4,288.0,24031.0,47.09
ITI,EQ,04-Dec-2013,16.1,16.05,16.5,15.9,15.95,16.0,16.18,96765,1565451.15,497.0,40301.0,41.65
ITI,EQ,03-Dec-2013,16.1,16.25,16.25,15.9,16.1,16.1,16.04,35861,575124.85,163.0,23886.0,66.61
ITI,EQ,02-Dec-2013,15.75,15.95,16.15,15.8,16.1,16.1,15.97,73049,1166547.9,302.0,39006.0,53.4
ITI,EQ,29-Nov-2013,15.75,15.8,16.15,15.7,15.7,15.75,15.9,61867,983863.7,432.0,40398.0,65.3
ITI,EQ,28-Nov-2013,15.75,15.75,15.95,15.7,15.8,15.75,15.8,31242,493671.85,203.0,13867.0,44.39
ITI,EQ,27-Nov-2013,15.75,15.75,16.2,15.6,15.8,15.75,15.86,56072,889446.75,333.0,29135.0,51.96
ITI,EQ,26-Nov-2013,15.95,16.2,16.2,15.65,15.7,15.75,15.88,42903,681449.25,268.0,22641.0,52.77
ITI,EQ,25-Nov-2013,15.9,16.0,16.35,15.8,15.95,15.95,16.06,80399,1291562.45,411.0,29507.0,36.7
ITI,EQ,22-Nov-2013,15.9,16.0,16.65,15.7,15.85,15.9,16.2,195944,3174801.25,1639.0,40360.0,20.6
ITI,EQ,21-Nov-2013,16.3,16.2,16.35,15.8,15.85,15.9,16.06,50410,809406.95,315.0,38720.0,76.81
ITI,EQ,20-Nov-2013,16.45,16.5,16.7,16.2,16.3,16.3,16.44,64599,1062330.2,390.0,33245.0,51.46
ITI,EQ,19-Nov-2013,16.35,16.4,16.9,16.0,16.4,16.45,16.47,189483,3120428.0,943.0,52170.0,27.53
ITI,EQ,18-Nov-2013,16.45,17.4,17.45,16.1,16.3,16.35,16.67,428604,7145951.2,1862.0,184570.0,43.06
ITI,EQ,14-Nov-2013,15.25,15.3,16.6,15.05,16.45,16.45,16.05,320986,5152774.05,1442.0,152544.0,47.52
ITI,EQ,13-Nov-2013,15.6,15.5,15.7,15.15,15.4,15.25,15.4,76018,1170705.8,464.0,33468.0,44.03
ITI,EQ,12-Nov-2013,15.85,15.95,16.0,15.55,15.65,15.6,15.74,51564,811362.7,285.0,29299.0,56.82
ITI,EQ,11-Nov-2013,16.2,16.2,16.35,15.75,15.95,15.85,16.07,46020,739526.4,262.0,24146.0,52.47
ITI,EQ,08-Nov-2013,16.7,16.5,16.9,15.95,16.1,16.2,16.28,60671,987781.25,505.0,39140.0,64.51
ITI,EQ,07-Nov-2013,16.7,16.8,17.3,16.2,16.6,16.7,16.81,238021,4000386.55,1411.0,82961.0,34.85
ITI,EQ,06-Nov-2013,16.5,16.5,17.3,16.45,16.65,16.7,16.85,258556,4357551.7,1272.0,78721.0,30.45
ITI,EQ,05-Nov-2013,16.45,16.5,16.9,16.25,16.45,16.5,16.58,90278,1496532.9,631.0,46745.0,51.78
ITI,EQ,03-Nov-2013,16.7,16.75,16.85,16.3,16.45,16.45,16.54,43125,713422.45,244.0,25633.0,59.44
ITI,EQ,01-Nov-2013,16.55,16.75,16.9,16.25,16.55,16.7,16.59,126966,2106877.1,889.0,49447.0,38.95
ITI,EQ,31-Oct-2013,16.7,17.05,17.45,16.25,16.35,16.55,16.92,571396,9670346.05,2440.0,233195.0,40.81
ITI,EQ,30-Oct-2013,15.6,15.65,17.0,15.65,17.0,16.7,16.42,391747,6434288.05,1923.0,167370.0,42.72
ITI,EQ,29-Oct-2013,15.75,15.7,15.75,15.3,15.55,15.6,15.57,45166,703073.15,352.0,24867.0,55.06
ITI,EQ,28-Oct-2013,15.75,15.9,16.65,15.7,15.7,15.75,16.02,115999,1858192.8,630.0,40905.0,35.26
ITI,EQ,25-Oct-2013,15.95,15.9,16.25,15.5,15.85,15.75,15.95,88428,1410260.05,520.0,49817.0,56.34
ITI,EQ,24-Oct-2013,16.8,16.75,16.8,15.9,16.1,15.95,16.26,138773,2256401.9,753.0,77710.0,56.0
ITI,EQ,23-Oct-2013,15.9,16.0,16.95,15.5,16.65,16.8,16.56,342392,5671286.65,1761.0,124326.0,36.31
ITI,EQ,22-Oct-2013,16.0,16.1,16.25,15.8,16.0,15.9,16.02,83400,1336365.05,398.0,45368.0,54.4
ITI,EQ,21-Oct-2013,16.05,15.9,16.25,15.9,16.1,16.0,16.08,92275,1484092.25,388.0,51651.0,55.98
ITI,EQ,18-Oct-2013,16.75,16.9,17.0,16.0,16.0,16.05,16.27,160127,2605626.85,816.0,75526.0,47.17
ITI,EQ,17-Oct-2013,15.55,15.95,18.2,15.15,16.75,16.75,16.89,784346,13246750.4,3576.0,115939.0,14.78
ITI,EQ,15-Oct-2013,15.65,15.5,15.9,15.25,15.6,15.55,15.59,59648,929972.3,329.0,24623.0,41.28
ITI,EQ,14-Oct-2013,16.3,16.3,16.35,15.55,15.65,15.65,15.77,83027,1309394.9,469.0,53224.0,64.1
ITI,EQ,11-Oct-2013,15.9,16.7,17.5,16.1,16.25,16.3,16.89,768196,12972820.4,3479.0,281547.0,36.65
ITI,EQ,10-Oct-2013,14.75,14.7,16.45,14.6,16.25,15.9,15.7,356104,5589821.05,1551.0,137474.0,38.61
ITI,EQ,09-Oct-2013,14.75,14.85,15.0,14.55,14.8,14.75,14.73,41744,614981.55,228.0,30138.0,72.2
ITI,EQ,08-Oct-2013,14.4,14.5,14.95,14.5,14.9,14.75,14.71,61702,907510.95,286.0,45996.0,74.55
ITI,EQ,07-Oct-2013,14.4,14.0,14.8,14.0,14.35,14.4,14.54,39318,571490.6,298.0,13782.0,35.05
ITI,EQ,04-Oct-2013,14.4,14.45,14.65,14.3,14.4,14.4,14.47,50277,727628.8,229.0,29558.0,58.79
ITI,EQ,03-Oct-2013,14.25,14.15,14.6,14.15,14.35,14.4,14.45,83147,1201208.05,420.0,36574.0,43.99
ITI,EQ,01-Oct-2013,14.4,14.75,14.75,14.15,14.3,14.25,14.35,44312,635792.5,392.0,20489.0,46.24
ITI,EQ,30-Sep-2013,14.95,15.45,15.45,14.3,14.3,14.4,14.49,55131,798934.85,314.0,37544.0,68.1
ITI,EQ,27-Sep-2013,15.2,15.25,15.4,14.8,14.8,14.95,15.14,62221,942273.15,521.0,29399.0,47.25
ITI,EQ,26-Sep-2013,15.35,15.3,15.9,15.1,15.15,15.2,15.42,76922,1185838.15,681.0,35007.0,45.51
ITI,EQ,25-Sep-2013,15.8,15.8,15.8,15.2,15.3,15.35,15.47,52923,818506.95,365.0,30299.0,57.25
ITI,EQ,24-Sep-2013,15.7,15.7,16.3,15.55,15.9,15.8,15.84,75452,1194789.5,470.0,34921.0,46.28
ITI,EQ,23-Sep-2013,16.35,16.5,16.5,15.6,15.65,15.7,16.0,116746,1868335.2,626.0,61943.0,53.06
ITI,EQ,20-Sep-2013,15.35,16.4,16.65,15.45,16.4,16.35,16.24,1007080,16351134.7,4307.0,363153.0,36.06
ITI,EQ,19-Sep-2013,13.95,14.15,15.5,14.1,15.5,15.35,14.91,414592,6179882.65,1693.0,207227.0,49.98
ITI,EQ,18-Sep-2013,14.05,14.05,14.3,13.85,14.0,13.95,14.1,29825,420424.3,233.0,17523.0,58.75
ITI,EQ,17-Sep-2013,14.35,14.35,14.4,14.05,14.05,14.05,14.12,31881,450318.45,228.0,19463.0,61.05
ITI,EQ,16-Sep-2013,14.1,14.1,15.15,14.1,14.4,14.35,14.66,238398,3496091.2,1096.0,55821.0,23.42
ITI,EQ,13-Sep-2013,14.45,14.4,14.8,14.0,14.1,14.1,14.39,145838,2098569.95,623.0,51444.0,35.27
ITI,EQ,12-Sep-2013,13.6,13.9,15.4,13.8,14.5,14.45,14.61,454417,6637177.35,2398.0,112463.0,24.75
ITI,EQ,11-Sep-2013,13.7,13.2,13.7,13.1,13.6,13.6,13.46,62727,844039.6,450.0,27220.0,43.39
ITI,EQ,10-Sep-2013,13.75,13.7,14.15,13.55,13.7,13.7,13.95,36344,507015.25,357.0,20372.0,56.05
ITI,EQ,06-Sep-2013,13.15,13.15,14.35,13.05,13.8,13.75,13.78,259625,3576402.85,1605.0,59979.0,23.1
ITI,EQ,05-Sep-2013,12.9,12.9,13.45,12.8,13.15,13.15,13.25,71029,941166.75,497.0,22372.0,31.5
ITI,EQ,04-Sep-2013,12.7,12.55,13.0,12.55,12.8,12.9,12.84,9054,116294.85,153.0,4431.0,48.94
ITI,EQ,03-Sep-2013,12.95,12.95,13.35,12.6,12.8,12.7,13.0,46409,603444.3,398.0,15995.0,34.47
ITI,EQ,02-Sep-2013,12.9,12.85,13.1,12.8,12.95,12.95,12.97,26556,344486.7,175.0,14171.0,53.36
ITI,EQ,30-Aug-2013,12.8,12.75,13.05,12.45,13.0,12.9,12.9,32922,424666.8,272.0,12569.0,38.18
ITI,EQ,29-Aug-2013,12.65,12.6,13.0,12.6,12.85,12.8,12.85,22174,285035.45,247.0,12049.0,54.34
ITI,EQ,28-Aug-2013,12.85,12.95,13.0,12.5,12.55,12.65,12.71,23828,302748.85,244.0,10830.0,45.45
ITI,EQ,27-Aug-2013,13.2,13.0,13.15,12.75,13.0,12.85,12.93,36817,476151.75,276.0,24603.0,66.83
ITI,EQ,26-Aug-2013,13.05,13.25,13.75,13.15,13.15,13.2,13.42,45100,605293.25,401.0,21927.0,48.62
ITI,EQ,23-Aug-2013,13.2,13.4,13.45,12.9,13.05,13.05,13.13,49616,651448.85,319.0,20351.0,41.02
ITI,EQ,22-Aug-2013,13.05,13.0,13.4,12.9,13.15,13.2,13.13,44093,578891.75,464.0,15070.0,34.18
ITI,EQ,21-Aug-2013,13.55,13.6,14.0,12.85,13.1,13.05,13.42,49978,670890.0,406.0,22696.0,45.41
ITI,EQ,20-Aug-2013,13.3,13.05,13.8,13.0,13.5,13.55,13.48,48447,653225.15,481.0,18307.0,37.79
ITI,EQ,19-Aug-2013,13.65,13.3,13.75,13.0,13.45,13.3,13.36,25916,346304.45,432.0,9596.0,37.03
ITI,EQ,16-Aug-2013,14.4,14.45,14.7,13.5,13.8,13.65,14.02,62349,873822.8,535.0,26095.0,41.85
ITI,EQ,14-Aug-2013,14.3,14.3,15.1,14.05,14.45,14.4,14.66,111542,1635664.9,790.0,22151.0,19.86
ITI,EQ,13-Aug-2013,14.3,14.5,14.5,14.0,14.2,14.3,14.27,53953,770069.1,383.0,18907.0,35.04
ITI,EQ,12-Aug-2013,13.6,13.05,15.35,13.05,14.3,14.3,14.59,347496,5070138.75,1992.0,61223.0,17.62
ITI,EQ,08-Aug-2013,13.1,13.25,14.0,13.1,13.45,13.6,13.51,142712,1928668.4,1086.0,45099.0,31.6
ITI,EQ,07-Aug-2013,12.65,13.0,13.35,12.65,13.15,13.1,13.03,83711,1090392.25,563.0,23149.0,27.65
ITI,EQ,06-Aug-2013,12.7,13.0,13.25,12.2,12.9,12.65,12.94,77804,1006946.8,663.0,22468.0,28.88
ITI,EQ,05-Aug-2013,13.0,13.05,13.65,12.55,12.6,12.7,12.79,42238,540235.9,438.0,16755.0,39.67
ITI,EQ,02-Aug-2013,14.15,14.3,14.65,12.7,13.1,13.0,13.35,158433,2114435.1,1053.0,57992.0,36.6
ITI,EQ,01-Aug-2013,14.35,15.25,15.25,14.0,14.3,14.15,14.52,73180,1062213.65,569.0,31592.0,43.17
ITI,EQ,31-Jul-2013,14.85,15.45,15.45,14.2,14.4,14.35,14.45,53556,774069.2,408.0,30912.0,57.72
ITI,EQ,30-Jul-2013,15.05,15.2,16.25,14.7,14.9,14.85,15.5,217456,3370313.0,1360.0,40029.0,18.41
ITI,EQ,29-Jul-2013,15.3,15.3,15.45,14.95,15.1,15.05,15.11,51364,776038.7,203.0,33124.0,64.49
ITI,EQ,26-Jul-2013,15.45,15.65,15.95,15.1,15.15,15.3,15.51,38230,592944.4,286.0,22300.0,58.33
ITI,EQ,25-Jul-2013,15.9,15.85,15.95,15.35,15.4,15.45,15.59,33297,519040.7,271.0,23045.0,69.21
ITI,EQ,24-Jul-2013,16.3,16.15,16.25,15.85,16.0,15.9,16.02,43048,689536.6,267.0,23795.0,55.28
ITI,EQ,23-Jul-2013,16.35,16.45,16.6,16.2,16.25,16.3,16.36,31228,510852.5,201.0,20887.0,66.89
ITI,EQ,22-Jul-2013,16.85,16.7,16.95,16.25,16.25,16.35,16.56,71927,1190826.65,362.0,32342.0,44.97
ITI,EQ,19-Jul-2013,16.15,16.15,17.55,16.05,16.75,16.85,17.02,337801,5748842.95,1934.0,91985.0,27.23
ITI,EQ,18-Jul-2013,16.3,16.5,16.5,16.05,16.1,16.15,16.19,28350,458966.8,309.0,13908.0,49.06
ITI,EQ,17-Jul-2013,16.35,16.8,16.8,15.9,16.2,16.3,16.43,58495,961002.5,345.0,23703.0,40.52
ITI,EQ,16-Jul-2013,16.5,16.3,16.65,16.1,16.35,16.35,16.41,23802,390637.0,200.0,15310.0,64.32
ITI,EQ,15-Jul-2013,16.75,16.7,16.7,16.45,16.5,16.5,16.58,38112,631801.85,240.0,25702.0,67.44
ITI,EQ,12-Jul-2013,16.9,17.05,17.1,16.65,16.65,16.75,16.84,21661,364703.15,177.0,12075.0,55.75
ITI,EQ,11-Jul-2013,16.85,16.9,17.15,16.85,17.0,16.9,17.02,35272,600466.4,149.0,15616.0,44.27
ITI,EQ,10-Jul-2013,16.85,17.15,17.25,16.8,16.9,16.85,17.04,67418,1149084.2,376.0,31903.0,47.32
ITI,EQ,09-Jul-2013,16.95,17.1,17.25,16.7,16.8,16.85,16.96,138949,2356017.55,699.0,47308.0,34.05
ITI,EQ,08-Jul-2013,16.95,16.8,17.9,16.0,16.9,16.95,17.1,259817,4441816.3,1525.0,77277.0,29.74
ITI,EQ,05-Jul-2013,17.05,17.4,17.7,16.65,16.65,16.95,17.17,127249,2185016.75,754.0,46614.0,36.63
ITI,EQ,04-Jul-2013,16.5,16.35,17.25,16.35,17.0,17.05,16.83,75342,1267722.05,533.0,32660.0,43.35
ITI,EQ,03-Jul-2013,17.35,17.25,17.25,16.3,16.35,16.5,16.66,64428,1073450.35,412.0,33073.0,51.33
ITI,EQ,02-Jul-2013,18.05,17.8,17.8,17.25,17.25,17.35,17.52,121946,2136872.8,709.0,64203.0,52.65
ITI,EQ,01-Jul-2013,17.2,18.15,18.4,17.25,17.85,18.05,17.86,796519,14222569.3,3393.0,147098.0,18.47
ITI,EQ,28-Jun-2013,15.45,15.4,17.7,15.3,17.5,17.2,16.72,182527,3052068.65,1098.0,99880.0,54.72
ITI,EQ,27-Jun-2013,15.1,15.1,16.0,15.1,15.5,15.45,15.53,29028,450880.05,316.0,15945.0,54.93
ITI,EQ,26-Jun-2013,15.3,15.1,15.9,14.9,15.0,15.1,15.22,42717,650345.65,330.0,22891.0,53.59
ITI,EQ,25-Jun-2013,15.9,16.0,16.3,14.8,15.1,15.3,15.42,111426,1718689.5,759.0,52554.0,47.16
ITI,EQ,24-Jun-2013,15.55,15.5,18.0,14.95,15.9,15.9,16.86,449831,7581998.6,3073.0,75792.0,16.85
ITI,EQ,21-Jun-2013,15.75,15.65,15.9,15.5,15.5,15.55,15.63,26375,412357.55,204.0,16447.0,62.36
ITI,EQ,20-Jun-2013,16.1,15.65,16.05,15.55,15.75,15.75,15.82,39777,629333.4,190.0,26715.0,67.16
ITI,EQ,19-Jun-2013,16.05,16.05,16.2,15.85,16.05,16.1,16.08,32953,529754.15,163.0,16143.0,48.99
ITI,EQ,18-Jun-2013,15.95,16.0,16.35,15.6,15.95,16.05,16.11,43209,696225.65,274.0,17338.0,40.13
ITI,EQ,17-Jun-2013,15.75,16.45,16.45,15.8,15.85,15.95,15.99,29369,469633.6,250.0,17262.0,58.78
ITI,EQ,14-Jun-2013,15.7,16.0,16.1,15.7,15.95,15.75,15.89,22704,360849.4,160.0,15509.0,68.31
ITI,EQ,13-Jun-2013,16.5,16.2,16.5,15.05,15.6,15.7,15.76,66061,1040993.3,513.0,29197.0,44.2
ITI,EQ,12-Jun-2013,16.4,16.7,16.9,16.3,16.4,16.5,16.54,140082,2317304.9,795.0,38642.0,27.59
ITI,EQ,11-Jun-2013,16.0,16.2,16.7,15.9,16.2,16.4,16.21,100189,1624179.25,691.0,28669.0,28.61
ITI,EQ,10-Jun-2013,16.85,17.0,17.1,15.8,15.95,16.0,16.46,63112,1039001.0,413.0,49242.0,78.02
ITI,EQ,07-Jun-2013,17.3,17.3,17.45,16.75,16.75,16.85,17.17,76347,1310581.4,424.0,37404.0,48.99
ITI,EQ,06-Jun-2013,17.05,17.0,18.4,16.65,17.3,17.3,17.77,612333,10879115.35,2415.0,97734.0,15.96
ITI,EQ,05-Jun-2013,16.85,17.4,17.55,16.85,17.1,17.05,17.25,84226,1452504.75,514.0,28060.0,33.32
ITI,EQ,04-Jun-2013,16.95,17.1,17.3,16.75,16.9,16.85,16.94,39679,672137.15,275.0,19991.0,50.38
ITI,EQ,03-Jun-2013,16.95,16.9,17.1,16.8,17.0,16.95,16.97,22616,383798.45,147.0,18086.0,79.97
ITI,EQ,31-May-2013,17.3,17.5,17.9,16.75,16.9,16.95,17.2,54916,944454.35,358.0,30728.0,55.95
ITI,EQ,30-May-2013,17.55,17.1,17.65,17.1,17.5,17.3,17.32,27756,480833.55,221.0,18184.0,65.51
ITI,EQ,29-May-2013,17.9,18.0,18.0,17.45,17.55,17.55,17.65,68617,1210807.7,270.0,47434.0,69.13
ITI,EQ,28-May-2013,17.9,17.75,18.25,17.7,17.95,17.9,18.0,26895,483990.55,232.0,12910.0,48.0
ITI,EQ,27-May-2013,18.0,18.05,18.25,17.75,17.9,17.9,17.93,29711,532747.15,170.0,20673.0,69.58
ITI,EQ,24-May-2013,18.05,18.4,18.55,17.9,18.0,18.0,18.16,56687,1029390.1,251.0,21598.0,38.1
ITI,EQ,23-May-2013,18.8,18.6,18.6,17.85,18.2,18.05,18.09,51736,935756.65,417.0,32530.0,62.88
ITI,EQ,22-May-2013,18.8,18.8,19.15,18.6,18.85,18.8,18.82,25477,479553.05,191.0,14019.0,55.03
ITI,EQ,21-May-2013,19.3,19.15,19.35,18.7,18.75,18.8,19.02,39221,746022.4,266.0,17752.0,45.26
ITI,EQ,20-May-2013,18.85,19.15,19.9,19.1,19.55,19.3,19.32,116769,2255683.25,643.0,47894.0,41.02
ITI,EQ,17-May-2013,18.85,19.5,19.5,18.7,18.75,18.85,18.93,61787,1169584.75,343.0,35433.0,57.35
ITI,EQ,16-May-2013,19.0,19.0,19.35,18.8,18.85,18.85,19.09,60637,1157535.9,346.0,19819.0,32.68
ITI,EQ,15-May-2013,19.05,19.2,19.4,18.95,18.95,19.0,19.16,32075,614660.85,226.0,19226.0,59.94
ITI,EQ,14-May-2013,19.05,19.05,19.45,18.8,19.0,19.05,19.2,59698,1145982.05,312.0,20195.0,33.83
ITI,EQ,13-May-2013,20.35,20.4,20.4,19.0,19.05,19.05,19.35,132350,2560952.4,866.0,63731.0,48.15
ITI,EQ,11-May-2013,20.2,20.2,21.05,20.2,20.2,20.35,20.67,288686,5967181.6,1072.0,75283.0,26.08
ITI,EQ,10-May-2013,19.35,19.6,20.5,19.6,20.4,20.2,20.2,420007,8482788.15,2353.0,130213.0,31.0
ITI,EQ,09-May-2013,18.85,19.15,19.9,19.05,19.65,19.35,19.36,191760,3712359.0,1244.0,52907.0,27.59
ITI,EQ,08-May-2013,19.1,19.2,19.3,18.7,18.85,18.85,18.94,67833,1284892.25,333.0,34908.0,51.46
ITI,EQ,07-May-2013,18.65,19.0,19.6,18.8,19.05,19.1,19.22,152306,2927074.65,827.0,57974.0,38.06
ITI,EQ,06-May-2013,18.15,18.95,18.95,18.4,18.75,18.65,18.61,122023,2270578.8,577.0,29815.0,24.43
ITI,EQ,03-May-2013,18.35,18.3,18.75,18.1,18.15,18.15,18.32,31130,570383.4,197.0,16740.0,53.77
ITI,EQ,02-May-2013,18.2,18.95,18.95,18.15,18.3,18.35,18.43,61109,1126187.4,360.0,24002.0,39.28
ITI,EQ,30-Apr-2013,18.55,18.65,18.75,18.1,18.1,18.2,18.37,35644,654656.6,233.0,25486.0,71.5
ITI,EQ,29-Apr-2013,18.3,18.4,19.25,18.3,18.5,18.55,18.69,101930,1904810.5,622.0,34920.0,34.26
ITI,EQ,26-Apr-2013,18.9,19.2,19.25,18.2,18.25,18.3,18.58,103830,1929346.25,595.0,47338.0,45.59
ITI,EQ,25-Apr-2013,19.3,19.3,19.35,18.8,18.85,18.9,19.06,63278,1206381.55,386.0,28861.0,45.61
ITI,EQ,23-Apr-2013,20.3,20.25,20.3,19.1,19.3,19.3,19.62,138952,2725899.45,679.0,77231.0,55.58
ITI,EQ,22-Apr-2013,20.3,20.7,21.0,20.05,20.3,20.3,20.5,208452,4272586.85,1111.0,72729.0,34.89
ITI,EQ,18-Apr-2013,20.3,20.65,21.35,20.15,20.25,20.3,20.71,664369,13757910.25,3914.0,123244.0,18.55
ITI,EQ,17-Apr-2013,18.3,19.35,21.0,18.85,20.2,20.3,20.2,1263605,25522419.3,7063.0,162153.0,12.83
ITI,EQ,16-Apr-2013,18.05,17.65,18.6,17.6,18.25,18.3,18.23,86747,1581646.85,405.0,31995.0,36.88
ITI,EQ,15-Apr-2013,18.0,18.4,18.55,17.8,18.1,18.05,18.18,47518,863928.55,374.0,21617.0,45.49
ITI,EQ,12-Apr-2013,18.5,18.9,18.9,17.5,18.5,18.0,18.04,110222,1988730.7,519.0,53177.0,48.25
ITI,EQ,11-Apr-2013,17.05,17.65,18.9,17.45,18.8,18.5,18.05,325329,5871919.8,1716.0,124710.0,38.33
ITI,EQ,10-Apr-2013,16.8,16.85,17.45,16.5,17.1,17.05,16.94,63485,1075551.85,366.0,37639.0,59.29
ITI,EQ,09-Apr-2013,16.75,17.0,17.25,16.6,17.0,16.8,16.99,46775,794870.1,275.0,26947.0,57.61
ITI,EQ,08-Apr-2013,16.7,16.75,17.3,16.65,16.65,16.75,16.99,41238,700557.65,285.0,11833.0,28.69
ITI,EQ,05-Apr-2013,17.0,17.0,17.35,16.65,16.7,16.7,16.91,23786,402222.35,213.0,9881.0,41.54
ITI,EQ,04-Apr-2013,17.2,17.0,17.5,16.35,16.8,17.0,16.98,89005,1511249.25,783.0,30820.0,34.63
ITI,EQ,03-Apr-2013,17.75,17.5,18.1,17.1,17.15,17.2,17.59,63672,1120031.55,426.0,36192.0,56.84
ITI,EQ,02-Apr-2013,17.35,17.4,18.3,17.1,17.8,17.75,17.82,235792,4201457.0,1210.0,57627.0,24.44
ITI,EQ,01-Apr-2013,16.0,16.0,17.65,16.0,17.35,17.35,17.2,174718,3004912.3,1417.0,46063.0,26.36
ITI,EQ,28-Mar-2013,16.2,16.9,16.9,15.85,15.85,16.0,16.04,60503,970344.05,296.0,35818.0,59.2
ITI,EQ,26-Mar-2013,16.35,16.9,16.95,15.95,16.5,16.2,16.29,79371,1292935.95,415.0,28745.0,36.22
ITI,EQ,25-Mar-2013,16.65,17.9,17.9,15.75,16.2,16.35,16.87,213345,3598936.1,1248.0,64977.0,30.46
ITI,EQ,22-Mar-2013,16.3,17.0,17.9,15.75,16.85,16.65,16.83,199832,3363106.25,1633.0,53324.0,26.68
ITI,EQ,21-Mar-2013,16.25,17.0,17.0,16.1,16.15,16.3,16.51,66678,1101162.9,432.0,30781.0,46.16
ITI,EQ,20-Mar-2013,17.25,19.0,19.0,16.1,16.4,16.25,16.59,69281,1149473.45,497.0,41950.0,60.55
ITI,EQ,19-Mar-2013,18.0,18.45,18.45,17.1,17.15,17.25,17.6,58633,1031710.35,502.0,39395.0,67.19
ITI,EQ,18-Mar-2013,18.5,19.0,19.0,17.9,18.15,18.0,18.1,43182,781642.95,352.0,24378.0,56.45
ITI,EQ,15-Mar-2013,18.6,18.8,19.0,18.3,18.3,18.5,18.73,28283,529843.95,264.0,13846.0,48.96
ITI,EQ,14-Mar-2013,18.55,19.0,19.0,18.5,18.6,18.6,18.72,38814,726554.3,214.0,11418.0,29.42
ITI,EQ,13-Mar-2013,19.0,18.75,18.95,18.45,18.6,18.55,18.75,44600,836241.3,300.0,24030.0,53.88
ITI,EQ,12-Mar-2013,18.7,18.7,19.35,18.4,19.15,19.0,19.02,120409,2290139.9,785.0,29657.0,24.63
ITI,EQ,11-Mar-2013,18.7,18.8,19.2,18.55,18.8,18.7,18.79,52861,993392.0,354.0,29913.0,56.59
ITI,EQ,08-Mar-2013,18.65,18.8,19.15,18.6,18.7,18.7,18.83,52880,995968.0,310.0,25631.0,48.47
ITI,EQ,07-Mar-2013,18.7,18.9,18.95,18.55,18.65,18.65,18.76,54860,1029328.1,303.0,24560.0,44.77
ITI,EQ,06-Mar-2013,18.45,18.9,19.15,18.5,18.9,18.7,18.85,84285,1588563.85,560.0,41949.0,49.77
ITI,EQ,05-Mar-2013,18.15,18.25,18.8,18.2,18.65,18.45,18.44,51830,955906.05,349.0,30503.0,58.85
ITI,EQ,04-Mar-2013,19.0,18.7,19.3,18.05,18.15,18.15,18.54,48551,900143.9,362.0,29586.0,60.94
ITI,EQ,01-Mar-2013,19.25,19.05,19.5,18.75,18.95,19.0,19.14,89695,1717034.9,645.0,45982.0,51.26
ITI,EQ,28-Feb-2013,21.45,21.9,22.1,19.1,19.45,19.25,20.67,390360,8069452.4,2067.0,119862.0,30.71
ITI,EQ,27-Feb-2013,21.25,21.8,21.9,21.05,21.7,21.45,21.48,125939,2704893.25,686.0,45300.0,35.97
ITI,EQ,26-Feb-2013,21.3,21.55,21.7,21.1,21.3,21.25,21.42,96758,2072350.35,603.0,43346.0,44.8
ITI,EQ,25-Feb-2013,22.1,22.25,22.65,21.15,21.35,21.3,21.8,139424,3038798.2,861.0,77368.0,55.49
ITI,EQ,22-Feb-2013,22.2,22.55,22.6,22.05,22.1,22.1,22.28,100285,2234053.45,492.0,38721.0,38.61
ITI,EQ,21-Feb-2013,22.45,22.25,22.95,22.05,22.1,22.2,22.49,152828,3437437.15,1056.0,37000.0,24.21
ITI,EQ,20-Feb-2013,22.55,22.55,23.1,22.3,22.4,22.45,22.65,152920,3462988.9,1078.0,47680.0,31.18
ITI,EQ,19-Feb-2013,22.1,22.5,23.15,22.0,22.5,22.55,22.51,297788,6702305.95,1809.0,56815.0,19.08
ITI,EQ,18-Feb-2013,21.45,21.8,22.35,21.6,22.0,22.1,22.12,86319,1909427.15,545.0,44673.0,51.75
ITI,EQ,15-Feb-2013,21.65,22.15,22.15,21.3,21.4,21.45,21.61,87566,1892208.05,461.0,32454.0,37.06
ITI,EQ,14-Feb-2013,22.25,22.1,22.45,21.55,21.65,21.65,21.95,66675,1463200.55,501.0,45995.0,68.98
ITI,EQ,13-Feb-2013,22.3,22.6,23.35,22.15,22.2,22.25,22.75,251296,5716818.05,1363.0,40168.0,15.98
ITI,EQ,12-Feb-2013,23.05,23.05,23.25,22.1,22.3,22.3,22.52,104944,2363081.0,595.0,40081.0,38.19
ITI,EQ,11-Feb-2013,22.15,22.0,23.45,21.9,23.05,23.05,23.0,372685,8572535.3,2266.0,68539.0,18.39
ITI,EQ,08-Feb-2013,22.35,22.4,22.45,22.05,22.05,22.15,22.23,75314,1674540.75,311.0,45823.0,60.84
ITI,EQ,07-Feb-2013,22.5,22.55,22.9,22.3,22.3,22.35,22.56,39293,886365.25,359.0,19917.0,50.69
ITI,EQ,06-Feb-2013,22.2,22.2,23.75,22.2,22.55,22.5,22.85,139034,3176459.1,931.0,33451.0,24.06
ITI,EQ,05-Feb-2013,22.25,22.2,22.4,22.0,22.1,22.2,22.17,31002,687311.65,204.0,21813.0,70.36
ITI,EQ,04-Feb-2013,22.65,22.5,22.85,22.15,22.25,22.25,22.46,36226,813744.65,258.0,27281.0,75.31
ITI,EQ,01-Feb-2013,22.75,23.0,23.2,22.55,22.75,22.65,22.75,49545,1127076.8,275.0,26171.0,52.82
ITI,EQ,31-Jan-2013,22.65,22.7,23.4,22.65,22.7,22.75,22.87,89934,2056884.1,525.0,27813.0,30.93
ITI,EQ,30-Jan-2013,22.65,22.85,23.1,22.6,22.65,22.65,22.79,66208,1508634.15,364.0,31101.0,46.97
ITI,EQ,29-Jan-2013,22.75,23.0,23.0,22.35,22.65,22.65,22.64,81446,1844046.45,383.0,48880.0,60.02
ITI,EQ,28-Jan-2013,22.75,23.1,23.15,22.6,22.75,22.75,22.87,46300,1058689.6,322.0,27039.0,58.4
ITI,EQ,25-Jan-2013,22.55,22.55,22.95,22.05,22.65,22.75,22.52,77408,1743584.4,619.0,33805.0,43.67
ITI,EQ,24-Jan-2013,23.35,23.1,23.3,22.35,22.65,22.55,22.72,92922,2111595.25,595.0,54289.0,58.42
ITI,EQ,23-Jan-2013,23.8,24.2,24.2,23.2,23.4,23.35,23.51,91087,2141515.4,619.0,34638.0,38.03
ITI,EQ,22-Jan-2013,24.65,25.25,25.6,23.25,23.95,23.8,24.67,950670,23454190.15,5185.0,287398.0,30.23
ITI,EQ,21-Jan-2013,22.9,23.1,24.95,22.8,24.75,24.65,24.29,586598,14250277.85,2901.0,287963.0,49.09
ITI,EQ,18-Jan-2013,23.2,23.1,23.4,22.75,22.95,22.9,23.05,34009,784044.6,298.0,16565.0,48.71
ITI,EQ,17-Jan-2013,23.05,23.05,23.4,23.05,23.25,23.2,23.22,50293,1167927.65,299.0,34510.0,68.62
ITI,EQ,16-Jan-2013,23.5,23.5,23.5,22.9,23.2,23.05,23.15,28386,657229.85,226.0,15173.0,53.45
ITI,EQ,15-Jan-2013,23.2,23.45,23.9,23.3,23.5,23.5,23.62,95888,2264716.9,748.0,36275.0,37.83
ITI,EQ,14-Jan-2013,23.0,23.05,23.4,22.85,23.1,23.2,23.16,44830,1038188.75,320.0,21443.0,47.83
ITI,EQ,11-Jan-2013,23.95,23.5,23.9,22.9,23.1,23.0,23.29,92413,2151837.8,543.0,49708.0,53.79
ITI,EQ,10-Jan-2013,23.6,23.2,24.7,23.2,23.8,23.95,24.06,289393,6961397.85,1353.0,95910.0,33.14
ITI,EQ,09-Jan-2013,24.0,24.1,24.3,23.5,23.6,23.6,23.88,102561,2448859.2,637.0,48097.0,46.9
ITI,EQ,08-Jan-2013,23.3,23.75,24.15,23.45,24.1,24.0,23.81,420250,10006749.55,2396.0,130695.0,31.1
ITI,EQ,07-Jan-2013,22.75,23.0,23.4,22.6,23.35,23.3,23.22,167636,3892531.1,934.0,94893.0,56.61
ITI,EQ,04-Jan-2013,22.55,22.4,22.95,22.4,22.85,22.75,22.74,58069,1320352.9,350.0,28569.0,49.2
ITI,EQ,03-Jan-2013,22.65,22.5,22.85,22.3,22.6,22.55,22.67,45957,1041733.25,284.0,17188.0,37.4
ITI,EQ,02-Jan-2013,22.45,22.75,23.1,22.55,22.65,22.65,22.79,121325,2765465.5,626.0,42498.0,35.03
ITI,EQ,01-Jan-2013,22.35,22.45,22.65,22.4,22.6,22.45,22.52,44439,1000945.05,239.0,27511.0,61.91
ITI,EQ,31-Dec-2012,22.1,22.1,22.85,22.1,22.4,22.35,22.53,129923,2927655.1,631.0,37128.0,28.58
ITI,EQ,30-Dec-2014,27.9,28.0,30.25,27.75,28.55,28.55,28.72,534589,15353631.9,3044.0,131588.0,24.61
ITI,EQ,29-Dec-2014,27.8,27.8,28.65,27.75,27.85,27.9,28.22,159648,4505327.4,873.0,64468.0,40.38
ITI,EQ,26-Dec-2014,27.85,27.85,28.25,27.6,27.65,27.8,27.92,121194,3383309.7,669.0,55238.0,45.58
ITI,EQ,24-Dec-2014,27.3,27.5,28.7,27.35,27.8,27.85,27.96,360151,10071605.9,2144.0,125382.0,34.81
ITI,EQ,23-Dec-2014,27.15,26.9,28.25,26.9,27.45,27.3,27.6,271064,7481274.75,1489.0,65529.0,24.17
ITI,EQ,22-Dec-2014,26.75,26.95,27.5,26.75,27.2,27.15,27.16,110543,3002841.35,740.0,42765.0,38.69
ITI,EQ,19-Dec-2014,27.45,27.8,28.2,26.55,26.7,26.75,27.49,271194,7454285.15,1441.0,102746.0,37.89
ITI,EQ,18-Dec-2014,26.8,27.35,28.25,27.2,27.5,27.45,27.73,370885,10284276.1,1748.0,123155.0,33.21
ITI,EQ,17-Dec-2014,27.65,27.4,27.75,25.65,26.75,26.8,26.74,405114,10832044.8,2520.0,124901.0,30.83
ITI,EQ,16-Dec-2014,29.85,29.6,29.6,27.2,27.4,27.65,28.58,359865,10285448.2,1922.0,158127.0,43.94
ITI,EQ,15-Dec-2014,29.8,29.15,31.7,28.6,29.7,29.85,30.4,1500764,45628278.4,7398.0,274571.0,18.3
ITI,EQ,12-Dec-2014,31.85,32.0,32.1,29.5,29.55,29.8,30.81,365514,11262772.9,2340.0,151375.0,41.41
ITI,EQ,11-Dec-2014,31.5,32.5,33.35,31.55,31.8,31.85,32.41,1110295,35987674.55,6307.0,341180.0,30.73
ITI,EQ,10-Dec-2014,31.2,30.95,32.3,29.65,31.4,31.5,31.25,942858,29461698.5,5626.0,223509.0,23.71
ITI,EQ,09-Dec-2014,33.3,33.0,34.15,31.0,31.15,31.2,32.86,1603868,52702656.9,7728.0,438605.0,27.35
ITI,EQ,08-Dec-2014,31.2,31.6,34.15,30.6,33.4,33.3,32.66,4614788,150739888.1,19384.0,702064.0,15.21
ITI,EQ,05-Dec-2014,29.15,29.2,31.85,28.6,31.3,31.2,30.78,1993656,61370702.45,7757.0,532722.0,26.72
ITI,EQ,04-Dec-2014,27.9,28.05,29.6,27.7,29.15,29.15,28.91,953418,27563993.65,3531.0,194221.0,20.37
ITI,EQ,03-Dec-2014,27.55,27.8,28.9,27.55,27.85,27.9,28.19,367802,10368690.45,1661.0,92142.0,25.05
ITI,EQ,02-Dec-2014,27.45,27.35,28.25,27.0,27.7,27.55,27.41,241367,6615850.25,957.0,67584.0,28.0
ITI,EQ,01-Dec-2014,28.2,28.25,28.4,27.3,27.3,27.45,27.76,158951,4411774.9,1147.0,69895.0,43.97
ITI,EQ,28-Nov-2014,26.45,26.4,28.55,26.4,28.4,28.2,27.73,579668,16074556.2,2324.0,237896.0,41.04
ITI,EQ,27-Nov-2014,26.95,27.15,27.25,26.2,26.5,26.45,26.84,147206,3950681.6,824.0,63588.0,43.2
ITI,EQ,26-Nov-2014,26.2,26.0,27.75,26.0,26.95,26.95,27.04,401089,10844335.4,2207.0,70791.0,17.65
ITI,EQ,25-Nov-2014,26.95,26.8,27.4,25.7,26.2,26.2,26.48,162079,4291660.05,961.0,67157.0,41.43
ITI,EQ,24-Nov-2014,27.2,27.0,28.0,26.8,26.8,26.95,27.44,281737,7729697.0,1275.0,55195.0,19.59
ITI,EQ,21-Nov-2014,27.35,27.65,28.0,27.0,27.1,27.2,27.41,158200,4335829.0,907.0,53715.0,33.95
ITI,EQ,20-Nov-2014,27.7,28.0,28.15,27.1,27.25,27.35,27.45,142703,3916640.45,701.0,72535.0,50.83
ITI,EQ,19-Nov-2014,28.95,28.75,29.05,27.1,27.65,27.7,28.17,148736,4190600.8,745.0,83095.0,55.87
ITI,EQ,18-Nov-2014,28.65,28.95,29.75,28.65,29.0,28.95,29.15,260046,7580184.75,1383.0,82764.0,31.83
ITI,EQ,17-Nov-2014,29.05,29.0,29.15,28.55,28.6,28.65,28.8,79136,2278744.05,502.0,32005.0,40.44
ITI,EQ,14-Nov-2014,28.85,29.3,30.65,28.55,28.95,29.05,29.36,902201,26492451.25,3411.0,130646.0,14.48
ITI,EQ,13-Nov-2014,28.95,29.9,29.9,28.75,28.75,28.85,29.29,174767,5119237.8,848.0,89136.0,51.0
ITI,EQ,12-Nov-2014,28.7,28.8,30.3,28.7,28.8,28.95,29.58,538841,15936925.15,2627.0,124204.0,23.05
ITI,EQ,11-Nov-2014,29.35,29.5,29.5,28.55,28.7,28.7,28.93,162288,4694490.6,792.0,81843.0,50.43
ITI,EQ,10-Nov-2014,28.85,28.85,30.05,28.85,29.35,29.35,29.63,311051,9215774.4,1575.0,125363.0,40.3
ITI,EQ,07-Nov-2014,29.3,29.1,29.9,28.55,28.6,28.85,29.16,173656,5063001.0,853.0,82969.0,47.78
ITI,EQ,05-Nov-2014,28.95,28.85,30.1,28.85,29.25,29.3,29.61,556625,16481441.0,2600.0,174118.0,31.28
ITI,EQ,03-Nov-2014,29.05,29.5,29.5,28.7,29.0,28.95,28.96,203522,5894708.0,932.0,87239.0,42.86
ITI,EQ,31-Oct-2014,28.55,28.8,29.95,28.35,29.0,29.05,29.22,377974,11044036.35,2303.0,118676.0,31.4
ITI,EQ,30-Oct-2014,29.35,29.6,29.6,28.2,28.6,28.55,28.78,198005,5698095.45,1071.0,71892.0,36.31
ITI,EQ,29-Oct-2014,29.2,30.0,30.0,28.7,29.5,29.35,29.4,431550,12687269.25,2682.0,72605.0,16.82
ITI,EQ,28-Oct-2014,29.25,29.5,30.65,28.4,29.45,29.2,29.81,1126517,33585001.9,5954.0,242089.0,21.49
ITI,EQ,27-Oct-2014,26.2,26.3,30.4,26.15,29.45,29.25,29.31,1998717,58585314.65,10309.0,351604.0,17.59
ITI,EQ,23-Oct-2014,25.85,26.0,26.35,25.75,26.25,26.2,26.16,39368,1029915.55,207.0,26009.0,66.07
ITI,EQ,22-Oct-2014,25.5,26.0,26.95,25.3,25.8,25.85,26.3,297949,7836621.4,1827.0,67370.0,22.61
ITI,EQ,21-Oct-2014,25.45,26.0,26.05,25.25,25.6,25.5,25.66,69963,1795393.85,852.0,29127.0,41.63
ITI,EQ,20-Oct-2014,25.7,25.8,26.15,25.3,25.5,25.45,25.73,85843,2208858.4,797.0,31532.0,36.73
ITI,EQ,17-Oct-2014,25.45,26.0,26.6,25.0,25.35,25.7,25.62,235979,6046611.9,1124.0,55666.0,23.59
ITI,EQ,16-Oct-2014,26.55,26.5,26.6,25.1,25.3,25.45,25.99,133138,3459891.5,931.0,53760.0,40.38
ITI,EQ,14-Oct-2014,24.95,24.85,29.0,24.85,26.35,26.55,26.28,685873,18026846.4,3700.0,137142.0,20.0
ITI,EQ,13-Oct-2014,24.75,25.65,25.75,24.25,24.8,24.95,25.05,129289,3238563.8,949.0,39206.0,30.32
ITI,EQ,10-Oct-2014,25.55,25.0,25.4,24.5,24.7,24.75,24.95,74525,1859246.7,442.0,44846.0,60.18
ITI,EQ,09-Oct-2014,25.25,25.3,25.9,25.25,25.5,25.55,25.65,99594,2554539.95,657.0,46890.0,47.08
ITI,EQ,08-Oct-2014,25.2,25.0,26.05,24.8,25.15,25.25,25.35,101157,2564174.45,599.0,23841.0,23.57
ITI,EQ,07-Oct-2014,26.35,26.6,26.65,24.95,25.45,25.2,25.76,100891,2599436.35,601.0,54766.0,54.28
ITI,EQ,01-Oct-2014,26.7,26.8,27.8,26.2,26.25,26.35,26.71,100207,2676188.0,609.0,45948.0,45.85
ITI,EQ,30-Sep-2014,26.05,26.85,28.0,26.1,26.6,26.7,26.88,337729,9077956.15,2624.0,72351.0,21.42
ITI,EQ,29-Sep-2014,25.9,26.3,27.1,25.6,26.0,26.05,26.43,134712,3560437.95,797.0,43308.0,32.15
ITI,EQ,26-Sep-2014,25.15,25.1,26.25,24.7,25.95,25.9,25.73,124376,3199938.75,873.0,69750.0,56.08
ITI,EQ,25-Sep-2014,27.75,27.65,28.0,24.3,25.6,25.15,25.99,240041,6239023.15,1407.0,106420.0,44.33
ITI,EQ,24-Sep-2014,28.2,28.2,28.8,27.4,27.75,27.75,28.15,151967,4278142.4,791.0,82601.0,54.35
ITI,EQ,23-Sep-2014,29.85,29.2,30.45,28.05,28.15,28.2,28.98,168065,4870927.4,1222.0,92809.0,55.22
ITI,EQ,22-Sep-2014,27.95,27.75,30.75,27.7,29.8,29.85,29.74,719119,21383059.8,3060.0,242650.0,33.74
ITI,EQ,19-Sep-2014,28.35,28.35,28.75,27.65,27.65,27.95,28.21,97414,2747932.75,561.0,55837.0,57.32
ITI,EQ,18-Sep-2014,28.05,28.6,29.0,28.05,28.3,28.35,28.54,176410,5034666.0,1102.0,70128.0,39.75
ITI,EQ,17-Sep-2014,28.0,28.75,28.8,27.55,28.1,28.05,28.16,120761,3400653.15,729.0,57704.0,47.78
ITI,EQ,16-Sep-2014,29.4,29.65,29.7,27.55,28.35,28.0,28.79,195006,5614216.4,1012.0,114663.0,58.8
ITI,EQ,15-Sep-2014,29.15,29.55,30.0,29.1,29.4,29.4,29.48,321333,9471642.0,2058.0,107232.0,33.37
ITI,EQ,12-Sep-2014,30.5,30.5,30.75,28.9,29.0,29.15,29.59,492578,14573824.55,1905.0,284536.0,57.76
ITI,EQ,11-Sep-2014,30.25,30.7,31.15,30.25,30.45,30.5,30.66,215298,6601628.45,1105.0,94402.0,43.85
ITI,EQ,10-Sep-2014,30.1,30.35,30.95,29.9,30.3,30.25,30.45,229776,6995807.75,1095.0,74946.0,32.62
ITI,EQ,09-Sep-2014,30.9,31.0,31.15,29.7,30.05,30.1,30.15,297064,8957039.35,1376.0,159423.0,53.67
ITI,EQ,08-Sep-2014,31.35,31.5,31.9,30.75,30.8,30.9,31.36,215927,6771885.25,1129.0,96045.0,44.48
ITI,EQ,05-Sep-2014,31.9,32.4,32.65,31.05,31.45,31.35,31.85,660386,21031352.2,3564.0,160950.0,24.37
ITI,EQ,04-Sep-2014,30.6,30.4,32.7,29.45,31.8,31.9,31.48,777457,24476075.0,4182.0,209003.0,26.88
ITI,EQ,03-Sep-2014,30.0,30.95,31.5,30.25,30.55,30.6,30.88,487784,15062562.2,2743.0,123868.0,25.39
ITI,EQ,02-Sep-2014,29.95,30.15,31.15,29.9,30.1,30.0,30.43,257710,7842556.95,1534.0,60471.0,23.46
ITI,EQ,01-Sep-2014,29.8,30.2,30.5,29.8,30.0,29.95,30.11,189436,5703151.0,978.0,78632.0,41.51
ITI,EQ,28-Aug-2014,30.75,31.1,31.45,29.7,30.0,29.8,30.67,317712,9745263.35,1858.0,99337.0,31.27
ITI,EQ,27-Aug-2014,28.85,29.2,31.8,28.9,30.85,30.75,30.94,667596,20657295.2,3216.0,223041.0,33.41
ITI,EQ,26-Aug-2014,29.7,29.2,30.1,28.7,28.8,28.85,29.15,85915,2504359.85,592.0,49440.0,57.55
ITI,EQ,25-Aug-2014,29.95,29.8,30.3,29.55,29.6,29.7,29.92,119630,3579534.5,506.0,80221.0,67.06
ITI,EQ,22-Aug-2014,29.85,30.05,30.9,29.6,29.9,29.95,30.11,233508,7030707.75,1066.0,72716.0,31.14
ITI,EQ,21-Aug-2014,29.9,30.5,31.0,29.6,29.8,29.85,30.36,216578,6575622.05,984.0,73365.0,33.87
ITI,EQ,20-Aug-2014,30.8,30.5,31.4,29.75,30.0,29.9,30.41,189353,5758670.45,991.0,89120.0,47.07
ITI,EQ,19-Aug-2014,31.0,31.3,31.6,30.6,30.8,30.8,31.03,151728,4708122.0,990.0,56384.0,37.16
ITI,EQ,18-Aug-2014,29.95,30.3,31.2,29.9,31.1,31.0,30.63,220571,6756594.75,1115.0,97774.0,44.33
ITI,EQ,14-Aug-2014,29.85,30.0,30.5,29.6,30.15,29.95,29.92,116757,3493936.6,805.0,55414.0,47.46
ITI,EQ,13-Aug-2014,31.4,32.0,32.5,29.55,29.6,29.85,31.15,609744,18991618.85,2806.0,237879.0,39.01
ITI,EQ,12-Aug-2014,29.4,29.45,32.15,29.45,31.95,31.4,30.93,400617,12391029.9,1700.0,156461.0,39.06
ITI,EQ,11-Aug-2014,29.15,29.8,30.05,29.25,29.3,29.4,29.65,92249,2734833.75,604.0,38547.0,41.79
ITI,EQ,08-Aug-2014,30.25,30.3,30.3,29.0,29.35,29.15,29.45,224896,6623431.65,1345.0,94899.0,42.2
ITI,EQ,07-Aug-2014,30.8,30.8,31.4,30.05,30.3,30.25,30.81,122347,3770075.25,837.0,58258.0,47.62
ITI,EQ,06-Aug-2014,31.3,31.3,32.5,30.7,30.75,30.8,31.43,278423,8751141.15,1613.0,87100.0,31.28
ITI,EQ,05-Aug-2014,30.3,30.3,32.15,29.7,31.25,31.3,31.13,395042,12298299.65,2389.0,78537.0,19.88
ITI,EQ,04-Aug-2014,29.3,29.3,31.0,29.3,30.35,30.3,30.34,240002,7282111.55,1725.0,74670.0,31.11
ITI,EQ,01-Aug-2014,29.4,29.4,30.25,28.3,29.45,29.3,29.18,410162,11967587.25,2080.0,144030.0,35.12
ITI,EQ,31-Jul-2014,30.35,30.35,30.75,29.2,29.4,29.4,29.86,228214,6813484.45,2278.0,97091.0,42.54
ITI,EQ,30-Jul-2014,30.9,30.7,30.95,29.75,30.2,30.35,30.42,177330,5393624.5,2115.0,61615.0,34.75
ITI,EQ,28-Jul-2014,31.55,31.7,31.95,30.55,30.9,30.9,31.04,154114,4782972.3,1708.0,65585.0,42.56
ITI,EQ,25-Jul-2014,33.3,33.15,33.45,30.75,31.45,31.55,32.0,307391,9835173.35,2279.0,139983.0,45.54
ITI,EQ,24-Jul-2014,34.1,34.25,34.4,32.8,33.0,33.3,33.6,330888,11116603.15,3059.0,99266.0,30.0
ITI,EQ,23-Jul-2014,34.9,34.9,35.45,33.65,34.2,34.1,34.27,362984,12438120.25,2926.0,132909.0,36.62
ITI,EQ,22-Jul-2014,33.75,33.75,36.5,33.3,34.85,34.9,35.05,1721431,60329880.25,8306.0,371391.0,21.57
ITI,EQ,21-Jul-2014,33.15,33.05,34.2,33.05,33.85,33.75,33.73,437682,14761872.0,3592.0,122514.0,27.99
ITI,EQ,18-Jul-2014,33.75,33.35,34.2,33.0,33.15,33.15,33.45,480529,16073828.2,3552.0,138815.0,28.89
ITI,EQ,17-Jul-2014,33.65,33.3,34.45,33.3,33.8,33.75,33.89,455273,15431179.5,4146.0,147272.0,32.35
ITI,EQ,16-Jul-2014,32.5,32.75,33.9,32.1,33.85,33.65,33.04,931432,30771658.15,6224.0,251589.0,27.01
ITI,EQ,15-Jul-2014,31.55,31.95,33.3,31.65,32.35,32.5,32.59,675810,22021506.6,3965.0,174343.0,25.8
ITI,EQ,14-Jul-2014,30.45,30.7,32.8,29.1,32.1,31.55,31.58,914423,28877085.3,5908.0,269644.0,29.49
ITI,EQ,11-Jul-2014,36.35,36.7,36.7,30.0,30.3,30.45,33.01,1375442,45406382.7,7848.0,442333.0,32.16
ITI,EQ,10-Jul-2014,39.9,40.45,41.25,35.95,36.3,36.35,38.09,2044876,77895478.0,10952.0,482595.0,23.6
ITI,EQ,09-Jul-2014,39.05,40.9,43.15,39.4,39.85,39.9,41.11,2510780,103218098.9,13416.0,635700.0,25.32
ITI,EQ,08-Jul-2014,39.15,39.5,43.35,38.15,39.6,39.05,41.39,4830026,199922315.4,24662.0,1250582.0,25.89
ITI,EQ,07-Jul-2014,32.75,33.2,39.3,33.1,39.3,39.15,37.52,4404627,165254034.65,20645.0,1084074.0,24.61
ITI,EQ,04-Jul-2014,31.7,32.0,33.35,31.2,32.8,32.75,32.42,1058881,34331065.9,4621.0,397659.0,37.55
ITI,EQ,03-Jul-2014,31.5,32.45,32.9,31.6,31.6,31.7,32.14,1819399,58470277.95,7187.0,827629.0,45.49
ITI,EQ,02-Jul-2014,30.55,31.95,32.0,30.6,31.75,31.5,31.31,1838232,57559470.1,6531.0,944097.0,51.36
ITI,EQ,01-Jul-2014,27.8,28.0,30.55,27.85,30.55,30.55,29.8,924231,27542822.0,2463.0,521623.0,56.44
ITI,EQ,30-Jun-2014,27.45,27.75,28.2,27.35,27.7,27.8,27.83,257752,7173365.1,1044.0,84566.0,32.81
ITI,EQ,27-Jun-2014,27.7,27.95,28.2,27.3,27.55,27.45,27.7,174962,4845996.3,755.0,71835.0,41.06
ITI,EQ,26-Jun-2014,28.25,28.05,29.4,27.6,27.75,27.7,28.42,639475,18174148.05,2289.0,186540.0,29.17
ITI,EQ,25-Jun-2014,27.85,28.2,29.4,28.05,28.25,28.25,28.64,440118,12603435.8,2138.0,135975.0,30.9
ITI,EQ,24-Jun-2014,27.7,27.55,28.8,27.55,27.9,27.85,28.21,292894,8263319.5,1364.0,121389.0,41.44
ITI,EQ,23-Jun-2014,28.1,28.35,28.5,27.4,27.5,27.7,27.96,202636,5665521.55,1170.0,75992.0,37.5
ITI,EQ,20-Jun-2014,27.65,27.7,28.6,27.5,27.85,28.1,28.01,403626,11303750.45,1940.0,134920.0,33.43
ITI,EQ,19-Jun-2014,27.8,27.9,29.2,27.0,27.6,27.65,28.29,798243,22586107.4,3637.0,118482.0,14.84
ITI,EQ,18-Jun-2014,27.15,27.7,28.8,26.65,27.4,27.8,28.0,972059,27213663.45,3935.0,312024.0,32.1
ITI,EQ,17-Jun-2014,24.8,24.9,27.25,24.8,27.25,27.15,26.44,537955,14221741.5,2521.0,210805.0,39.19
ITI,EQ,16-Jun-2014,25.25,25.4,25.85,23.75,24.7,24.8,24.69,227523,5617564.0,1332.0,88680.0,38.98
ITI,EQ,13-Jun-2014,28.05,28.2,28.4,25.25,25.25,25.25,26.44,449999,11897180.25,1686.0,244955.0,54.43
ITI,EQ,12-Jun-2014,28.7,28.85,29.0,27.8,28.2,28.05,28.4,224433,6373837.25,991.0,96912.0,43.18
ITI,EQ,11-Jun-2014,28.45,28.75,30.55,28.3,28.45,28.7,29.47,877486,25861303.9,3805.0,291387.0,33.21
ITI,EQ,10-Jun-2014,29.0,29.1,29.25,28.0,28.5,28.45,28.55,231140,6598486.85,1038.0,97891.0,42.35
ITI,EQ,09-Jun-2014,28.5,28.7,29.45,28.4,29.1,29.0,28.94,303077,8769703.75,1243.0,149595.0,49.36
ITI,EQ,06-Jun-2014,28.5,29.0,29.5,28.2,28.3,28.5,28.84,477354,13765601.05,1800.0,219695.0,46.02
ITI,EQ,05-Jun-2014,29.25,30.15,30.15,28.25,28.5,28.5,29.06,861240,25026374.65,3437.0,407128.0,47.27
ITI,EQ,04-Jun-2014,27.3,27.65,30.0,27.3,30.0,29.25,28.73,855705,24588300.1,2762.0,359580.0,42.02
ITI,EQ,03-Jun-2014,27.15,27.3,28.25,26.55,27.15,27.3,27.41,555455,15223754.3,2191.0,142334.0,25.62
ITI,EQ,02-Jun-2014,27.25,27.8,28.6,26.65,27.1,27.15,27.32,453117,12377050.2,1935.0,218765.0,48.28
ITI,EQ,30-May-2014,27.65,27.95,29.3,27.05,27.15,27.25,27.9,400087,11162529.1,1820.0,146924.0,36.72
ITI,EQ,29-May-2014,28.55,28.6,28.85,27.3,27.6,27.65,27.94,303388,8475523.25,1509.0,118336.0,39.0
ITI,EQ,28-May-2014,29.05,29.2,30.0,27.9,28.35,28.55,28.85,808131,23313070.7,4368.0,253392.0,31.36
ITI,EQ,27-May-2014,29.45,30.0,30.2,26.6,28.65,29.05,28.34,808730,22921154.6,3724.0,255829.0,31.63
ITI,EQ,26-May-2014,28.95,31.8,31.8,27.2,29.85,29.45,31.19,2835716,88439059.5,6029.0,1430346.0,50.44
ITI,EQ,23-May-2014,24.2,24.45,29.0,24.0,29.0,28.95,27.0,2096259,56588914.1,6662.0,893695.0,42.63
ITI,EQ,22-May-2014,25.1,25.7,26.5,23.2,24.2,24.2,24.83,2351740,58388210.15,8343.0,841711.0,35.79
ITI,EQ,21-May-2014,20.95,21.3,25.1,20.0,25.1,25.1,23.35,2652501,61925237.75,6870.0,787432.0,29.69
ITI,EQ,20-May-2014,19.8,19.8,21.7,19.6,20.65,20.95,20.87,1175284,24523032.6,3135.0,559108.0,47.57
ITI,EQ,19-May-2014,17.15,17.55,20.25,17.25,19.85,19.8,19.37,1300401,25185594.85,3158.0,788785.0,60.66
ITI,EQ,16-May-2014,17.15,17.8,17.8,16.8,17.2,17.15,17.26,240400,4150263.6,751.0,115791.0,48.17
ITI,EQ,15-May-2014,18.05,18.25,18.35,17.0,17.1,17.15,17.5,232020,4060499.55,857.0,160600.0,69.22
ITI,EQ,14-May-2014,16.95,16.7,18.4,16.7,18.0,18.05,17.76,908657,16136824.5,2678.0,408228.0,44.93
ITI,EQ,13-May-2014,16.3,16.5,17.5,16.45,17.05,16.95,17.05,457383,7796701.0,1317.0,179129.0,39.16
ITI,EQ,12-May-2014,15.9,15.9,16.6,15.9,16.25,16.3,16.34,157850,2579930.95,749.0,106439.0,67.43
ITI,EQ,09-May-2014,15.55,15.4,16.15,15.4,15.9,15.9,15.8,89573,1415093.4,480.0,30376.0,33.91
ITI,EQ,08-May-2014,15.65,15.6,15.95,15.45,15.6,15.55,15.65,48455,758241.05,213.0,33449.0,69.03
ITI,EQ,07-May-2014,15.9,15.75,16.0,15.4,15.6,15.65,15.76,62600,986839.6,458.0,30599.0,48.88
ITI,EQ,06-May-2014,15.9,16.1,16.2,15.8,15.8,15.9,15.97,28958,462510.1,146.0,16717.0,57.73
ITI,EQ,05-May-2014,16.1,16.1,16.25,15.8,15.8,15.9,16.07,35352,568103.75,186.0,24597.0,69.58
ITI,EQ,02-May-2014,16.2,16.3,16.35,16.0,16.1,16.1,16.17,57621,931517.45,222.0,37493.0,65.07
ITI,EQ,30-Apr-2014,16.6,16.5,16.8,16.05,16.2,16.2,16.37,59962,981829.55,318.0,34193.0,57.02
ITI,EQ,29-Apr-2014,16.7,16.5,17.0,16.5,16.6,16.6,16.71,81911,1369051.0,337.0,45012.0,54.95
ITI,EQ,28-Apr-2014,16.7,16.55,17.1,16.55,16.65,16.7,16.86,101312,1708589.35,521.0,37803.0,37.31
ITI,EQ,25-Apr-2014,16.75,16.95,17.1,16.5,16.75,16.7,16.8,118583,1992126.9,513.0,45448.0,38.33
ITI,EQ,23-Apr-2014,16.65,16.8,17.15,16.7,16.7,16.75,16.93,64780,1096479.2,388.0,32792.0,50.62
ITI,EQ,22-Apr-2014,16.45,16.4,17.3,16.35,16.75,16.65,16.93,183396,3104294.45,710.0,94987.0,51.79
ITI,EQ,21-Apr-2014,16.45,16.5,16.75,16.35,16.35,16.45,16.5,56292,928636.55,271.0,31923.0,56.71
ITI,EQ,17-Apr-2014,16.3,16.35,16.7,16.3,16.45,16.45,16.48,42811,705545.75,199.0,24489.0,57.2
ITI,EQ,16-Apr-2014,16.75,16.75,17.0,16.15,16.35,16.3,16.65,88717,1477440.95,400.0,46398.0,52.3
ITI,EQ,15-Apr-2014,16.95,16.95,17.2,16.7,16.7,16.75,16.94,116101,1966382.95,313.0,81581.0,70.27
ITI,EQ,11-Apr-2014,16.7,16.7,17.5,16.4,16.95,16.95,17.15,523555,8979777.45,1772.0,192767.0,36.82
ITI,EQ,10-Apr-2014,16.6,16.65,17.1,16.5,16.75,16.7,16.79,145790,2447477.0,597.0,71587.0,49.1
ITI,EQ,09-Apr-2014,16.3,16.55,16.85,16.3,16.5,16.6,16.54,111714,1847770.45,496.0,57069.0,51.08
ITI,EQ,07-Apr-2014,16.45,16.5,16.75,16.2,16.3,16.3,16.42,110192,1809742.8,430.0,47134.0,42.77
ITI,EQ,04-Apr-2014,16.15,16.0,17.2,16.0,16.5,16.45,16.8,494284,8304230.95,1820.0,168588.0,34.11
ITI,EQ,03-Apr-2014,16.4,16.2,16.5,16.1,16.1,16.15,16.23,47088,764082.55,209.0,31558.0,67.02
ITI,EQ,02-Apr-2014,16.15,16.05,16.65,16.05,16.5,16.4,16.31,159204,2597120.4,464.0,109520.0,68.79
ITI,EQ,01-Apr-2014,15.95,16.05,16.25,15.9,16.15,16.15,16.11,120014,1933021.05,286.0,74644.0,62.2
ITI,EQ,31-Mar-2014,15.85,15.95,16.25,15.85,15.9,15.95,16.02,124210,1989849.1,430.0,68039.0,54.78
ITI,EQ,28-Mar-2014,15.75,15.85,15.95,15.75,15.9,15.85,15.86,68418,1085281.75,265.0,42816.0,62.58
ITI,EQ,27-Mar-2014,15.8,15.85,16.05,15.65,15.8,15.75,15.87,63600,1009526.55,368.0,40451.0,63.6
ITI,EQ,26-Mar-2014,15.85,15.9,16.05,15.7,15.75,15.8,15.87,80663,1280437.95,304.0,61459.0,76.19
ITI,EQ,25-Mar-2014,15.95,16.0,16.1,15.8,16.0,15.85,15.95,68787,1097276.3,267.0,51132.0,74.33
ITI,EQ,24-Mar-2014,16.1,16.05,16.45,15.9,15.9,15.95,16.14,275418,4446464.4,951.0,73187.0,26.57
ITI,EQ,22-Mar-2014,16.35,16.45,16.65,16.05,16.05,16.1,16.29,77829,1268129.15,369.0,44930.0,57.73
ITI,EQ,21-Mar-2014,15.9,16.15,16.6,15.95,16.45,16.35,16.21,192504,3119991.1,639.0,83522.0,43.39
ITI,EQ,20-Mar-2014,16.2,16.1,16.35,15.85,15.95,15.9,16.09,107060,1722827.9,377.0,68846.0,64.31
ITI,EQ,19-Mar-2014,16.2,16.25,16.5,16.1,16.15,16.2,16.28,126783,2064451.75,435.0,51268.0,40.44
ITI,EQ,18-Mar-2014,16.25,16.35,16.4,16.05,16.1,16.2,16.24,86409,1403498.15,413.0,41615.0,48.16
ITI,EQ,14-Mar-2014,16.25,16.1,16.45,16.0,16.2,16.25,16.26,142538,2317565.15,599.0,68802.0,48.27
ITI,EQ,13-Mar-2014,15.95,15.85,16.85,15.85,16.35,16.25,16.51,458118,7565297.6,1676.0,152410.0,33.27
ITI,EQ,12-Mar-2014,16.25,16.15,16.4,15.8,16.0,15.95,16.07,134962,2168223.75,478.0,85087.0,63.05
ITI,EQ,11-Mar-2014,16.15,16.25,16.95,16.05,16.35,16.25,16.46,275676,4537370.4,1123.0,100746.0,36.55
ITI,EQ,10-Mar-2014,16.2,16.15,16.6,16.05,16.05,16.15,16.25,135844,2207129.55,599.0,70332.0,51.77
ITI,EQ,07-Mar-2014,16.25,16.15,16.65,16.0,16.15,16.2,16.28,205263,3342150.9,1112.0,71962.0,35.06
ITI,EQ,06-Mar-2014,16.55,16.85,16.85,16.15,16.3,16.25,16.39,129446,2122260.5,624.0,87285.0,67.43
ITI,EQ,05-Mar-2014,16.85,16.7,17.3,16.4,16.5,16.55,16.84,320858,5404851.8,1355.0,101228.0,31.55
ITI,EQ,04-Mar-2014,15.9,16.0,17.35,15.55,16.7,16.85,16.67,892008,14871939.05,3717.0,190397.0,21.34
ITI,EQ,03-Mar-2014,17.15,16.8,16.9,15.75,15.9,15.9,16.19,221721,3589848.5,1300.0,132233.0,59.64
ITI,EQ,28-Feb-2014,16.75,17.6,18.15,16.95,17.2,17.15,17.58,2134870,37523406.2,8734.0,549535.0,25.74
ITI,EQ,26-Feb-2014,15.35,16.15,17.1,15.75,17.1,16.75,16.37,855175,14001017.05,3861.0,381139.0,44.57
ITI,EQ,25-Feb-2014,15.45,15.35,15.55,15.2,15.2,15.35,15.4,46997,723597.75,311.0,31248.0,66.49
ITI,EQ,24-Feb-2014,15.55,15.45,15.75,15.35,15.4,15.45,15.57,61829,962594.1,326.0,37600.0,60.81
ITI,EQ,21-Feb-2014,15.65,15.95,15.95,15.45,15.45,15.55,15.67,70399,1102816.8,358.0,45538.0,64.69
ITI,EQ,20-Feb-2014,16.0,16.15,16.4,15.55,15.75,15.65,16.0,426248,6820242.5,1819.0,76835.0,18.03
ITI,EQ,19-Feb-2014,15.6,16.0,16.35,15.65,16.0,16.0,15.99,305669,4887650.15,1160.0,112706.0,36.87
ITI,EQ,18-Feb-2014,15.15,15.05,16.9,15.0,15.65,15.6,16.09,833953,13421842.6,3797.0,168618.0,20.22
ITI,EQ,17-Feb-2014,15.4,15.25,15.6,14.9,15.1,15.15,15.23,101093,1539165.25,583.0,61224.0,60.56
ITI,EQ,14-Feb-2014,16.25,16.35,16.35,15.3,15.45,15.4,15.57,140975,2194902.75,641.0,86106.0,61.08
ITI,EQ,13-Feb-2014,15.05,16.35,17.75,16.0,16.2,16.25,16.62,1279091,21264777.35,5645.0,361584.0,28.27
ITI,EQ,12-Feb-2014,14.95,15.0,15.25,15.0,15.0,15.05,15.09,32333,487807.6,163.0,25112.0,77.67
ITI,EQ,11-Feb-2014,14.95,14.9,15.3,14.85,14.95,14.95,15.06,45483,685101.3,192.0,23568.0,51.82
ITI,EQ,10-Feb-2014,15.15,15.2,15.2,14.85,14.85,14.95,15.05,25804,388236.7,162.0,18622.0,72.17
ITI,EQ,07-Feb-2014,15.2,15.35,15.4,15.05,15.05,15.15,15.21,39863,606427.55,163.0,18880.0,47.36
ITI,EQ,06-Feb-2014,15.15,15.2,15.6,15.05,15.3,15.2,15.33,48632,745580.5,319.0,23147.0,47.6
ITI,EQ,05-Feb-2014,14.8,14.9,15.25,14.9,15.2,15.15,15.09,90100,1359386.6,308.0,49926.0,55.41
ITI,EQ,04-Feb-2014,14.9,14.9,15.0,14.6,14.7,14.8,14.83,35454,525761.15,173.0,21455.0,60.52
ITI,EQ,03-Feb-2014,15.0,15.15,15.85,14.7,14.75,14.9,15.07,98092,1478238.5,457.0,30362.0,30.95
ITI,EQ,31-Jan-2014,15.15,15.3,15.4,14.9,14.95,15.0,15.01,99347,1490969.55,373.0,53941.0,54.3
ITI,EQ,30-Jan-2014,15.3,15.0,15.3,14.85,15.15,15.15,15.07,47933,722311.75,271.0,26787.0,55.88
ITI,EQ,29-Jan-2014,15.25,15.25,15.65,15.2,15.35,15.3,15.42,76373,1177421.1,358.0,30797.0,40.32
ITI,EQ,28-Jan-2014,15.1,15.15,15.65,15.15,15.3,15.25,15.36,55247,848494.35,338.0,20981.0,37.98
ITI,EQ,27-Jan-2014,15.5,15.4,15.5,15.0,15.15,15.1,15.23,61311,933737.5,310.0,35573.0,58.02
ITI,EQ,24-Jan-2014,15.85,15.8,15.95,15.4,15.5,15.5,15.54,71763,1115340.25,388.0,50026.0,69.71
ITI,EQ,23-Jan-2014,15.95,15.9,16.1,15.8,15.85,15.85,15.91,50273,799811.85,213.0,26441.0,52.59
ITI,EQ,22-Jan-2014,15.95,15.9,16.1,15.9,15.9,15.95,15.98,45964,734323.7,208.0,27891.0,60.68
ITI,EQ,21-Jan-2014,16.05,16.05,16.2,15.9,15.9,15.95,16.04,47982,769409.3,260.0,32017.0,66.73
ITI,EQ,20-Jan-2014,15.85,15.85,16.15,15.85,16.05,16.05,16.04,44218,709187.3,210.0,21193.0,47.93
ITI,EQ,17-Jan-2014,16.35,16.15,16.4,15.7,15.9,15.85,16.03,68229,1094050.65,436.0,45941.0,67.33
ITI,EQ,16-Jan-2014,16.9,16.7,16.9,16.15,16.45,16.35,16.49,153605,2532763.75,867.0,64004.0,41.67
ITI,EQ,15-Jan-2014,15.8,15.9,17.85,15.85,16.85,16.9,17.11,954276,16331390.9,4413.0,187882.0,19.69
ITI,EQ,14-Jan-2014,15.9,15.85,16.15,15.65,15.8,15.8,15.84,97950,1551247.8,382.0,34330.0,35.05
ITI,EQ,13-Jan-2014,16.0,16.15,16.25,15.8,15.85,15.9,16.02,37824,605951.45,297.0,22945.0,60.66
ITI,EQ,10-Jan-2014,16.1,16.5,16.65,15.9,16.0,16.0,16.25,166068,2699348.2,996.0,48148.0,28.99
ITI,EQ,09-Jan-2014,16.5,16.5,16.7,15.95,16.05,16.1,16.31,181635,2962823.05,793.0,61393.0,33.8
ITI,EQ,08-Jan-2014,16.55,16.8,17.0,16.3,16.4,16.5,16.7,229912,3839005.05,1163.0,109777.0,47.75
ITI,EQ,07-Jan-2014,16.0,16.75,17.1,16.25,16.6,16.55,16.58,313275,5192848.85,1503.0,90479.0,28.88
ITI,EQ,06-Jan-2014,15.95,15.85,16.3,15.85,15.9,16.0,16.01,111208,1780073.55,333.0,51099.0,45.95
ITI,EQ,03-Jan-2014,15.85,15.75,16.4,15.6,16.05,15.95,15.98,88138,1408221.1,444.0,53658.0,60.88
ITI,EQ,02-Jan-2014,16.85,16.8,17.35,15.7,15.95,15.85,16.48,198923,3278806.75,1071.0,111888.0,56.25
ITI,EQ,01-Jan-2014,16.65,16.85,17.2,16.65,16.95,16.85,16.93,118178,2001207.8,708.0,56531.0,47.84
ITI,EQ,31-Dec-2013,17.3,17.3,17.5,16.45,16.7,16.65,16.95,206047,3492469.75,996.0,94851.0,46.03
ITI,EQ,30-Dec-2015,31.2,31.0,31.35,30.55,30.55,30.7,30.76,129626,3987924.25,487.0,60496.0,46.67
ITI,EQ,29-Dec-2015,30.75,31.5,32.2,30.75,31.15,31.2,31.43,575695,18093537.25,2630.0,178022.0,30.92
ITI,EQ,28-Dec-2015,30.8,30.8,31.2,30.1,31.15,30.75,30.76,116985,3598317.3,676.0,47628.0,40.71
ITI,EQ,24-Dec-2015,30.8,30.85,31.5,30.35,30.65,30.8,30.91,228855,7073246.05,1024.0,88489.0,38.67
ITI,EQ,23-Dec-2015,30.45,30.6,31.25,30.35,30.9,30.8,30.72,230552,7083442.85,840.0,92642.0,40.18
ITI,EQ,22-Dec-2015,29.75,29.95,31.4,29.7,30.6,30.45,30.78,298969,9201710.45,1504.0,135219.0,45.23
ITI,EQ,21-Dec-2015,29.45,29.65,30.2,29.35,29.8,29.75,29.83,190352,5678669.2,915.0,77936.0,40.94
ITI,EQ,18-Dec-2015,29.8,29.85,30.35,29.15,29.5,29.45,29.81,224082,6680489.65,915.0,71648.0,31.97
ITI,EQ,17-Dec-2015,29.7,29.8,30.25,29.6,29.6,29.8,29.87,211287,6310315.65,849.0,76235.0,36.08
ITI,EQ,16-Dec-2015,30.1,30.4,30.5,29.2,29.6,29.7,29.92,149364,4469017.65,729.0,50100.0,33.54
ITI,EQ,15-Dec-2015,29.9,30.3,30.5,29.3,30.45,30.1,29.86,338733,10115398.45,1544.0,64465.0,19.03
ITI,EQ,14-Dec-2015,30.1,30.0,31.15,29.2,29.8,29.9,30.3,393950,11936677.4,1534.0,128472.0,32.61
ITI,EQ,11-Dec-2015,28.3,28.5,30.7,27.6,29.7,30.1,29.69,977280,29013675.5,4089.0,211866.0,21.68
ITI,EQ,10-Dec-2015,27.8,27.95,28.6,27.8,28.1,28.3,28.2,207841,5861458.8,748.0,68425.0,32.92
ITI,EQ,09-Dec-2015,29.65,29.35,29.5,27.65,27.8,27.8,28.4,232246,6596169.75,838.0,114792.0,49.43
ITI,EQ,08-Dec-2015,31.2,31.0,31.3,29.35,29.9,29.65,30.33,168241,5103394.15,792.0,63533.0,37.76
ITI,EQ,07-Dec-2015,31.4,31.9,31.9,31.0,31.15,31.2,31.33,135451,4244290.95,602.0,39825.0,29.4
ITI,EQ,04-Dec-2015,32.1,32.0,32.6,31.0,31.6,31.4,31.84,383502,12212474.4,1575.0,134934.0,35.18
ITI,EQ,03-Dec-2015,31.7,31.3,34.0,31.3,32.25,32.1,32.68,1008597,32958265.25,3981.0,222833.0,22.09
ITI,EQ,02-Dec-2015,31.3,31.05,32.0,30.5,31.7,31.7,31.44,433102,13616686.5,1810.0,141513.0,32.67
ITI,EQ,01-Dec-2015,30.8,31.45,32.1,30.75,31.25,31.3,31.36,356143,11169508.0,1498.0,146084.0,41.02
ITI,EQ,30-Nov-2015,30.4,30.5,31.15,30.45,31.1,30.8,30.82,284594,8771377.9,1184.0,147883.0,51.96
ITI,EQ,27-Nov-2015,29.85,30.3,31.5,29.45,30.6,30.4,30.53,713854,21796520.85,3088.0,207929.0,29.13
ITI,EQ,26-Nov-2015,28.55,28.7,30.5,28.55,29.9,29.85,29.81,791148,23584972.15,3154.0,322727.0,40.79
ITI,EQ,24-Nov-2015,28.3,28.3,28.9,28.15,28.6,28.55,28.58,188574,5388814.65,833.0,80070.0,42.46
ITI,EQ,23-Nov-2015,28.2,28.1,28.95,28.0,28.35,28.3,28.44,242318,6891322.2,1080.0,100925.0,41.65
ITI,EQ,20-Nov-2015,28.05,28.0,28.5,27.65,28.15,28.2,28.04,249832,7005850.75,1074.0,87848.0,35.16
ITI,EQ,19-Nov-2015,27.8,28.2,28.5,27.6,28.1,28.05,28.03,182663,5120210.55,809.0,48989.0,26.82
ITI,EQ,18-Nov-2015,27.9,28.0,28.45,27.5,27.75,27.8,28.02,256901,7198132.3,1060.0,76706.0,29.86
ITI,EQ,17-Nov-2015,28.25,28.85,29.05,27.65,27.8,27.9,28.25,837541,23658466.35,3228.0,285216.0,34.05
ITI,EQ,16-Nov-2015,26.05,26.1,28.55,26.0,28.2,28.25,27.72,565262,15671169.75,2581.0,245953.0,43.51
ITI,EQ,13-Nov-2015,26.4,26.25,26.6,26.0,26.15,26.05,26.23,70367,1845960.25,395.0,27391.0,38.93
ITI,EQ,11-Nov-2015,26.6,26.8,26.9,26.05,26.35,26.4,26.44,45033,1190851.15,232.0,16536.0,36.72
ITI,EQ,10-Nov-2015,26.5,26.3,27.4,26.3,26.65,26.6,26.84,172790,4637536.85,821.0,62375.0,36.1
ITI,EQ,09-Nov-2015,26.05,25.85,27.5,25.25,26.6,26.5,26.56,622216,16527147.6,2608.0,67002.0,10.77
ITI,EQ,06-Nov-2015,26.2,26.3,26.7,25.7,26.0,26.05,26.06,123398,3215187.35,850.0,42722.0,34.62
ITI,EQ,05-Nov-2015,27.3,27.2,27.2,25.8,26.35,26.2,26.4,159046,4198632.35,1188.0,57053.0,35.87
ITI,EQ,04-Nov-2015,28.1,27.55,28.1,27.15,27.15,27.3,27.46,217293,5967390.5,1062.0,76243.0,35.09
ITI,EQ,03-Nov-2015,26.45,26.9,29.0,25.85,27.75,28.1,27.52,742335,20428175.6,2862.0,182404.0,24.57
ITI,EQ,02-Nov-2015,26.7,26.5,27.0,26.25,26.3,26.45,26.58,95363,2534452.0,458.0,55506.0,58.2
ITI,EQ,30-Oct-2015,26.9,27.0,27.1,26.35,26.8,26.7,26.74,99599,2663678.4,703.0,39878.0,40.04
ITI,EQ,29-Oct-2015,27.25,27.45,27.55,26.75,26.85,26.9,27.06,126227,3415636.55,885.0,58454.0,46.31
ITI,EQ,28-Oct-2015,27.6,27.25,28.1,26.8,27.2,27.25,27.46,184277,5061153.7,1158.0,65597.0,35.6
ITI,EQ,27-Oct-2015,27.9,27.65,28.1,27.4,27.4,27.6,27.67,100566,2783128.85,870.0,41520.0,41.29
ITI,EQ,26-Oct-2015,28.1,28.15,29.25,27.3,28.1,27.9,28.42,292521,8314361.0,1776.0,58081.0,19.86
ITI,EQ,23-Oct-2015,28.55,28.65,29.0,27.95,28.25,28.1,28.38,141438,4013315.25,1065.0,56679.0,40.07
ITI,EQ,21-Oct-2015,28.7,29.0,29.35,28.15,28.75,28.55,28.69,157314,4512946.8,1062.0,46823.0,29.76
ITI,EQ,20-Oct-2015,28.75,29.0,29.1,28.55,29.0,28.7,28.71,226733,6508542.8,1259.0,124282.0,54.81
ITI,EQ,19-Oct-2015,28.5,28.5,30.6,28.1,28.9,28.75,29.67,600396,17813526.05,3251.0,180133.0,30.0
ITI,EQ,16-Oct-2015,28.65,29.0,29.0,28.25,28.35,28.5,28.48,138065,3932565.75,963.0,36881.0,26.71
ITI,EQ,15-Oct-2015,28.4,29.1,29.5,28.4,29.0,28.65,29.03,1016009,29494035.35,4789.0,304372.0,29.96
ITI,EQ,14-Oct-2015,27.85,27.35,28.7,26.9,28.3,28.4,27.92,419718,11719672.2,2314.0,177328.0,42.25
ITI,EQ,13-Oct-2015,26.3,26.5,28.4,26.0,27.6,27.85,27.23,462170,12583645.3,2537.0,111096.0,24.04
ITI,EQ,12-Oct-2015,26.5,26.65,26.8,26.0,26.35,26.3,26.34,119736,3154064.2,940.0,54942.0,45.89
ITI,EQ,09-Oct-2015,27.0,27.4,27.5,26.3,26.4,26.5,26.8,229091,6140618.35,1340.0,66354.0,28.96
ITI,EQ,08-Oct-2015,28.3,28.35,28.35,26.7,27.15,27.0,27.13,358558,9726308.4,2154.0,138906.0,38.74
ITI,EQ,07-Oct-2015,27.2,27.25,28.9,27.05,28.1,28.3,28.14,1608304,45265051.0,7303.0,279775.0,17.4
ITI,EQ,06-Oct-2015,24.0,24.25,27.85,24.25,27.15,27.2,26.54,1656265,43951149.35,6825.0,304901.0,18.41
ITI,EQ,05-Oct-2015,23.6,23.9,24.6,23.9,24.0,24.0,24.15,101067,2440779.65,660.0,31002.0,30.67
ITI,EQ,01-Oct-2015,23.8,24.1,24.15,23.5,23.5,23.6,23.82,36253,863683.2,229.0,19981.0,55.12
ITI,EQ,30-Sep-2015,23.75,24.0,24.45,23.55,23.85,23.8,23.95,63691,1525471.15,344.0,29884.0,46.92
ITI,EQ,29-Sep-2015,23.95,23.8,24.25,23.4,23.8,23.75,23.76,75803,1800949.2,456.0,37567.0,49.56
ITI,EQ,28-Sep-2015,24.0,24.0,24.5,23.85,23.9,23.95,24.15,43834,1058762.4,284.0,27550.0,62.85
ITI,EQ,24-Sep-2015,24.05,24.0,24.85,23.9,24.0,24.0,24.13,59444,1434321.2,378.0,27110.0,45.61
ITI,EQ,23-Sep-2015,24.1,23.9,24.4,23.6,23.9,24.05,24.02,61932,1487756.6,414.0,25458.0,41.11
ITI,EQ,22-Sep-2015,25.3,25.1,25.5,23.8,24.0,24.1,24.81,163110,4046709.65,961.0,66038.0,40.49
ITI,EQ,21-Sep-2015,23.8,23.5,26.4,23.5,25.1,25.3,25.18,610079,15364263.05,3145.0,106386.0,17.44
ITI,EQ,18-Sep-2015,23.4,24.3,24.3,23.55,23.7,23.8,23.79,76233,1813942.25,444.0,31096.0,40.79
ITI,EQ,16-Sep-2015,22.8,23.05,23.8,23.0,23.4,23.4,23.45,124552,2920981.9,628.0,53797.0,43.19
ITI,EQ,15-Sep-2015,23.3,23.55,23.6,22.7,22.85,22.8,23.16,40270,932566.35,298.0,12094.0,30.03
ITI,EQ,14-Sep-2015,23.15,23.3,23.7,23.05,23.4,23.3,23.38,47216,1103747.4,425.0,25661.0,54.35
ITI,EQ,11-Sep-2015,22.6,23.0,23.4,22.85,23.05,23.15,23.16,68760,1592157.95,495.0,34133.0,49.64
ITI,EQ,10-Sep-2015,23.1,23.0,23.0,22.25,22.75,22.6,22.62,66064,1494587.3,436.0,36355.0,55.03
ITI,EQ,09-Sep-2015,22.4,22.95,23.9,22.8,23.05,23.1,23.18,131449,3046989.3,895.0,48558.0,36.94
ITI,EQ,08-Sep-2015,22.0,22.15,22.65,22.0,22.65,22.4,22.3,42062,937928.75,414.0,24104.0,57.31
ITI,EQ,07-Sep-2015,22.0,22.0,22.7,21.8,21.95,22.0,22.13,102326,2264002.65,534.0,41293.0,40.35
ITI,EQ,04-Sep-2015,23.25,23.5,23.5,21.85,21.85,22.0,22.22,119638,2657872.05,729.0,66523.0,55.6
ITI,EQ,03-Sep-2015,23.1,23.25,24.2,23.0,23.2,23.25,23.38,111487,2606301.75,655.0,42501.0,38.12
ITI,EQ,02-Sep-2015,22.8,23.4,23.8,22.3,23.3,23.1,23.09,91253,2106957.95,576.0,31379.0,34.39
ITI,EQ,01-Sep-2015,23.75,23.5,23.75,22.4,22.8,22.8,23.21,79757,1850879.95,537.0,43558.0,54.61
ITI,EQ,31-Aug-2015,23.95,23.3,24.45,23.3,23.7,23.75,23.99,95640,2294323.0,535.0,41596.0,43.49
ITI,EQ,28-Aug-2015,24.0,24.9,24.9,23.6,24.0,23.95,24.26,97415,2363639.5,644.0,44610.0,45.79
ITI,EQ,27-Aug-2015,22.85,23.3,24.5,23.3,23.9,24.0,23.78,127948,3042141.3,783.0,47116.0,36.82
ITI,EQ,26-Aug-2015,23.05,23.0,23.95,22.35,22.95,22.85,23.14,112986,2614994.1,828.0,44893.0,39.73
ITI,EQ,25-Aug-2015,24.1,24.4,25.1,21.6,23.2,23.05,23.0,187294,4307208.45,1146.0,82995.0,44.31
ITI,EQ,24-Aug-2015,26.4,25.65,25.65,23.75,23.8,24.1,24.65,244062,6015249.8,1051.0,166338.0,68.15
ITI,EQ,21-Aug-2015,27.0,26.0,26.75,26.0,26.35,26.4,26.47,124518,3296214.9,570.0,74892.0,60.15
ITI,EQ,20-Aug-2015,27.75,27.5,27.9,26.8,27.2,27.0,27.31,154037,4207017.7,751.0,76787.0,49.85
ITI,EQ,19-Aug-2015,27.85,27.85,28.2,27.65,27.8,27.75,27.85,126774,3530324.25,617.0,57479.0,45.34
ITI,EQ,18-Aug-2015,27.55,27.7,28.8,27.7,27.85,27.85,28.16,284310,8005226.1,1383.0,81052.0,28.51
ITI,EQ,17-Aug-2015,27.95,28.0,28.25,27.2,27.5,27.55,27.7,148947,4125934.05,812.0,64846.0,43.54
ITI,EQ,14-Aug-2015,27.85,28.05,28.4,27.25,27.8,27.95,27.92,277075,7736740.3,1396.0,104655.0,37.77
ITI,EQ,13-Aug-2015,28.65,29.0,29.75,27.5,28.1,27.85,28.66,305300,8750931.1,1651.0,124569.0,40.8
ITI,EQ,12-Aug-2015,31.25,31.35,31.35,28.5,28.5,28.65,29.74,765638,22769497.4,3589.0,344945.0,45.05
ITI,EQ,11-Aug-2015,28.7,29.0,33.25,28.1,31.0,31.25,31.39,4549899,142800317.95,14303.0,715570.0,15.73
ITI,EQ,10-Aug-2015,28.0,28.6,29.45,28.0,28.9,28.7,28.76,347429,9991303.55,1839.0,118726.0,34.17
ITI,EQ,07-Aug-2015,28.3,28.3,29.8,27.2,28.35,28.0,28.51,452532,12902724.05,2432.0,134302.0,29.68
ITI,EQ,06-Aug-2015,29.05,29.05,29.25,28.1,28.4,28.3,28.4,224490,6376096.45,1377.0,82789.0,36.88
ITI,EQ,05-Aug-2015,28.85,29.8,29.95,28.5,29.25,29.05,29.14,653002,19027984.0,4016.0,193873.0,29.69
ITI,EQ,04-Aug-2015,28.55,28.15,29.3,28.1,28.8,28.85,28.82,525083,15130773.4,2633.0,197533.0,37.62
ITI,EQ,03-Aug-2015,26.2,26.5,29.6,26.3,28.5,28.55,28.37,1046491,29685008.3,5370.0,496597.0,47.45
ITI,EQ,31-Jul-2015,25.85,26.05,27.3,26.0,26.2,26.2,26.55,376329,9990375.35,1891.0,134219.0,35.67
ITI,EQ,30-Jul-2015,26.15,26.3,26.5,25.75,26.0,25.85,26.04,188055,4896640.25,1017.0,81158.0,43.16
ITI,EQ,29-Jul-2015,25.9,26.5,26.8,25.9,26.15,26.15,26.3,198902,5231721.75,1087.0,69938.0,35.16
ITI,EQ,28-Jul-2015,26.4,26.2,26.75,25.5,25.95,25.9,25.91,174580,4523460.4,871.0,46039.0,26.37
ITI,EQ,27-Jul-2015,25.9,26.45,27.7,25.9,26.6,26.4,26.61,516935,13754578.2,3010.0,152041.0,29.41
ITI,EQ,24-Jul-2015,26.55,26.55,26.7,25.75,25.9,25.9,26.23,210962,5533847.2,1030.0,91687.0,43.46
ITI,EQ,23-Jul-2015,26.9,26.6,27.3,26.15,26.6,26.55,26.62,217849,5800071.25,1149.0,66597.0,30.57
ITI,EQ,22-Jul-2015,26.5,26.25,27.6,25.8,26.8,26.9,26.86,381853,10257230.35,1776.0,126744.0,33.19
ITI,EQ,21-Jul-2015,28.7,28.3,28.55,26.1,26.7,26.5,27.23,435549,11860454.7,2385.0,183292.0,42.08
ITI,EQ,20-Jul-2015,25.4,25.1,30.45,24.7,28.65,28.7,28.42,1991770,56615857.45,7804.0,442864.0,22.23
ITI,EQ,17-Jul-2015,26.15,26.35,26.5,25.3,25.55,25.4,25.65,210517,5399548.95,1123.0,96050.0,45.63
ITI,EQ,16-Jul-2015,27.0,26.7,27.3,26.05,26.2,26.15,26.39,275705,7275765.55,1259.0,117865.0,42.75
ITI,EQ,15-Jul-2015,26.9,28.0,28.35,26.65,27.35,27.0,27.3,691885,18889076.85,3390.0,267060.0,38.6
ITI,EQ,14-Jul-2015,26.25,28.4,29.25,26.6,27.05,26.9,27.68,2118309,58624263.0,8960.0,769342.0,36.32
ITI,EQ,13-Jul-2015,22.45,22.1,26.8,22.1,26.6,26.25,25.36,1953682,49547556.85,7647.0,714102.0,36.55
ITI,EQ,10-Jul-2015,22.55,22.85,23.2,22.35,22.4,22.45,22.74,85619,1947401.9,494.0,44499.0,51.97
ITI,EQ,09-Jul-2015,22.75,22.95,23.4,22.4,22.45,22.55,22.87,109088,2495030.9,781.0,50141.0,45.96
ITI,EQ,08-Jul-2015,23.45,23.1,23.7,22.5,22.65,22.75,23.01,159906,3678829.85,854.0,74985.0,46.89
ITI,EQ,07-Jul-2015,23.55,23.65,23.95,23.2,23.35,23.45,23.6,122379,2887646.05,727.0,48208.0,39.39
ITI,EQ,06-Jul-2015,23.95,22.6,23.75,22.6,23.5,23.55,23.39,213582,4995522.45,1194.0,60056.0,28.12
ITI,EQ,03-Jul-2015,23.75,23.9,25.5,23.35,23.8,23.95,24.53,775270,19019341.95,3405.0,141385.0,18.24
ITI,EQ,02-Jul-2015,23.8,23.7,24.25,23.1,23.8,23.75,23.64,391473,9252555.9,2487.0,88587.0,22.63
ITI,EQ,01-Jul-2015,21.75,24.5,25.3,23.5,23.85,23.8,24.49,1464422,35860940.95,6893.0,324605.0,22.17
ITI,EQ,30-Jun-2015,21.4,21.7,22.25,21.35,21.75,21.75,21.88,160779,3517719.3,1257.0,74872.0,46.57
ITI,EQ,29-Jun-2015,22.2,21.5,21.6,20.7,21.35,21.4,21.25,216039,4590677.7,1378.0,76630.0,35.47
ITI,EQ,26-Jun-2015,24.4,24.85,24.85,21.25,22.3,22.2,22.32,713355,15923078.85,3330.0,233625.0,32.75
ITI,EQ,25-Jun-2015,23.25,23.2,25.1,23.15,24.4,24.4,24.3,2317112,56294785.15,5598.0,393736.0,16.99
ITI,EQ,24-Jun-2015,21.15,21.25,23.95,21.0,22.95,23.25,22.95,1266558,29062810.25,3058.0,302732.0,23.9
ITI,EQ,23-Jun-2015,20.55,20.8,22.2,20.55,21.25,21.15,21.27,283014,6020484.85,1538.0,94187.0,33.28
ITI,EQ,22-Jun-2015,21.05,21.0,21.35,19.5,20.55,20.55,20.49,160989,3299106.45,848.0,73070.0,45.39
ITI,EQ,19-Jun-2015,20.7,21.0,21.9,20.5,20.95,21.05,21.32,345523,7365312.35,1307.0,94821.0,27.44
ITI,EQ,18-Jun-2015,19.9,20.0,21.5,19.7,20.8,20.7,20.88,281942,5886118.8,1409.0,120617.0,42.78
ITI,EQ,17-Jun-2015,19.55,19.5,20.3,19.5,19.85,19.9,19.91,96404,1919102.6,543.0,39700.0,41.18
ITI,EQ,16-Jun-2015,19.55,19.4,19.7,19.35,19.7,19.55,19.51,66765,1302515.6,348.0,36656.0,54.9
ITI,EQ,15-Jun-2015,19.55,20.0,20.0,19.3,19.4,19.55,19.62,82638,1621361.3,393.0,30118.0,36.45
ITI,EQ,12-Jun-2015,19.6,19.5,19.8,19.2,19.65,19.55,19.52,88722,1731554.8,463.0,21873.0,24.65
ITI,EQ,11-Jun-2015,19.85,19.7,20.4,19.55,19.65,19.6,19.94,66759,1330994.45,480.0,30454.0,45.62
ITI,EQ,10-Jun-2015,19.4,19.5,20.6,19.25,19.95,19.85,19.85,186108,3693372.65,883.0,66927.0,35.96
ITI,EQ,09-Jun-2015,19.85,19.7,19.85,19.3,19.35,19.4,19.55,53402,1044212.4,327.0,29085.0,54.46
ITI,EQ,08-Jun-2015,20.2,20.25,20.25,19.75,19.8,19.85,20.0,49144,982878.65,341.0,26246.0,53.41
ITI,EQ,05-Jun-2015,20.3,20.1,20.65,20.05,20.3,20.2,20.29,80294,1629275.55,490.0,44883.0,55.9
ITI,EQ,04-Jun-2015,20.45,20.65,20.8,20.15,20.25,20.3,20.42,77820,1588988.55,513.0,37845.0,48.63
ITI,EQ,03-Jun-2015,20.95,21.4,21.85,20.15,20.35,20.45,20.88,333644,6967803.2,2766.0,92513.0,27.73
ITI,EQ,02-Jun-2015,21.85,21.7,21.7,20.8,21.0,20.95,21.15,88351,1868783.8,469.0,64130.0,72.59
ITI,EQ,01-Jun-2015,20.65,21.35,22.4,21.1,21.55,21.85,21.86,387110,8462773.45,2337.0,120292.0,31.07
ITI,EQ,29-May-2015,20.8,20.7,21.15,20.5,20.7,20.65,20.84,73340,1528502.4,345.0,46404.0,63.27
ITI,EQ,28-May-2015,20.6,20.95,21.35,20.7,20.85,20.8,20.96,64688,1356112.3,354.0,22184.0,34.29
ITI,EQ,27-May-2015,20.65,20.55,20.85,20.25,20.6,20.6,20.57,28452,585287.0,276.0,19555.0,68.73
ITI,EQ,26-May-2015,21.0,21.05,21.15,20.5,20.7,20.65,20.8,42147,876676.7,333.0,21520.0,51.06
ITI,EQ,25-May-2015,21.6,21.2,21.8,20.85,21.0,21.0,21.16,89102,1884968.0,397.0,35715.0,40.08
ITI,EQ,22-May-2015,21.3,22.4,22.4,21.2,21.7,21.6,21.67,209486,4538560.85,940.0,76077.0,36.32
ITI,EQ,21-May-2015,22.55,23.2,23.2,21.0,21.5,21.3,21.78,163199,3553726.65,1004.0,88889.0,54.47
ITI,EQ,20-May-2015,20.55,20.75,22.9,20.6,22.6,22.55,22.34,678141,15147846.8,2220.0,169266.0,24.96
ITI,EQ,19-May-2015,20.35,20.3,20.8,20.15,20.65,20.55,20.59,77935,1604803.55,411.0,44628.0,57.26
ITI,EQ,18-May-2015,20.35,20.65,20.65,20.1,20.3,20.35,20.33,67722,1377050.6,345.0,31471.0,46.47
ITI,EQ,15-May-2015,20.55,20.65,20.95,20.3,20.3,20.35,20.67,87042,1799429.5,411.0,39792.0,45.72
ITI,EQ,14-May-2015,20.4,20.45,20.9,20.2,20.45,20.55,20.6,62501,1287515.15,408.0,25311.0,40.5
ITI,EQ,13-May-2015,19.8,19.9,21.85,19.9,20.5,20.4,20.77,423973,8805636.35,2397.0,76736.0,18.1
ITI,EQ,12-May-2015,20.95,20.7,20.9,19.4,19.6,19.8,20.08,100687,2022163.5,547.0,68138.0,67.67
ITI,EQ,11-May-2015,20.85,21.45,21.65,20.7,20.9,20.95,21.26,96444,2050637.45,520.0,37685.0,39.07
ITI,EQ,08-May-2015,20.25,20.55,21.15,20.55,20.85,20.85,20.88,50911,1063220.9,306.0,28140.0,55.27
ITI,EQ,07-May-2015,20.75,20.75,20.9,20.1,20.5,20.25,20.51,49443,1013847.6,352.0,30307.0,61.3
ITI,EQ,06-May-2015,21.9,22.0,22.2,20.55,20.6,20.75,21.22,57683,1223849.9,628.0,30553.0,52.97
ITI,EQ,05-May-2015,22.1,21.85,22.45,21.7,21.9,21.9,22.03,71970,1585654.95,436.0,32237.0,44.79
ITI,EQ,04-May-2015,20.8,20.85,22.5,20.85,22.25,22.1,22.02,134570,2963142.9,770.0,76676.0,56.98
ITI,EQ,30-Apr-2015,20.7,20.6,21.1,20.55,20.85,20.8,20.79,96865,2013866.3,408.0,52647.0,54.35
ITI,EQ,29-Apr-2015,20.75,20.75,21.3,20.45,20.6,20.7,21.0,90543,1901575.35,539.0,25769.0,28.46
ITI,EQ,28-Apr-2015,20.2,20.15,20.9,19.7,20.7,20.75,20.34,118642,2413372.65,845.0,50361.0,42.45
ITI,EQ,27-Apr-2015,21.9,22.45,22.45,20.1,20.1,20.2,20.72,171015,3543909.7,964.0,80608.0,47.14
ITI,EQ,24-Apr-2015,22.6,22.65,23.15,21.65,21.8,21.9,22.3,78151,1742525.95,483.0,39737.0,50.85
ITI,EQ,23-Apr-2015,22.85,23.7,23.7,22.45,22.75,22.6,23.07,98226,2266115.75,526.0,37014.0,37.68
ITI,EQ,22-Apr-2015,23.2,23.2,23.7,22.65,22.75,22.85,23.14,76975,1781154.05,447.0,24957.0,32.42
ITI,EQ,21-Apr-2015,23.65,23.3,23.95,23.1,23.2,23.2,23.52,73013,1717358.75,421.0,20408.0,27.95
ITI,EQ,20-Apr-2015,23.5,23.7,24.4,23.25,23.7,23.65,23.81,210038,5001599.2,904.0,95535.0,45.48
ITI,EQ,17-Apr-2015,23.9,23.7,24.05,23.45,23.45,23.5,23.59,104253,2459385.85,844.0,54934.0,52.69
ITI,EQ,16-Apr-2015,24.55,25.0,25.45,23.65,23.85,23.9,24.56,219706,5395217.0,1597.0,69745.0,31.74
ITI,EQ,15-Apr-2015,24.45,24.5,25.45,24.2,24.6,24.55,24.84,158985,3949541.45,729.0,61749.0,38.84
ITI,EQ,13-Apr-2015,24.4,24.5,25.2,24.3,24.3,24.45,24.78,166874,4134356.05,996.0,67451.0,40.42
ITI,EQ,10-Apr-2015,24.2,24.3,25.3,24.15,24.45,24.4,24.57,269530,6622059.6,1443.0,64243.0,23.84
ITI,EQ,09-Apr-2015,24.8,24.9,25.0,23.1,24.15,24.2,24.14,386139,9320173.65,1854.0,118230.0,30.62
ITI,EQ,08-Apr-2015,23.8,23.95,24.95,23.95,24.85,24.8,24.62,274204,6752079.15,1664.0,135694.0,49.49
ITI,EQ,07-Apr-2015,22.75,22.85,24.0,22.85,23.75,23.8,23.53,277177,6521813.8,1365.0,97466.0,35.16
ITI,EQ,06-Apr-2015,21.75,21.4,23.95,21.4,22.75,22.75,22.75,256808,5841501.9,2308.0,92779.0,36.13
ITI,EQ,01-Apr-2015,20.15,20.45,22.25,20.2,21.8,21.75,21.15,321762,6804219.35,2042.0,170745.0,53.07
ITI,EQ,31-Mar-2015,20.55,20.25,21.15,20.0,20.0,20.15,20.68,274241,5672657.3,1247.0,116425.0,42.45
ITI,EQ,30-Mar-2015,19.45,20.2,20.8,19.55,20.6,20.55,20.36,232793,4740426.0,1488.0,89201.0,38.32
ITI,EQ,27-Mar-2015,20.55,20.5,21.2,19.05,19.2,19.45,19.95,224970,4488723.85,1376.0,85782.0,38.13
ITI,EQ,26-Mar-2015,21.75,21.7,21.75,20.25,20.6,20.55,20.72,158502,3284196.95,1060.0,66006.0,41.64
ITI,EQ,25-Mar-2015,22.9,22.8,22.95,21.55,21.65,21.75,22.22,147222,3271650.55,985.0,69064.0,46.91
ITI,EQ,24-Mar-2015,23.1,23.25,24.0,22.75,22.9,22.9,23.44,184587,4326012.9,1155.0,73981.0,40.08
ITI,EQ,23-Mar-2015,23.7,24.1,24.2,23.0,23.15,23.1,23.45,89627,2101882.7,643.0,45105.0,50.33
ITI,EQ,20-Mar-2015,25.0,25.0,25.0,23.5,23.65,23.7,24.08,212582,5118198.5,1202.0,88351.0,41.56
ITI,EQ,19-Mar-2015,26.4,26.35,26.95,24.75,24.75,25.0,26.01,484242,12592949.15,2518.0,140606.0,29.04
ITI,EQ,18-Mar-2015,24.05,24.5,27.2,23.7,25.9,26.4,26.14,1615625,42240482.1,6828.0,246725.0,15.27
ITI,EQ,17-Mar-2015,24.15,24.2,24.45,23.15,23.9,24.05,23.98,122430,2935272.7,935.0,50915.0,41.59
ITI,EQ,16-Mar-2015,24.4,24.55,25.25,24.1,24.2,24.15,24.6,148872,3662297.4,898.0,87935.0,59.07
ITI,EQ,13-Mar-2015,24.35,24.5,25.25,24.15,24.4,24.4,24.67,218697,5395317.05,1414.0,74439.0,34.04
ITI,EQ,12-Mar-2015,23.7,23.95,24.45,23.6,24.45,24.35,24.1,253661,6113484.7,1678.0,97475.0,38.43
ITI,EQ,11-Mar-2015,26.4,26.25,26.5,23.15,23.85,23.7,24.33,655635,15948347.6,3806.0,194776.0,29.71
ITI,EQ,10-Mar-2015,26.7,26.9,27.4,26.2,26.3,26.4,26.74,269465,7204159.65,1396.0,86316.0,32.03
ITI,EQ,09-Mar-2015,27.05,27.1,27.3,26.2,26.5,26.7,26.73,192163,5137277.05,1678.0,94706.0,49.28
ITI,EQ,05-Mar-2015,27.3,27.6,27.6,26.45,27.3,27.05,27.01,241340,6517904.25,1261.0,92841.0,38.47
ITI,EQ,04-Mar-2015,28.25,28.4,28.55,27.0,27.3,27.3,27.83,311005,8655482.2,1674.0,126713.0,40.74
ITI,EQ,03-Mar-2015,27.75,28.0,28.6,27.35,28.2,28.25,28.19,294927,8313347.75,1303.0,92987.0,31.53
ITI,EQ,02-Mar-2015,29.35,29.6,29.7,26.7,27.85,27.75,28.27,497026,14048561.85,2577.0,233613.0,47.0
ITI,EQ,28-Feb-2015,31.4,31.7,32.45,29.05,29.35,29.35,30.56,906637,27703815.75,4512.0,322503.0,35.57
ITI,EQ,27-Feb-2015,30.0,30.1,32.15,29.9,31.3,31.4,31.29,981293,30704528.95,3690.0,215429.0,21.95
ITI,EQ,26-Feb-2015,31.15,31.35,31.4,29.8,30.1,30.0,30.4,274505,8344036.75,1580.0,140470.0,51.17
ITI,EQ,25-Feb-2015,31.3,31.5,32.15,30.8,31.35,31.15,31.47,388095,12212147.8,1974.0,115908.0,29.87
ITI,EQ,24-Feb-2015,31.1,31.5,32.25,30.9,31.3,31.3,31.53,427075,13464280.2,1729.0,79534.0,18.62
ITI,EQ,23-Feb-2015,31.8,32.0,32.4,30.9,31.15,31.1,31.7,300204,9517491.25,1064.0,148596.0,49.5
ITI,EQ,20-Feb-2015,32.75,32.75,32.95,31.6,31.65,31.8,32.18,367902,11838379.15,1596.0,139059.0,37.8
ITI,EQ,19-Feb-2015,31.8,32.1,34.0,31.85,32.6,32.75,33.02,1106520,36537989.4,4281.0,246868.0,22.31
ITI,EQ,18-Feb-2015,31.55,31.9,32.65,31.5,31.8,31.8,32.05,398260,12766080.65,1938.0,166414.0,41.79
ITI,EQ,16-Feb-2015,32.7,32.45,32.65,31.3,31.6,31.55,31.91,239793,7651325.35,1060.0,129649.0,54.07
ITI,EQ,13-Feb-2015,32.5,32.3,33.4,31.75,31.9,32.7,32.64,485652,15853104.35,2084.0,156114.0,32.15
ITI,EQ,12-Feb-2015,32.1,32.5,33.5,32.35,32.4,32.5,32.83,409504,13445007.9,1915.0,136952.0,33.44
ITI,EQ,11-Feb-2015,31.45,31.5,32.65,31.5,32.5,32.1,31.98,229505,7340505.75,1213.0,72772.0,31.71
ITI,EQ,10-Feb-2015,31.45,31.45,32.25,31.15,31.3,31.45,31.65,126998,4019327.7,643.0,34498.0,27.16
ITI,EQ,09-Feb-2015,31.9,31.5,32.7,31.3,31.4,31.45,31.76,174022,5527578.2,866.0,61898.0,35.57
ITI,EQ,06-Feb-2015,32.8,33.0,33.0,31.65,32.0,31.9,32.02,184761,5916741.3,861.0,90231.0,48.84
ITI,EQ,05-Feb-2015,33.6,33.4,33.9,32.3,32.7,32.8,33.35,170644,5690340.9,944.0,75735.0,44.38
ITI,EQ,04-Feb-2015,33.35,33.85,34.5,33.05,33.8,33.6,33.74,347263,11717890.85,1697.0,95228.0,27.42
ITI,EQ,03-Feb-2015,34.45,34.5,34.8,33.25,33.25,33.35,33.91,263554,8936181.35,1260.0,112778.0,42.79
ITI,EQ,02-Feb-2015,33.55,33.55,34.8,33.05,34.35,34.45,34.11,487268,16619665.85,2647.0,142961.0,29.34
ITI,EQ,30-Jan-2015,34.7,34.75,34.75,33.35,33.6,33.55,33.89,315393,10690018.05,1731.0,121778.0,38.61
ITI,EQ,29-Jan-2015,33.6,34.5,35.8,34.5,34.7,34.7,34.99,2058643,72038765.7,9257.0,581033.0,28.22
ITI,EQ,28-Jan-2015,31.15,31.05,33.95,30.85,33.7,33.6,32.8,941861,30893515.9,5378.0,325518.0,34.56
ITI,EQ,27-Jan-2015,31.8,32.4,32.4,30.9,31.05,31.15,31.47,223623,7038026.3,1126.0,101524.0,45.4
ITI,EQ,23-Jan-2015,31.9,32.1,32.8,31.4,32.05,31.8,31.86,288696,9196904.45,1442.0,132315.0,45.83
ITI,EQ,22-Jan-2015,31.75,32.05,32.6,31.0,31.9,31.9,31.93,683601,21828529.8,3401.0,133693.0,19.56
ITI,EQ,21-Jan-2015,32.35,32.7,33.5,31.3,31.95,31.75,31.97,711494,22748115.0,3372.0,216997.0,30.5
ITI,EQ,20-Jan-2015,33.9,34.45,34.45,32.15,32.3,32.35,33.24,548569,18232210.35,2791.0,231436.0,42.19
ITI,EQ,19-Jan-2015,34.35,34.6,35.2,33.45,33.9,33.9,34.25,686429,23510363.7,3438.0,176516.0,25.72
ITI,EQ,16-Jan-2015,35.1,34.7,36.6,34.05,34.45,34.35,35.44,1186806,42065965.1,7284.0,326424.0,27.5
ITI,EQ,15-Jan-2015,36.7,37.7,37.75,34.1,34.85,35.1,35.61,1274023,45374305.5,7055.0,446493.0,35.05
ITI,EQ,14-Jan-2015,33.45,33.8,37.25,33.6,36.85,36.7,36.04,3477150,125319244.7,16710.0,624099.0,17.95
ITI,EQ,13-Jan-2015,30.75,30.85,34.8,30.85,33.3,33.45,33.62,3887890,130691854.65,17829.0,788304.0,20.28
ITI,EQ,12-Jan-2015,30.2,30.2,31.55,30.0,30.65,30.75,31.04,622782,19330684.3,3139.0,168059.0,26.99
ITI,EQ,09-Jan-2015,31.1,31.7,31.7,30.1,30.25,30.2,30.86,510204,15744990.95,2686.0,204886.0,40.16
ITI,EQ,08-Jan-2015,29.0,29.65,32.3,29.5,30.95,31.1,31.24,2422559,75690086.35,10656.0,416492.0,17.19
ITI,EQ,07-Jan-2015,29.65,29.75,30.85,28.7,29.3,29.0,29.79,374460,11154671.05,2333.0,110092.0,29.4
ITI,EQ,06-Jan-2015,29.15,29.25,31.6,28.2,29.5,29.65,30.36,2383289,72346040.6,11690.0,356998.0,14.98
ITI,EQ,05-Jan-2015,29.25,29.35,29.9,29.0,29.2,29.15,29.44,250095,7362038.55,1192.0,78585.0,31.42
ITI,EQ,02-Jan-2015,28.8,28.95,30.25,28.95,29.15,29.25,29.66,662242,19641857.6,2906.0,135596.0,20.48
ITI,EQ,01-Jan-2015,28.55,28.35,29.35,28.35,28.7,28.8,28.81,147964,4263215.7,1006.0,54723.0,36.98
ITI,EQ,31-Dec-2014,28.55,28.75,29.4,28.25,28.4,28.55,28.81,162571,4684293.25,991.0,56858.0,34.97
ITI,EQ,29-Dec-2016,43.7,45.0,45.85,44.4,45.6,45.6,45.19,1080758,48840127.65,6760.0,308572.0,28.55
ITI,EQ,28-Dec-2016,44.5,44.7,45.2,43.4,43.7,43.7,44.4,562510,24976760.7,3607.0,172793.0,30.72
ITI,EQ,27-Dec-2016,43.45,44.2,45.15,43.6,44.7,44.5,44.42,954654,42401594.2,5540.0,185217.0,19.4
ITI,EQ,26-Dec-2016,43.0,42.7,45.8,42.55,43.3,43.45,44.42,1199889,53303732.5,6043.0,301225.0,25.1
ITI,EQ,23-Dec-2016,42.1,42.0,44.4,41.1,42.7,43.0,42.76,981530,41971521.55,5410.0,200988.0,20.48
ITI,EQ,22-Dec-2016,43.85,43.95,44.5,41.65,41.8,42.1,42.82,613746,26281607.0,4683.0,205721.0,33.52
ITI,EQ,21-Dec-2016,44.3,44.6,45.25,43.3,44.15,43.85,44.1,610589,26929609.95,4525.0,137178.0,22.47
ITI,EQ,20-Dec-2016,45.45,45.9,46.75,43.6,44.0,44.3,45.19,750674,33924929.3,4297.0,242391.0,32.29
ITI,EQ,19-Dec-2016,44.75,44.7,46.8,44.35,45.75,45.45,45.61,655238,29888187.3,4906.0,182303.0,27.82
ITI,EQ,16-Dec-2016,46.1,46.95,46.95,43.95,45.15,44.75,44.98,943977,42458642.35,6410.0,243837.0,25.83
ITI,EQ,15-Dec-2016,45.85,44.9,48.1,44.6,46.5,46.1,46.49,1050523,48837032.5,5806.0,246110.0,23.43
ITI,EQ,14-Dec-2016,49.55,48.65,49.15,45.6,45.9,45.85,47.14,1304698,61502204.85,7717.0,449227.0,34.43
ITI,EQ,13-Dec-2016,52.8,53.0,54.35,48.9,49.25,49.55,51.22,2311272,118379398.5,13908.0,762461.0,32.99
ITI,EQ,12-Dec-2016,49.0,49.0,53.7,48.0,52.6,52.8,52.05,4113858,214109085.0,19422.0,814768.0,19.81
ITI,EQ,09-Dec-2016,41.5,41.75,49.8,41.75,48.6,49.0,46.43,8107993,376455385.0,30848.0,1283712.0,15.83
ITI,EQ,08-Dec-2016,39.25,39.6,42.25,39.05,41.75,41.5,40.91,2238666,91577013.7,9189.0,648434.0,28.97
ITI,EQ,07-Dec-2016,36.8,37.1,40.85,37.0,39.15,39.25,39.13,2277924,89130008.1,10464.0,446011.0,19.58
ITI,EQ,06-Dec-2016,37.15,37.9,38.35,36.3,36.65,36.8,37.62,387708,14584612.6,3090.0,149962.0,38.68
ITI,EQ,05-Dec-2016,36.1,36.65,38.5,36.25,37.45,37.15,37.43,553456,20714921.15,3483.0,234236.0,42.32
ITI,EQ,02-Dec-2016,36.6,36.1,37.95,35.7,36.25,36.1,36.86,1093997,40319888.9,6767.0,353160.0,32.28
ITI,EQ,01-Dec-2016,34.05,34.1,37.6,32.85,36.45,36.6,36.02,2011934,72467836.65,8578.0,530523.0,26.37
ITI,EQ,30-Nov-2016,33.5,33.8,34.65,33.1,34.2,34.05,33.96,408947,13889055.2,2731.0,170466.0,41.68
ITI,EQ,29-Nov-2016,31.5,33.75,34.6,32.8,33.55,33.5,33.8,956763,32335433.75,5465.0,340154.0,35.55
ITI,EQ,28-Nov-2016,30.4,31.0,31.85,30.0,31.8,31.5,31.04,295070,9160227.55,1608.0,117781.0,39.92
ITI,EQ,25-Nov-2016,29.6,29.8,30.9,29.5,30.5,30.4,30.34,179141,5435225.0,1048.0,71584.0,39.96
ITI,EQ,24-Nov-2016,29.2,29.4,31.05,29.25,29.55,29.6,30.05,417164,12534793.2,2096.0,142957.0,34.27
ITI,EQ,23-Nov-2016,28.95,29.35,29.7,28.95,29.1,29.2,29.17,61464,1792689.55,415.0,28246.0,45.96
ITI,EQ,22-Nov-2016,29.1,29.25,29.5,28.7,28.7,28.95,28.99,61393,1779703.1,416.0,37942.0,61.8
ITI,EQ,21-Nov-2016,29.1,29.7,29.85,29.0,29.1,29.1,29.37,159388,4681714.95,806.0,62619.0,39.29
ITI,EQ,18-Nov-2016,29.2,29.5,29.5,28.65,29.0,29.1,29.04,120487,3498490.8,780.0,58205.0,48.31
ITI,EQ,17-Nov-2016,29.9,30.0,30.1,28.45,29.15,29.2,29.33,225602,6617273.9,1138.0,82909.0,36.75
ITI,EQ,16-Nov-2016,30.05,30.65,31.1,29.6,29.85,29.9,30.16,195868,5907461.8,915.0,94629.0,48.31
ITI,EQ,15-Nov-2016,32.7,32.4,32.4,29.7,30.1,30.05,30.48,405911,12372073.2,1582.0,152265.0,37.51
ITI,EQ,11-Nov-2016,34.1,33.4,34.3,32.25,32.45,32.7,33.33,650280,21674559.1,4276.0,219679.0,33.78
ITI,EQ,10-Nov-2016,30.05,31.4,35.5,30.7,34.05,34.1,34.09,3509498,119651917.45,11770.0,548490.0,15.63
ITI,EQ,09-Nov-2016,31.2,27.0,30.5,27.0,30.45,30.05,29.09,375454,10921361.65,1289.0,182510.0,48.61
ITI,EQ,08-Nov-2016,31.35,31.75,32.4,31.1,31.2,31.2,31.53,229572,7237832.25,1140.0,101627.0,44.27
ITI,EQ,07-Nov-2016,30.65,31.25,31.5,30.8,31.5,31.35,31.25,179191,5598867.65,790.0,82804.0,46.21
ITI,EQ,04-Nov-2016,32.15,32.8,32.8,30.25,30.55,30.65,30.97,308010,9538497.95,1453.0,143123.0,46.47
ITI,EQ,03-Nov-2016,33.15,33.45,34.3,31.8,32.1,32.15,33.19,471204,15637559.7,2495.0,213597.0,45.33
ITI,EQ,02-Nov-2016,33.7,33.0,34.2,32.1,33.15,33.15,33.19,1089823,36174360.2,4611.0,360087.0,33.04
ITI,EQ,01-Nov-2016,30.7,32.45,35.9,32.1,33.7,33.7,34.37,3202275,110050140.95,13582.0,941582.0,29.4
ITI,EQ,30-Oct-2016,30.2,30.45,31.0,30.2,30.6,30.7,30.69,275282,8447561.65,623.0,143464.0,52.12
ITI,EQ,28-Oct-2016,31.0,31.0,31.25,30.05,30.05,30.2,30.5,197705,6029397.2,1142.0,118818.0,60.1
ITI,EQ,27-Oct-2016,29.6,29.85,32.1,29.55,31.35,31.0,31.16,1098511,34228342.4,5004.0,340018.0,30.95
ITI,EQ,26-Oct-2016,30.2,30.4,30.4,29.55,29.7,29.6,29.92,215782,6455740.4,1086.0,61149.0,28.34
ITI,EQ,25-Oct-2016,30.7,30.5,30.9,30.1,30.2,30.2,30.42,419347,12756876.0,2377.0,113650.0,27.1
ITI,EQ,24-Oct-2016,30.1,30.8,31.4,30.5,30.75,30.7,30.82,954033,29406466.7,3962.0,372872.0,39.08
ITI,EQ,21-Oct-2016,29.35,29.4,30.4,28.75,30.15,30.1,29.63,622289,18438737.55,2228.0,227567.0,36.57
ITI,EQ,20-Oct-2016,29.7,29.9,30.75,29.0,29.25,29.35,29.61,558025,16521935.5,1812.0,148750.0,26.66
ITI,EQ,19-Oct-2016,28.3,28.05,30.7,28.05,30.0,29.7,29.3,863913,25308990.6,2690.0,386981.0,44.79
ITI,EQ,18-Oct-2016,27.0,27.6,28.45,27.2,28.25,28.3,27.77,692817,19242934.85,2706.0,168640.0,24.34
ITI,EQ,17-Oct-2016,27.7,27.75,27.75,26.9,26.9,27.0,27.35,186038,5089033.95,653.0,68197.0,36.66
ITI,EQ,14-Oct-2016,26.6,26.6,27.95,26.6,27.9,27.7,27.22,343837,9360840.75,1361.0,103615.0,30.13
ITI,EQ,13-Oct-2016,26.9,26.65,27.0,26.55,26.6,26.6,26.79,157331,4215476.7,893.0,34165.0,21.72
ITI,EQ,10-Oct-2016,27.1,27.2,27.3,26.8,27.0,26.9,27.0,59352,1602263.5,259.0,39654.0,66.81
ITI,EQ,07-Oct-2016,26.9,27.1,27.4,26.8,27.1,27.1,27.04,64736,1750378.1,293.0,32827.0,50.71
ITI,EQ,06-Oct-2016,27.75,27.85,27.85,26.65,26.95,26.9,27.23,363212,9890731.15,1174.0,189931.0,52.29
ITI,EQ,05-Oct-2016,27.6,27.65,28.25,27.5,27.75,27.75,27.77,148427,4121820.75,627.0,58468.0,39.39
ITI,EQ,04-Oct-2016,27.45,27.6,28.1,27.4,27.75,27.6,27.73,115337,3198711.6,461.0,59851.0,51.89
ITI,EQ,03-Oct-2016,27.15,27.55,27.7,27.25,27.6,27.45,27.39,222484,6094195.15,663.0,140857.0,63.31
ITI,EQ,30-Sep-2016,26.5,26.5,27.3,26.25,27.05,27.15,26.89,165790,4458835.45,899.0,57508.0,34.69
ITI,EQ,29-Sep-2016,28.95,29.2,29.2,26.2,26.5,26.5,27.53,292977,8066668.35,1277.0,158473.0,54.09
ITI,EQ,28-Sep-2016,29.3,29.9,29.9,28.8,28.8,28.95,29.29,247754,7257139.0,1356.0,64752.0,26.14
ITI,EQ,27-Sep-2016,28.2,30.15,30.25,29.05,29.15,29.3,29.55,771620,22798962.5,3541.0,265185.0,34.37
ITI,EQ,26-Sep-2016,28.5,28.5,28.85,26.85,28.65,28.2,27.94,424430,11858106.1,1836.0,172857.0,40.73
ITI,EQ,23-Sep-2016,28.8,28.8,28.95,28.45,28.55,28.5,28.65,95803,2744856.9,524.0,37252.0,38.88
ITI,EQ,22-Sep-2016,28.5,28.75,28.95,28.4,28.85,28.8,28.7,212457,6097338.6,1869.0,48652.0,22.9
ITI,EQ,21-Sep-2016,28.35,28.3,29.3,28.3,28.6,28.5,28.7,241621,6933645.6,1178.0,67258.0,27.84
ITI,EQ,20-Sep-2016,28.55,28.5,28.8,28.2,28.4,28.35,28.41,96447,2740511.35,546.0,44668.0,46.31
ITI,EQ,19-Sep-2016,28.6,28.6,28.75,28.5,28.6,28.55,28.61,96319,2755918.55,356.0,49582.0,51.48
ITI,EQ,16-Sep-2016,28.8,29.0,29.3,28.5,28.6,28.6,28.9,156394,4519979.95,897.0,58937.0,37.68
ITI,EQ,15-Sep-2016,28.9,29.1,29.15,28.7,28.85,28.8,28.9,88078,2545287.35,364.0,36900.0,41.89
ITI,EQ,14-Sep-2016,28.7,28.7,29.25,28.7,29.0,28.9,28.96,86290,2498642.15,453.0,43818.0,50.78
ITI,EQ,12-Sep-2016,29.6,29.05,29.25,28.55,28.75,28.7,28.87,113829,3285727.0,574.0,59145.0,51.96
ITI,EQ,09-Sep-2016,29.8,29.9,30.2,29.5,29.65,29.6,29.82,178206,5313869.75,1024.0,70336.0,39.47
ITI,EQ,08-Sep-2016,29.6,29.7,30.5,29.6,29.85,29.8,30.0,297351,8919284.2,1620.0,87283.0,29.35
ITI,EQ,07-Sep-2016,29.4,29.55,30.2,29.1,29.8,29.6,29.64,253866,7523554.35,1464.0,68974.0,27.17
ITI,EQ,06-Sep-2016,29.6,29.8,29.8,29.25,29.55,29.4,29.43,110924,3264184.25,682.0,52490.0,47.32
ITI,EQ,02-Sep-2016,29.05,30.05,30.8,29.3,29.7,29.6,30.02,573836,17224198.45,3440.0,200808.0,34.99
ITI,EQ,01-Sep-2016,29.35,29.25,29.75,28.9,29.0,29.05,29.38,167738,4928277.55,1047.0,63456.0,37.83
ITI,EQ,31-Aug-2016,29.45,29.5,29.95,29.2,29.3,29.35,29.5,255256,7530813.4,1496.0,90115.0,35.3
ITI,EQ,30-Aug-2016,28.9,29.4,29.75,29.2,29.55,29.45,29.46,334437,9853944.5,2043.0,93359.0,27.92
ITI,EQ,29-Aug-2016,29.25,29.25,29.3,28.6,28.85,28.9,28.93,140524,4065818.0,711.0,59075.0,42.04
ITI,EQ,26-Aug-2016,29.5,29.4,29.95,29.15,29.25,29.25,29.42,144597,4254357.95,656.0,66143.0,45.74
ITI,EQ,25-Aug-2016,30.15,30.25,30.4,29.4,29.6,29.5,29.86,218855,6535892.3,1244.0,70996.0,32.44
ITI,EQ,24-Aug-2016,29.6,30.2,30.45,29.9,30.2,30.15,30.12,412154,12412292.15,2189.0,92062.0,22.34
ITI,EQ,23-Aug-2016,30.2,30.2,30.4,29.15,29.55,29.6,29.79,276499,8236967.8,1405.0,76784.0,27.77
ITI,EQ,22-Aug-2016,30.2,30.15,30.9,29.55,30.25,30.2,30.28,311491,9430499.65,1756.0,109558.0,35.17
ITI,EQ,19-Aug-2016,30.3,30.3,31.2,29.5,30.0,30.2,30.2,723085,21836142.95,3418.0,121042.0,16.74
ITI,EQ,18-Aug-2016,31.05,31.2,31.45,29.7,30.2,30.3,30.34,291901,8855499.75,1557.0,123677.0,42.37
ITI,EQ,17-Aug-2016,28.5,30.4,32.8,30.4,31.2,31.05,31.57,2717305,85793024.0,12097.0,591551.0,21.77
ITI,EQ,16-Aug-2016,27.55,27.85,28.9,27.8,28.85,28.5,28.3,456428,12914713.9,2427.0,149142.0,32.68
ITI,EQ,12-Aug-2016,29.15,28.55,28.65,27.3,27.8,27.55,27.98,432730,12107835.25,1909.0,183910.0,42.5
ITI,EQ,11-Aug-2016,29.95,29.9,30.45,28.8,28.9,29.15,29.68,338901,10060142.4,1515.0,121537.0,35.86
ITI,EQ,10-Aug-2016,29.8,29.8,30.6,29.05,29.8,29.95,29.82,372793,11117570.6,1488.0,107669.0,28.88
ITI,EQ,09-Aug-2016,28.8,29.5,30.35,29.15,29.7,29.8,29.76,1160601,34537611.25,5341.0,365031.0,31.45
ITI,EQ,08-Aug-2016,27.7,27.95,29.5,27.6,29.5,28.8,28.5,277392,7906018.3,1339.0,176946.0,63.79
ITI,EQ,05-Aug-2016,27.75,27.85,28.3,27.55,27.7,27.7,27.78,160072,4446191.0,618.0,83533.0,52.18
ITI,EQ,04-Aug-2016,27.15,27.75,28.2,27.3,27.85,27.75,27.66,268450,7425315.95,1358.0,79837.0,29.74
ITI,EQ,03-Aug-2016,27.65,27.7,27.8,27.05,27.15,27.15,27.31,99960,2729794.65,610.0,41760.0,41.78
ITI,EQ,02-Aug-2016,27.8,27.8,28.4,27.5,27.7,27.65,27.82,99678,2772563.3,513.0,47522.0,47.68
ITI,EQ,01-Aug-2016,28.0,28.2,28.45,27.7,27.8,27.8,28.03,143997,4035998.95,733.0,59079.0,41.03
ITI,EQ,29-Jul-2016,28.8,28.9,29.05,27.6,28.0,28.0,28.34,230115,6522510.65,1027.0,124180.0,53.96
ITI,EQ,28-Jul-2016,28.75,29.15,29.25,28.6,28.75,28.8,28.92,193602,5598624.7,839.0,75482.0,38.99
ITI,EQ,27-Jul-2016,28.95,29.2,29.35,28.65,28.8,28.75,28.96,173689,5029960.95,686.0,68831.0,39.63
ITI,EQ,26-Jul-2016,29.6,29.7,29.85,28.75,28.95,28.95,29.39,248842,7313622.2,1051.0,110188.0,44.28
ITI,EQ,25-Jul-2016,29.55,29.75,29.9,29.1,29.7,29.6,29.45,368587,10854010.9,1813.0,89815.0,24.37
ITI,EQ,22-Jul-2016,29.65,29.8,29.95,29.45,29.6,29.55,29.65,219806,6516706.6,953.0,97651.0,44.43
ITI,EQ,21-Jul-2016,29.8,29.8,30.3,29.5,29.65,29.65,29.87,340314,10165144.4,1662.0,113197.0,33.26
ITI,EQ,20-Jul-2016,29.65,29.5,30.6,29.1,29.7,29.8,29.82,701347,20911652.3,2692.0,128198.0,18.28
ITI,EQ,19-Jul-2016,30.7,30.8,30.9,29.3,29.6,29.65,29.88,418765,12511826.4,1952.0,160149.0,38.24
ITI,EQ,18-Jul-2016,31.7,31.75,32.25,30.5,30.55,30.7,31.37,431247,13526273.7,1806.0,158190.0,36.68
ITI,EQ,15-Jul-2016,32.85,32.8,33.3,31.4,31.4,31.7,32.14,684382,21996463.35,2961.0,218948.0,31.99
ITI,EQ,14-Jul-2016,34.15,33.95,34.6,32.3,32.9,32.85,33.46,2457092,82220945.15,10028.0,673906.0,27.43
ITI,EQ,13-Jul-2016,28.85,28.85,34.6,28.65,34.3,34.15,32.72,11468252,375283282.4,31301.0,1434713.0,12.51
ITI,EQ,12-Jul-2016,28.55,29.2,29.4,28.6,28.9,28.85,28.89,299194,8643970.75,1495.0,79127.0,26.45
ITI,EQ,11-Jul-2016,28.6,28.7,29.05,28.5,28.6,28.55,28.72,144832,4158886.1,701.0,68650.0,47.4
ITI,EQ,08-Jul-2016,29.0,29.25,29.25,28.45,28.5,28.6,28.78,127859,3679219.05,626.0,68854.0,53.85
ITI,EQ,07-Jul-2016,28.9,29.1,29.65,28.7,29.0,29.0,29.17,320482,9348700.4,1354.0,76989.0,24.02
ITI,EQ,05-Jul-2016,28.9,29.0,29.8,28.75,29.0,28.9,29.32,483925,14189732.9,2014.0,135151.0,27.93
ITI,EQ,04-Jul-2016,28.85,29.25,29.25,28.75,28.85,28.9,28.98,146241,4237829.2,683.0,60864.0,41.62
ITI,EQ,01-Jul-2016,29.0,29.2,29.4,28.5,28.8,28.85,29.01,211091,6124426.5,1114.0,68477.0,32.44
ITI,EQ,30-Jun-2016,28.45,29.7,30.25,28.65,29.0,29.0,29.46,1154073,34000888.3,5226.0,366313.0,31.74
ITI,EQ,29-Jun-2016,27.55,27.75,28.6,27.6,28.4,28.45,28.28,434511,12288240.2,1833.0,202521.0,46.61
ITI,EQ,28-Jun-2016,27.15,27.05,28.35,27.05,27.45,27.55,27.68,427608,11836458.2,1742.0,123063.0,28.78
ITI,EQ,27-Jun-2016,26.75,26.8,27.5,26.8,27.25,27.15,27.13,87608,2376436.25,565.0,35449.0,40.46
ITI,EQ,24-Jun-2016,27.75,27.0,27.05,26.1,26.7,26.75,26.65,249969,6662903.5,995.0,114682.0,45.88
ITI,EQ,23-Jun-2016,27.3,28.0,28.45,27.45,27.75,27.75,27.86,556161,15494603.3,2812.0,120792.0,21.72
ITI,EQ,22-Jun-2016,27.45,27.7,28.3,27.25,27.4,27.3,27.65,173573,4799544.9,896.0,54428.0,31.36
ITI,EQ,21-Jun-2016,27.45,27.4,28.35,27.35,27.45,27.45,27.68,117421,3249833.3,680.0,53976.0,45.97
ITI,EQ,20-Jun-2016,27.95,27.9,27.9,26.95,27.5,27.45,27.43,220003,6033668.3,943.0,86020.0,39.1
ITI,EQ,17-Jun-2016,28.35,28.6,28.65,27.7,27.95,27.95,28.15,171972,4841454.8,621.0,76494.0,44.48
ITI,EQ,16-Jun-2016,28.95,28.65,28.95,28.0,28.5,28.35,28.44,218783,6222845.2,1010.0,72900.0,33.32
ITI,EQ,15-Jun-2016,29.1,28.9,29.85,28.6,28.8,28.95,29.15,383822,11187634.95,1733.0,121445.0,31.64
ITI,EQ,14-Jun-2016,27.9,28.9,29.6,28.7,29.15,29.1,29.12,854316,24878094.0,3716.0,209769.0,24.55
ITI,EQ,13-Jun-2016,28.4,28.0,28.9,27.5,27.85,27.9,27.99,297295,8321466.0,1416.0,87193.0,29.33
ITI,EQ,10-Jun-2016,28.9,28.55,29.85,28.1,28.4,28.4,28.91,504755,14594763.3,2042.0,149208.0,29.56
ITI,EQ,09-Jun-2016,27.2,27.4,30.25,27.2,28.8,28.9,29.13,1772946,51645179.0,6896.0,398336.0,22.47
ITI,EQ,08-Jun-2016,27.35,27.5,28.0,27.05,27.2,27.2,27.5,223583,6148732.25,703.0,102170.0,45.7
ITI,EQ,07-Jun-2016,27.7,27.85,28.25,27.2,27.4,27.35,27.66,281500,7786177.9,1056.0,73009.0,25.94
ITI,EQ,06-Jun-2016,27.6,27.6,28.25,26.9,27.9,27.7,27.66,265953,7355621.15,1330.0,123550.0,46.46
ITI,EQ,03-Jun-2016,28.25,28.8,28.8,27.1,27.45,27.6,27.87,485054,13516349.45,2014.0,193561.0,39.91
ITI,EQ,02-Jun-2016,30.5,30.95,31.4,27.85,28.3,28.25,29.64,2077235,61562093.5,8547.0,737393.0,35.5
ITI,EQ,01-Jun-2016,25.45,26.4,30.5,25.7,30.5,30.5,29.14,3735965,108851543.25,9425.0,846226.0,22.65
ITI,EQ,31-May-2016,26.05,26.2,26.4,25.3,25.5,25.45,25.68,143507,3685177.6,840.0,60378.0,42.07
ITI,EQ,30-May-2016,25.45,25.5,26.75,25.5,25.9,26.05,26.16,270163,7067564.9,1157.0,89856.0,33.26
ITI,EQ,27-May-2016,25.35,25.5,25.75,25.2,25.35,25.45,25.46,78561,2000128.45,533.0,41681.0,53.06
ITI,EQ,26-May-2016,25.7,25.45,25.8,25.0,25.8,25.35,25.3,164122,4151489.05,726.0,65061.0,39.64
ITI,EQ,25-May-2016,26.6,26.5,26.85,25.5,25.5,25.7,26.05,145274,3783712.35,767.0,48947.0,33.69
ITI,EQ,24-May-2016,26.05,26.95,27.3,25.8,26.3,26.6,26.51,744258,19730991.6,3516.0,233594.0,31.39
ITI,EQ,23-May-2016,24.3,24.75,26.45,24.1,26.45,26.05,25.41,517540,13148348.25,3233.0,186800.0,36.09
ITI,EQ,20-May-2016,24.75,24.8,24.8,24.15,24.25,24.3,24.4,131502,3208890.85,555.0,60206.0,45.78
ITI,EQ,19-May-2016,25.05,24.95,25.25,24.55,24.65,24.75,24.88,97505,2426186.3,526.0,48494.0,49.73
ITI,EQ,18-May-2016,25.25,25.0,25.35,24.85,25.15,25.05,25.04,65503,1640098.55,420.0,18953.0,28.93
ITI,EQ,17-May-2016,25.05,25.25,25.7,24.9,25.2,25.25,25.27,121722,3075836.45,608.0,38595.0,31.71
ITI,EQ,16-May-2016,25.35,25.3,25.5,24.75,25.05,25.05,25.05,81490,2041229.55,531.0,38106.0,46.76
ITI,EQ,13-May-2016,25.35,25.4,25.7,25.05,25.3,25.35,25.31,116903,2959278.95,553.0,44842.0,38.36
ITI,EQ,12-May-2016,25.25,25.3,26.0,25.25,25.4,25.35,25.52,153220,3910389.75,803.0,52231.0,34.09
ITI,EQ,11-May-2016,25.85,25.1,25.8,25.05,25.1,25.25,25.3,145214,3673778.5,753.0,71743.0,49.41
ITI,EQ,10-May-2016,25.65,25.5,26.35,25.5,25.8,25.85,25.84,142614,3685435.2,778.0,49235.0,34.52
ITI,EQ,09-May-2016,26.8,27.2,27.2,25.3,25.95,25.65,26.01,365429,9503044.25,2082.0,138256.0,37.83
ITI,EQ,06-May-2016,24.65,24.35,27.5,24.15,27.5,26.8,26.62,786676,20939317.05,2139.0,287159.0,36.5
ITI,EQ,05-May-2016,24.55,24.7,24.85,24.3,24.6,24.65,24.59,72953,1793556.35,373.0,26455.0,36.26
ITI,EQ,04-May-2016,25.2,25.0,25.25,24.45,24.65,24.55,24.81,101584,2520652.2,509.0,54892.0,54.04
ITI,EQ,03-May-2016,25.5,25.7,25.9,25.05,25.25,25.2,25.4,112790,2865151.65,484.0,55295.0,49.02
ITI,EQ,02-May-2016,25.5,25.45,25.9,25.25,25.55,25.5,25.53,383998,9802866.05,1830.0,83505.0,21.75
ITI,EQ,29-Apr-2016,25.95,25.8,26.2,25.2,25.5,25.5,25.67,112458,2886761.85,610.0,57791.0,51.39
ITI,EQ,28-Apr-2016,27.2,26.75,26.9,25.7,26.25,25.95,26.33,153726,4048299.2,833.0,62190.0,40.46
ITI,EQ,27-Apr-2016,25.85,26.3,27.85,26.0,26.75,27.2,26.84,1569624,42134600.45,6430.0,289222.0,18.43
ITI,EQ,26-Apr-2016,25.75,25.75,26.1,25.3,25.9,25.85,25.76,207175,5337052.25,874.0,71996.0,34.75
ITI,EQ,25-Apr-2016,25.3,25.7,26.0,25.15,25.85,25.75,25.56,335732,8580031.6,1499.0,85908.0,25.59
ITI,EQ,22-Apr-2016,25.4,25.45,25.65,25.2,25.4,25.3,25.39,84859,2154405.7,356.0,51351.0,60.51
ITI,EQ,21-Apr-2016,25.35,25.7,26.15,25.05,25.3,25.4,25.57,260773,6666799.45,1010.0,86091.0,33.01
ITI,EQ,20-Apr-2016,25.25,25.6,25.8,25.15,25.35,25.35,25.47,189385,4824061.8,683.0,53831.0,28.42
ITI,EQ,18-Apr-2016,25.55,25.3,25.9,25.2,25.25,25.25,25.52,146269,3732636.25,634.0,51389.0,35.13
ITI,EQ,13-Apr-2016,25.3,25.3,26.0,25.2,25.35,25.55,25.59,169060,4325851.0,803.0,67015.0,39.64
ITI,EQ,12-Apr-2016,25.35,25.6,26.0,25.1,25.45,25.3,25.45,103524,2634547.2,556.0,49279.0,47.6
ITI,EQ,11-Apr-2016,25.35,25.65,26.45,25.1,25.4,25.35,25.71,292907,7529592.25,1173.0,82880.0,28.3
ITI,EQ,08-Apr-2016,25.65,25.7,25.7,25.0,25.4,25.35,25.3,84180,2129595.05,455.0,34498.0,40.98
ITI,EQ,07-Apr-2016,24.55,25.1,25.95,25.1,25.6,25.65,25.53,622081,15881504.35,2960.0,171458.0,27.56
ITI,EQ,06-Apr-2016,23.95,24.0,24.75,24.0,24.6,24.55,24.44,90269,2206153.0,506.0,47012.0,52.08
ITI,EQ,05-Apr-2016,24.3,24.1,24.45,23.9,24.0,23.95,24.15,53252,1286150.9,311.0,28098.0,52.76
ITI,EQ,04-Apr-2016,24.3,24.6,25.1,24.1,24.35,24.3,24.52,64408,1578996.65,350.0,29871.0,46.38
ITI,EQ,01-Apr-2016,24.1,24.0,24.6,24.0,24.35,24.3,24.28,56469,1370792.6,348.0,33448.0,59.23
ITI,EQ,31-Mar-2016,24.1,24.25,24.6,23.8,24.15,24.1,24.26,110606,2683387.15,521.0,48677.0,44.01
ITI,EQ,30-Mar-2016,23.6,23.75,24.5,23.75,24.05,24.1,24.13,97280,2347846.35,495.0,51131.0,52.56
ITI,EQ,29-Mar-2016,23.7,23.75,24.15,23.5,23.55,23.6,23.68,77839,1842959.3,553.0,45116.0,57.96
ITI,EQ,28-Mar-2016,24.65,25.1,25.1,23.3,23.65,23.7,24.17,92832,2243319.35,568.0,57086.0,61.49
ITI,EQ,23-Mar-2016,24.65,24.9,25.25,24.55,24.7,24.65,24.8,112572,2792152.1,745.0,34901.0,31.0
ITI,EQ,22-Mar-2016,24.85,25.25,25.25,24.4,24.85,24.65,24.66,86417,2131150.3,504.0,34064.0,39.42
ITI,EQ,21-Mar-2016,24.95,25.15,25.2,24.1,24.7,24.85,24.69,242535,5988004.4,1243.0,50209.0,20.7
ITI,EQ,18-Mar-2016,24.8,25.45,26.9,24.25,24.75,24.95,25.58,802499,20524100.95,3435.0,186381.0,23.23
ITI,EQ,17-Mar-2016,23.35,23.35,25.35,23.2,25.0,24.8,24.55,306840,7533507.6,2092.0,113413.0,36.96
ITI,EQ,16-Mar-2016,23.3,23.3,23.75,23.0,23.4,23.35,23.3,77682,1810218.1,421.0,38376.0,49.4
ITI,EQ,15-Mar-2016,23.7,23.6,23.8,23.15,23.4,23.3,23.47,71051,1667888.75,445.0,40232.0,56.62
ITI,EQ,14-Mar-2016,24.2,24.75,24.75,23.6,23.65,23.7,24.12,98603,2378626.2,553.0,64792.0,65.71
ITI,EQ,11-Mar-2016,24.75,24.55,25.15,24.15,24.15,24.2,24.59,93526,2299470.7,555.0,51433.0,54.99
ITI,EQ,10-Mar-2016,25.4,25.8,25.8,24.6,24.75,24.75,25.19,101273,2550992.75,459.0,68292.0,67.43
ITI,EQ,09-Mar-2016,25.7,25.5,25.95,25.3,25.35,25.4,25.53,105334,2689326.15,545.0,36097.0,34.27
ITI,EQ,08-Mar-2016,25.9,25.35,26.7,25.25,25.65,25.7,25.91,215373,5580114.75,993.0,79966.0,37.13
ITI,EQ,04-Mar-2016,24.7,25.8,27.2,25.5,25.8,25.9,26.33,969263,25520664.0,5171.0,212010.0,21.87
ITI,EQ,03-Mar-2016,23.55,24.5,24.95,23.85,24.75,24.7,24.42,390125,9525711.15,1989.0,88560.0,22.7
ITI,EQ,02-Mar-2016,23.2,23.55,24.0,23.25,23.75,23.55,23.75,192923,4581335.25,747.0,94840.0,49.16
ITI,EQ,01-Mar-2016,23.35,23.35,23.65,22.6,23.2,23.2,23.09,283755,6551843.95,979.0,86921.0,30.63
ITI,EQ,29-Feb-2016,23.6,23.4,24.1,22.75,23.35,23.35,23.59,224302,5290751.95,930.0,86542.0,38.58
ITI,EQ,26-Feb-2016,23.5,24.0,24.25,23.35,23.75,23.6,23.64,174729,4130607.6,1028.0,56234.0,32.18
ITI,EQ,25-Feb-2016,23.75,24.0,24.1,23.25,23.45,23.5,23.69,75991,1800511.5,516.0,39366.0,51.8
ITI,EQ,24-Feb-2016,25.25,25.0,25.3,23.6,23.75,23.75,24.1,267911,6457517.75,1114.0,158671.0,59.23
ITI,EQ,23-Feb-2016,25.35,25.6,25.9,24.8,25.4,25.25,25.2,242704,6115592.05,1690.0,68859.0,28.37
ITI,EQ,22-Feb-2016,26.0,26.3,26.3,25.2,25.3,25.35,25.65,119221,3057978.65,696.0,34920.0,29.29
ITI,EQ,19-Feb-2016,24.65,25.5,26.8,25.05,26.2,26.0,26.13,537734,14050710.25,3272.0,154545.0,28.74
ITI,EQ,18-Feb-2016,24.95,25.4,25.7,24.5,24.55,24.65,24.9,54297,1351837.6,394.0,27720.0,51.05
ITI,EQ,17-Feb-2016,25.0,24.85,25.5,23.65,24.95,24.95,24.79,60199,1492194.35,634.0,32372.0,53.77
ITI,EQ,16-Feb-2016,25.5,25.7,26.0,24.8,24.85,25.0,25.32,89130,2256709.6,636.0,35271.0,39.57
ITI,EQ,15-Feb-2016,23.6,24.5,26.3,24.0,25.5,25.5,25.3,136510,3454056.55,937.0,52841.0,38.71
ITI,EQ,12-Feb-2016,24.5,25.0,25.0,23.0,23.4,23.6,23.85,110833,2643843.8,695.0,53609.0,48.37
ITI,EQ,11-Feb-2016,27.15,27.25,27.4,24.1,24.6,24.5,25.63,264830,6787589.4,1597.0,95057.0,35.89
ITI,EQ,10-Feb-2016,25.8,25.95,30.4,25.05,27.0,27.15,27.03,389010,10514433.1,1437.0,74422.0,19.13
ITI,EQ,09-Feb-2016,25.8,25.65,26.3,25.3,26.2,25.8,25.63,60006,1538209.45,300.0,22073.0,36.78
ITI,EQ,08-Feb-2016,25.5,25.75,26.45,25.4,26.15,25.8,25.86,79728,2061551.95,491.0,33747.0,42.33
ITI,EQ,05-Feb-2016,25.25,25.1,25.85,25.1,25.85,25.5,25.4,34123,866580.55,243.0,17212.0,50.44
ITI,EQ,04-Feb-2016,25.15,25.0,25.8,25.0,25.4,25.25,25.41,69749,1772372.3,365.0,29673.0,42.54
ITI,EQ,03-Feb-2016,25.85,25.6,25.6,25.0,25.25,25.15,25.24,62625,1580886.4,275.0,33479.0,53.46
ITI,EQ,02-Feb-2016,26.8,27.1,27.35,25.55,25.85,25.85,26.38,124509,3284633.95,649.0,77111.0,61.93
ITI,EQ,01-Feb-2016,27.15,27.3,27.6,26.75,26.8,26.8,27.09,56457,1529439.95,259.0,36593.0,64.82
ITI,EQ,29-Jan-2016,26.65,26.4,27.7,26.3,27.2,27.15,27.23,264538,7203104.85,1253.0,61710.0,23.33
ITI,EQ,28-Jan-2016,26.5,26.4,26.9,26.15,26.8,26.65,26.64,39862,1061765.6,235.0,21491.0,53.91
ITI,EQ,27-Jan-2016,26.5,26.85,27.15,26.35,26.5,26.5,26.67,51082,1362353.25,367.0,22377.0,43.81
ITI,EQ,25-Jan-2016,26.15,26.55,27.4,26.25,26.75,26.5,26.76,106322,2845335.35,694.0,35209.0,33.12
ITI,EQ,22-Jan-2016,25.45,26.05,26.8,25.85,26.05,26.15,26.23,78980,2071270.45,631.0,34185.0,43.28
ITI,EQ,21-Jan-2016,25.0,24.95,27.2,24.95,25.6,25.45,25.74,65357,1682566.8,471.0,24728.0,37.84
ITI,EQ,20-Jan-2016,25.85,25.9,25.9,24.8,25.05,25.0,25.13,98818,2483289.85,454.0,63370.0,64.13
ITI,EQ,19-Jan-2016,25.6,25.4,26.4,25.2,26.15,25.85,25.87,84923,2196807.7,499.0,27538.0,32.43
ITI,EQ,18-Jan-2016,27.0,26.8,26.85,25.4,25.75,25.6,25.96,114439,2970608.8,528.0,68967.0,60.27
ITI,EQ,15-Jan-2016,27.8,28.1,28.4,26.55,27.0,27.0,27.41,164434,4506681.9,738.0,83735.0,50.92
ITI,EQ,14-Jan-2016,28.55,28.45,28.7,27.35,27.75,27.8,28.08,112199,3150307.85,727.0,54074.0,48.19
ITI,EQ,13-Jan-2016,30.15,30.75,31.0,27.45,28.75,28.55,28.81,395245,11387809.05,1467.0,187168.0,47.35
ITI,EQ,12-Jan-2016,30.7,31.2,31.25,30.05,30.1,30.15,30.43,131221,3992878.65,629.0,52690.0,40.15
ITI,EQ,11-Jan-2016,30.6,30.05,31.3,30.05,30.75,30.7,30.72,187094,5747208.25,941.0,54362.0,29.06
ITI,EQ,08-Jan-2016,30.05,30.15,31.25,30.1,30.7,30.6,30.51,184418,5626572.85,795.0,59684.0,32.36
ITI,EQ,07-Jan-2016,31.9,31.1,31.45,29.85,29.95,30.05,30.5,280891,8567427.65,1359.0,150708.0,53.65
ITI,EQ,06-Jan-2016,31.5,31.6,34.9,31.0,31.75,31.9,33.35,2503606,83489972.3,9212.0,414041.0,16.54
ITI,EQ,05-Jan-2016,31.1,31.5,32.15,30.85,31.25,31.5,31.54,241147,7604856.7,1228.0,75281.0,31.22
ITI,EQ,04-Jan-2016,31.5,31.5,31.75,30.2,31.05,31.1,31.14,174506,5434500.2,860.0,56743.0,32.52
ITI,EQ,01-Jan-2016,30.6,30.9,31.9,30.85,31.7,31.5,31.31,254817,7978921.85,1065.0,121443.0,47.66
ITI,EQ,31-Dec-2015,30.7,30.7,30.95,30.5,30.65,30.6,30.66,99842,3060790.15,372.0,38155.0,38.22
ITI,EQ,29-Dec-2017,138.85,139.75,140.2,137.1,137.2,137.5,138.55,457923,63447254.25,4377.0,196459.0,42.9
ITI,EQ,28-Dec-2017,137.15,137.4,143.85,136.7,139.0,138.85,140.5,1452335,204051402.75,12560.0,325543.0,22.42
ITI,EQ,27-Dec-2017,137.3,138.25,140.0,136.15,136.95,137.15,138.35,564735,78130858.4,4915.0,160637.0,28.44
ITI,EQ,26-Dec-2017,138.95,139.65,140.0,136.6,138.0,137.3,138.0,458945,63335867.5,4707.0,166238.0,36.22
ITI,EQ,22-Dec-2017,141.2,141.0,142.75,138.2,138.5,138.95,140.48,659532,92653796.4,6693.0,283419.0,42.97
ITI,EQ,21-Dec-2017,144.55,145.0,145.8,140.5,141.25,141.2,142.57,800435,114119949.8,6215.0,310848.0,38.83
ITI,EQ,20-Dec-2017,134.45,144.0,151.6,142.25,145.0,144.55,146.71,4730683,694042568.3,34903.0,1104208.0,23.34
ITI,EQ,19-Dec-2017,126.85,127.4,136.5,127.4,136.45,134.45,132.33,1067377,141247906.25,8912.0,370092.0,34.67
ITI,EQ,18-Dec-2017,128.65,126.45,131.25,121.35,127.05,126.85,127.32,807258,102778839.4,7697.0,242761.0,30.07
ITI,EQ,15-Dec-2017,130.6,133.0,133.0,127.25,128.5,128.65,130.05,648546,84346294.75,5748.0,257952.0,39.77
ITI,EQ,14-Dec-2017,132.8,133.3,134.85,130.15,130.65,130.6,131.91,388039,51184557.4,3305.0,160619.0,41.39
ITI,EQ,13-Dec-2017,134.2,134.0,136.0,132.05,133.1,132.8,134.08,405704,54395226.8,4102.0,125036.0,30.82
ITI,EQ,12-Dec-2017,136.55,136.6,139.0,133.55,134.0,134.2,135.89,470292,63909634.1,4643.0,186491.0,39.65
ITI,EQ,11-Dec-2017,136.75,137.85,139.3,136.0,136.5,136.55,137.39,317248,43587579.95,3173.0,140220.0,44.2
ITI,EQ,08-Dec-2017,136.95,138.35,141.25,136.1,136.6,136.75,138.48,619755,85824634.3,6111.0,218873.0,35.32
ITI,EQ,07-Dec-2017,133.45,135.0,141.4,134.45,136.95,136.95,137.68,789227,108660826.35,6899.0,251435.0,31.86
ITI,EQ,06-Dec-2017,137.25,137.1,137.8,133.0,133.3,133.45,134.87,403707,54446574.75,4147.0,184807.0,45.78
ITI,EQ,05-Dec-2017,141.0,140.8,140.8,127.0,137.5,137.25,137.51,499519,68689279.2,4893.0,228781.0,45.8
ITI,EQ,04-Dec-2017,141.5,143.6,145.0,140.1,140.85,141.0,142.0,522239,74157581.15,5505.0,203613.0,38.99
ITI,EQ,01-Dec-2017,141.8,142.95,144.3,140.5,141.5,141.5,142.58,346071,49342454.5,4212.0,159388.0,46.06
ITI,EQ,30-Nov-2017,142.1,141.8,146.1,138.5,142.3,141.8,143.52,1352722,194144725.4,9071.0,381883.0,28.23
ITI,EQ,29-Nov-2017,144.75,145.0,145.8,141.5,141.6,142.1,143.35,421888,60479428.8,3450.0,226532.0,53.69
ITI,EQ,28-Nov-2017,143.3,146.0,150.5,144.0,144.65,144.75,147.23,1600243,235610497.35,12719.0,519652.0,32.47
ITI,EQ,27-Nov-2017,142.25,142.3,145.65,141.6,143.65,143.3,143.87,536470,77179626.35,4493.0,196810.0,36.69
ITI,EQ,24-Nov-2017,143.05,143.35,146.15,141.8,142.25,142.25,143.65,392631,56400443.35,4300.0,140081.0,35.68
ITI,EQ,23-Nov-2017,143.45,143.85,147.0,141.8,142.9,143.05,144.42,758891,109598196.4,7906.0,180499.0,23.78
ITI,EQ,22-Nov-2017,141.5,142.1,146.85,140.0,143.2,143.45,143.97,954525,137425901.4,7178.0,281799.0,29.52
ITI,EQ,21-Nov-2017,141.85,142.7,143.8,140.5,141.55,141.5,142.28,345067,49096934.4,3442.0,130874.0,37.93
ITI,EQ,20-Nov-2017,141.65,142.0,144.3,141.0,141.5,141.85,142.37,439900,62627604.6,4415.0,137334.0,31.22
ITI,EQ,17-Nov-2017,143.05,144.6,145.8,141.2,141.55,141.65,143.32,392058,56190511.8,3893.0,163525.0,41.71
ITI,EQ,16-Nov-2017,140.6,141.7,144.55,140.5,142.5,143.05,142.41,551195,78496756.5,4776.0,178058.0,32.3
ITI,EQ,15-Nov-2017,145.05,144.0,144.9,140.15,140.15,140.6,142.27,424544,60400550.5,3661.0,189835.0,44.72
ITI,EQ,14-Nov-2017,143.95,144.7,147.3,142.5,145.4,145.05,145.05,702702,101923683.3,7398.0,213330.0,30.36
ITI,EQ,13-Nov-2017,143.35,143.9,148.4,143.0,144.0,143.95,145.71,725838,105761327.15,7913.0,207467.0,28.58
ITI,EQ,10-Nov-2017,146.1,145.75,146.95,142.5,142.6,143.35,144.13,618136,89090706.2,5584.0,186043.0,30.1
ITI,EQ,09-Nov-2017,146.15,147.1,148.7,142.6,146.5,146.1,146.26,612798,89627992.05,5066.0,230538.0,37.62
ITI,EQ,08-Nov-2017,151.65,152.25,152.9,145.0,146.5,146.15,148.72,744291,110693563.05,7246.0,308793.0,41.49
ITI,EQ,07-Nov-2017,158.65,160.0,160.25,150.25,152.05,151.65,155.18,1329443,206301092.75,12313.0,477046.0,35.88
ITI,EQ,06-Nov-2017,149.15,149.0,161.9,147.2,156.8,158.65,155.63,3559595,553980120.65,23929.0,739254.0,20.77
ITI,EQ,03-Nov-2017,151.95,152.15,154.3,148.0,148.7,149.15,151.49,676854,102538797.9,6679.0,264604.0,39.09
ITI,EQ,02-Nov-2017,153.55,153.25,156.5,151.1,151.75,151.95,153.58,913274,140260611.25,7695.0,241272.0,26.42
ITI,EQ,01-Nov-2017,152.4,153.1,156.6,152.15,153.45,153.55,154.08,1243877,191657634.4,12405.0,281106.0,22.6
ITI,EQ,31-Oct-2017,154.65,154.45,156.75,151.75,152.4,152.4,153.89,960482,147809058.65,8917.0,284981.0,29.67
ITI,EQ,30-Oct-2017,155.7,156.7,158.8,154.1,154.45,154.65,155.83,859341,133911476.95,7916.0,262430.0,30.54
ITI,EQ,27-Oct-2017,159.75,160.3,161.85,155.0,156.0,155.7,158.4,1215871,192591266.05,10872.0,385874.0,31.74
ITI,EQ,26-Oct-2017,157.05,161.5,164.9,158.5,159.3,159.75,161.34,3544779,571932179.85,26240.0,1133158.0,31.97
ITI,EQ,25-Oct-2017,152.35,154.5,158.75,151.1,157.3,157.05,155.17,3099060,480872944.5,23176.0,913591.0,29.48
ITI,EQ,24-Oct-2017,149.5,150.75,156.9,148.8,152.25,152.35,153.32,3098446,475065725.9,23297.0,590878.0,19.07
ITI,EQ,23-Oct-2017,144.6,145.65,152.0,142.05,150.4,149.5,148.88,1836998,273485190.1,18565.0,476640.0,25.95
ITI,EQ,19-Oct-2017,146.4,146.5,147.5,143.25,143.8,144.6,145.67,326997,47634391.95,3317.0,177781.0,54.37
ITI,EQ,18-Oct-2017,148.95,147.5,150.45,145.95,146.2,146.4,147.61,925563,136620967.3,9138.0,297235.0,32.11
ITI,EQ,17-Oct-2017,151.1,150.85,153.45,146.05,148.85,148.95,149.95,1231681,184684914.7,11468.0,289182.0,23.48
ITI,EQ,16-Oct-2017,152.8,153.9,155.0,150.0,150.9,151.1,152.56,969144,147853046.95,8182.0,301384.0,31.1
ITI,EQ,13-Oct-2017,154.55,154.0,156.85,152.4,153.0,152.8,154.34,1647579,254286928.2,14896.0,338578.0,20.55
ITI,EQ,12-Oct-2017,154.0,155.0,155.9,151.5,154.0,154.55,153.83,1675763,257778467.6,14492.0,340911.0,20.34
ITI,EQ,11-Oct-2017,155.8,158.9,162.45,150.55,154.0,154.0,157.41,2964624,466651494.2,25304.0,933754.0,31.5
ITI,EQ,10-Oct-2017,153.9,153.3,160.6,151.5,155.35,155.8,156.78,3845750,602943799.05,27945.0,827961.0,21.53
ITI,EQ,09-Oct-2017,152.4,152.65,156.0,150.2,153.35,153.9,153.48,2676555,410788410.55,22242.0,698629.0,26.1
ITI,EQ,06-Oct-2017,150.45,153.0,157.35,151.7,152.5,152.4,154.41,4669045,720934430.45,35215.0,1195678.0,25.61
ITI,EQ,05-Oct-2017,140.1,140.8,153.7,137.1,150.0,150.45,147.36,8336524,1228462161.65,60022.0,1211677.0,14.53
ITI,EQ,04-Oct-2017,132.55,132.45,141.75,128.65,140.5,140.1,137.82,4042895,557200964.5,34482.0,716692.0,17.73
ITI,EQ,03-Oct-2017,137.2,141.0,142.0,130.2,132.2,132.55,134.09,2304309,308985772.05,21105.0,637956.0,27.69
ITI,EQ,29-Sep-2017,149.0,149.45,150.75,135.55,138.3,137.2,141.87,3658416,519036258.65,32692.0,949334.0,25.95
ITI,EQ,28-Sep-2017,150.55,155.6,156.8,145.5,148.0,149.0,149.69,4881627,730711461.7,39602.0,911611.0,18.67
ITI,EQ,27-Sep-2017,144.6,151.0,156.85,146.75,152.5,150.55,152.6,10146750,1548434798.75,75240.0,1895194.0,18.68
ITI,EQ,26-Sep-2017,132.35,130.75,145.55,125.3,145.55,144.6,138.13,7901315,1091405736.3,57013.0,1680441.0,21.27
ITI,EQ,25-Sep-2017,139.45,142.75,147.5,130.0,133.5,132.35,136.91,7662091,1049036739.6,55419.0,1554647.0,20.29
ITI,EQ,22-Sep-2017,122.4,127.0,146.85,126.0,138.9,139.45,139.96,24331202,3405448004.4,134626.0,2859808.0,11.75
ITI,EQ,21-Sep-2017,102.0,102.0,122.4,97.5,122.4,122.4,116.16,11132678,1293158334.95,66748.0,2586885.0,23.24
ITI,EQ,20-Sep-2017,107.1,106.5,107.9,101.55,101.8,102.0,103.73,1195301,123983952.8,8934.0,503152.0,42.09
ITI,EQ,19-Sep-2017,100.45,106.0,113.4,105.7,106.5,107.1,109.27,6920400,756182269.5,40832.0,1948261.0,28.15
ITI,EQ,18-Sep-2017,91.8,92.55,101.8,91.7,101.55,100.45,97.71,2696063,263440918.15,15131.0,910934.0,33.79
ITI,EQ,15-Sep-2017,93.0,92.8,94.4,90.55,91.4,91.8,92.02,598989,55118850.0,5737.0,189928.0,31.71
ITI,EQ,14-Sep-2017,94.7,93.65,95.75,92.1,92.9,93.0,93.63,923311,86446905.3,8169.0,318551.0,34.5
ITI,EQ,13-Sep-2017,100.0,100.4,101.9,93.2,93.7,94.7,97.44,2211751,215514910.45,13667.0,672476.0,30.4
ITI,EQ,12-Sep-2017,99.85,100.85,102.75,99.3,99.8,100.0,101.18,1290876,130611172.35,10923.0,292430.0,22.65
ITI,EQ,11-Sep-2017,97.95,100.0,101.75,99.25,99.6,99.85,100.45,1567294,157432021.6,13219.0,338559.0,21.6
ITI,EQ,08-Sep-2017,101.85,102.15,102.45,97.35,97.4,97.95,99.82,715912,71459074.2,6835.0,286253.0,39.98
ITI,EQ,07-Sep-2017,101.95,102.3,104.25,101.1,101.3,101.85,102.55,1312391,134584184.95,10685.0,296596.0,22.6
ITI,EQ,06-Sep-2017,103.9,102.45,105.0,101.45,101.6,101.95,103.07,1800534,185580895.65,12903.0,435725.0,24.2
ITI,EQ,05-Sep-2017,97.95,98.55,105.85,97.5,103.7,103.9,102.57,2749938,282073800.9,16961.0,634783.0,23.08
ITI,EQ,04-Sep-2017,101.9,101.9,102.05,96.55,97.8,97.95,99.03,1268743,125638248.25,10754.0,354677.0,27.95
ITI,EQ,01-Sep-2017,100.35,100.9,104.3,99.35,101.75,101.9,102.38,1699292,173971847.1,11763.0,425608.0,25.05
ITI,EQ,31-Aug-2017,98.5,99.0,101.6,97.65,100.25,100.35,99.69,2033763,202737885.5,14675.0,359232.0,17.66
ITI,EQ,30-Aug-2017,91.65,92.5,99.2,92.3,98.95,98.5,96.73,2992776,289497109.1,16927.0,564238.0,18.85
ITI,EQ,29-Aug-2017,91.65,92.3,94.6,90.8,91.85,91.65,92.96,1095088,101794633.8,9778.0,233785.0,21.35
ITI,EQ,28-Aug-2017,91.65,92.0,93.3,91.2,91.75,91.65,92.18,671636,61909954.95,7132.0,110449.0,16.44
ITI,EQ,24-Aug-2017,88.95,91.45,94.4,91.0,91.25,91.65,92.07,1805478,166231816.8,14107.0,382368.0,21.18
ITI,EQ,23-Aug-2017,84.25,84.65,89.65,84.5,89.6,88.95,86.93,1042571,90633703.6,8564.0,268558.0,25.76
ITI,EQ,22-Aug-2017,86.35,86.6,87.3,84.0,84.4,84.25,85.3,665617,56776231.4,6104.0,119768.0,17.99
ITI,EQ,21-Aug-2017,86.25,86.65,89.8,86.0,86.3,86.35,87.55,493380,43194210.85,4502.0,120375.0,24.4
ITI,EQ,18-Aug-2017,87.5,86.5,87.95,84.85,86.55,86.25,86.35,753693,65084851.6,8412.0,111241.0,14.76
ITI,EQ,17-Aug-2017,88.15,88.7,90.7,86.9,86.9,87.5,89.07,850225,75733603.2,8063.0,221433.0,26.04
ITI,EQ,16-Aug-2017,85.4,86.15,89.0,85.55,88.2,88.15,87.96,854519,75162456.1,7762.0,162620.0,19.03
ITI,EQ,14-Aug-2017,80.2,82.95,86.8,82.0,85.4,85.4,85.28,964271,82233581.85,9620.0,198884.0,20.63
ITI,EQ,11-Aug-2017,77.05,75.0,83.5,73.0,81.1,80.2,79.31,1696818,134570816.55,14160.0,278502.0,16.41
ITI,EQ,10-Aug-2017,90.15,89.5,89.7,72.2,79.75,77.05,82.84,1039213,86091611.0,9225.0,359222.0,34.57
ITI,EQ,09-Aug-2017,93.9,93.0,93.4,89.25,89.4,90.15,91.86,732808,67317863.55,7686.0,174284.0,23.78
ITI,EQ,08-Aug-2017,95.7,95.7,96.0,93.5,93.5,93.9,94.66,586759,55541389.35,6951.0,94420.0,16.09
ITI,EQ,07-Aug-2017,94.65,95.0,97.55,94.9,95.6,95.7,95.87,481204,46133966.9,5233.0,109884.0,22.84
ITI,EQ,04-Aug-2017,93.65,91.8,97.2,91.8,94.5,94.65,94.69,818940,77547258.4,7197.0,193215.0,23.59
ITI,EQ,03-Aug-2017,96.15,96.0,96.25,93.25,93.5,93.65,94.61,500088,47313325.7,4935.0,138501.0,27.7
ITI,EQ,02-Aug-2017,97.1,97.75,98.95,95.6,95.7,96.15,97.19,716021,69591687.3,6245.0,134390.0,18.77
ITI,EQ,01-Aug-2017,98.75,99.4,100.25,96.65,96.85,97.1,98.85,678577,67078320.35,6571.0,140313.0,20.68
ITI,EQ,31-Jul-2017,98.45,99.2,100.9,98.3,98.3,98.75,99.58,587724,58527881.85,5067.0,160660.0,27.34
ITI,EQ,28-Jul-2017,99.15,99.0,101.8,97.75,98.15,98.45,99.42,823237,81842138.75,6354.0,191834.0,23.3
ITI,EQ,27-Jul-2017,101.35,101.95,103.25,98.85,99.2,99.15,100.84,828724,83564806.1,6251.0,213062.0,25.71
ITI,EQ,26-Jul-2017,103.45,103.5,103.75,101.0,101.25,101.35,101.98,709275,72330893.6,6689.0,178313.0,25.14
ITI,EQ,25-Jul-2017,100.75,101.2,105.35,97.75,103.5,103.45,102.16,1913623,195499352.2,13914.0,334544.0,17.48
ITI,EQ,24-Jul-2017,102.55,102.6,103.55,100.25,100.4,100.75,101.83,751053,76477686.35,7292.0,220315.0,29.33
ITI,EQ,21-Jul-2017,103.75,104.55,105.3,100.55,102.4,102.55,103.24,1465685,151321795.5,12056.0,334321.0,22.81
ITI,EQ,20-Jul-2017,98.4,100.0,106.45,100.0,103.8,103.75,103.5,3742495,387359616.25,26969.0,808416.0,21.6
ITI,EQ,19-Jul-2017,99.3,98.8,101.0,97.25,98.0,98.4,98.78,1096986,108364826.65,9077.0,173159.0,15.78
ITI,EQ,18-Jul-2017,93.2,93.15,101.65,92.3,98.2,99.3,98.81,2063562,203907724.05,14169.0,608748.0,29.5
ITI,EQ,17-Jul-2017,94.5,95.3,95.3,92.3,93.15,93.2,93.57,327810,30672797.55,3855.0,113587.0,34.65
ITI,EQ,14-Jul-2017,97.65,98.4,99.2,93.5,94.6,94.5,96.35,771214,74306523.9,7699.0,252448.0,32.73
ITI,EQ,13-Jul-2017,99.9,100.5,100.75,97.25,97.5,97.65,98.68,575234,56762844.65,5189.0,199433.0,34.67
ITI,EQ,12-Jul-2017,97.7,98.35,101.2,96.6,99.8,99.9,99.15,1057332,104834536.3,8576.0,213709.0,20.21
ITI,EQ,11-Jul-2017,101.05,102.05,102.8,96.65,97.7,97.7,100.24,925494,92774053.55,8956.0,285250.0,30.82
ITI,EQ,10-Jul-2017,99.25,99.4,102.8,99.4,101.4,101.05,101.17,322657,32643257.9,2954.0,109208.0,33.85
ITI,EQ,07-Jul-2017,100.55,100.15,102.5,98.2,98.5,99.25,100.56,1258019,126505957.95,10335.0,270024.0,21.46
ITI,EQ,06-Jul-2017,99.1,98.25,103.75,97.95,100.15,100.55,100.82,2306054,232486473.15,15042.0,486193.0,21.08
ITI,EQ,05-Jul-2017,90.1,90.75,101.3,90.25,98.25,99.1,96.92,3012883,292017467.55,15887.0,566873.0,18.81
ITI,EQ,04-Jul-2017,91.15,91.7,92.7,89.75,90.2,90.1,91.04,453963,41328865.15,4182.0,147950.0,32.59
ITI,EQ,03-Jul-2017,90.25,90.5,93.4,89.5,91.25,91.15,91.51,842015,77049164.05,6854.0,216706.0,25.74
ITI,EQ,30-Jun-2017,88.9,88.4,92.8,88.4,89.95,90.25,90.77,1224166,111121123.85,10006.0,269394.0,22.01
ITI,EQ,29-Jun-2017,88.05,88.5,91.4,88.4,88.5,88.9,89.86,609784,54795545.7,5183.0,174074.0,28.55
ITI,EQ,28-Jun-2017,86.4,86.35,91.15,84.55,87.65,88.05,88.77,918181,81510873.8,7247.0,209633.0,22.83
ITI,EQ,27-Jun-2017,90.2,91.05,91.5,85.65,86.0,86.4,87.62,575318,50410166.85,4817.0,223415.0,38.83
ITI,EQ,23-Jun-2017,93.2,93.1,93.6,89.8,90.15,90.2,91.0,557661,50748683.05,5216.0,214847.0,38.53
ITI,EQ,22-Jun-2017,96.6,97.2,97.4,92.5,93.2,93.2,94.96,511151,48537644.35,4784.0,190431.0,37.26
ITI,EQ,21-Jun-2017,92.8,92.9,97.55,92.05,96.8,96.6,96.29,1210603,116571374.75,9205.0,331113.0,27.35
ITI,EQ,20-Jun-2017,94.25,94.35,94.95,92.1,92.7,92.8,93.08,758459,70593710.8,6602.0,248129.0,32.71
ITI,EQ,19-Jun-2017,101.35,101.0,102.35,92.5,94.4,94.25,95.84,1431025,137156116.45,11265.0,415032.0,29.0
ITI,EQ,16-Jun-2017,105.5,105.8,106.4,100.25,101.2,101.35,102.92,963829,99193965.6,7497.0,309465.0,32.11
ITI,EQ,15-Jun-2017,103.05,104.65,106.65,104.0,105.45,105.5,105.02,1453482,152638848.65,11377.0,395432.0,27.21
ITI,EQ,14-Jun-2017,107.35,107.5,108.0,102.65,102.95,103.05,104.75,1324446,138739667.05,9687.0,425948.0,32.16
ITI,EQ,13-Jun-2017,106.2,107.3,109.8,106.4,106.45,107.35,108.27,2061124,223154548.0,17079.0,464582.0,22.54
ITI,EQ,12-Jun-2017,106.65,104.9,110.5,103.7,106.25,106.2,107.32,3155063,338592181.25,21488.0,544698.0,17.26
ITI,EQ,09-Jun-2017,99.95,99.8,109.75,98.55,106.15,106.65,105.72,6599811,697743774.25,38273.0,930001.0,14.09
ITI,EQ,08-Jun-2017,96.7,95.45,102.4,94.4,99.4,99.95,99.6,4261419,424435401.8,30246.0,598907.0,14.05
ITI,EQ,07-Jun-2017,84.65,89.0,97.85,88.1,96.05,96.7,93.95,5224400,490827472.35,33942.0,840494.0,16.09
ITI,EQ,06-Jun-2017,84.65,86.2,87.75,83.25,84.5,84.65,86.32,964046,83216664.0,6243.0,461013.0,47.82
ITI,EQ,05-Jun-2017,80.65,81.25,84.65,80.7,84.65,84.65,83.7,1064257,89082405.15,5030.0,352130.0,33.09
ITI,EQ,02-Jun-2017,78.15,78.9,81.8,78.55,80.5,80.65,80.71,929708,75035528.25,6975.0,379776.0,40.85
ITI,EQ,01-Jun-2017,74.45,73.5,78.15,73.35,78.15,78.15,76.81,1321633,101519042.95,9564.0,325039.0,24.59
ITI,EQ,31-May-2017,75.35,75.0,76.45,74.1,74.4,74.45,75.08,528558,39683365.45,3048.0,134088.0,25.37
ITI,EQ,30-May-2017,77.65,77.0,77.0,74.2,75.2,75.35,75.49,701863,52982499.4,3498.0,211269.0,30.1
ITI,EQ,29-May-2017,76.05,78.95,79.85,75.15,77.35,77.65,78.71,2096935,165057489.75,8221.0,469151.0,22.37
ITI,EQ,26-May-2017,72.45,73.0,76.05,72.15,76.05,76.05,74.42,723195,53819308.2,5129.0,294632.0,40.74
ITI,EQ,25-May-2017,73.2,71.2,74.15,69.55,72.75,72.45,71.73,1739773,124789178.55,11424.0,336655.0,19.35
ITI,EQ,24-May-2017,77.05,77.0,77.0,73.2,73.2,73.2,74.29,975969,72509541.15,8899.0,342534.0,35.1
ITI,EQ,23-May-2017,84.4,84.85,84.85,76.0,76.0,77.05,79.55,1047773,83354830.55,7538.0,397441.0,37.93
ITI,EQ,22-May-2017,87.9,88.65,90.9,83.95,84.35,84.4,87.19,568160,49539226.3,6401.0,194417.0,34.22
ITI,EQ,19-May-2017,86.75,85.2,91.8,85.1,88.2,87.9,88.45,2048193,181166133.0,13110.0,561351.0,27.41
ITI,EQ,18-May-2017,94.1,92.2,93.9,84.7,85.7,86.75,89.77,1151804,103398746.45,7344.0,559816.0,48.6
ITI,EQ,17-May-2017,98.8,98.9,98.9,93.35,94.0,94.1,95.82,795448,76216561.4,7020.0,421125.0,52.94
ITI,EQ,16-May-2017,102.25,102.3,103.35,98.1,98.4,98.8,100.67,697763,70245620.15,7174.0,285807.0,40.96
ITI,EQ,15-May-2017,102.85,103.8,105.4,101.95,102.0,102.25,103.38,733277,75803006.05,5734.0,200285.0,27.31
ITI,EQ,12-May-2017,106.6,106.6,107.9,102.3,102.5,102.85,104.2,923280,96202256.2,6583.0,363911.0,39.42
ITI,EQ,11-May-2017,106.35,106.75,109.4,106.0,106.1,106.6,107.89,933057,100666729.0,6195.0,313491.0,33.6
ITI,EQ,10-May-2017,108.1,108.65,109.25,103.05,105.2,106.35,106.87,636160,67986293.0,5961.0,183184.0,28.8
ITI,EQ,09-May-2017,106.6,106.3,110.8,105.4,108.0,108.1,108.59,1287604,139822785.95,9559.0,243539.0,18.91
ITI,EQ,08-May-2017,107.4,107.6,108.3,104.4,106.05,106.6,106.52,723698,77086380.0,6254.0,168297.0,23.26
ITI,EQ,05-May-2017,104.95,104.5,109.35,102.7,107.25,107.4,106.87,2434240,260157334.45,17217.0,511280.0,21.0
ITI,EQ,04-May-2017,105.8,106.4,106.4,100.0,105.1,104.95,103.26,2747450,283711423.6,18257.0,486235.0,17.7
ITI,EQ,03-May-2017,111.15,111.75,111.8,104.65,105.05,105.8,106.8,1708519,182463852.2,11734.0,556801.0,32.59
ITI,EQ,02-May-2017,115.15,115.65,116.45,108.8,111.2,111.15,111.8,1773918,198326454.05,11960.0,451725.0,25.46
ITI,EQ,28-Apr-2017,110.5,113.3,118.0,113.2,114.7,115.15,115.33,3982565,459302765.7,26980.0,823764.0,20.68
ITI,EQ,27-Apr-2017,109.35,108.7,112.95,105.25,110.1,110.5,110.09,3577067,393791169.1,24850.0,629628.0,17.6
ITI,EQ,26-Apr-2017,101.15,101.5,114.25,99.5,108.7,109.35,109.75,8724964,957557616.55,51839.0,1565225.0,17.94
ITI,EQ,25-Apr-2017,104.25,104.8,105.25,99.2,101.5,101.15,101.6,3655710,371408371.9,20746.0,1081792.0,29.59
ITI,EQ,24-Apr-2017,88.2,100.0,105.8,96.0,105.8,104.25,100.99,12848646,1297568362.8,74677.0,2404927.0,18.72
ITI,EQ,21-Apr-2017,77.8,79.4,90.6,78.3,89.2,88.2,84.92,7463574,633843682.2,33596.0,1816652.0,24.34
ITI,EQ,20-Apr-2017,76.35,76.35,82.1,76.2,77.6,77.8,78.84,2219482,174993225.4,14009.0,426216.0,19.2
ITI,EQ,19-Apr-2017,74.75,74.2,77.5,72.4,76.9,76.35,75.04,1307714,98125719.35,9695.0,294557.0,22.52
ITI,EQ,18-Apr-2017,80.8,81.3,81.45,74.1,74.6,74.75,77.48,1251597,96978904.45,7175.0,509291.0,40.69
ITI,EQ,17-Apr-2017,81.15,84.8,85.5,80.4,80.75,80.8,82.63,3485990,288058941.55,17898.0,1331879.0,38.21
ITI,EQ,13-Apr-2017,75.1,75.0,82.1,73.85,81.25,81.15,79.03,8292533,655321201.7,34068.0,1339969.0,16.16
ITI,EQ,12-Apr-2017,70.75,71.05,78.2,69.4,74.4,75.1,74.57,4021914,299923759.15,17066.0,742885.0,18.47
ITI,EQ,11-Apr-2017,71.15,71.4,71.65,70.4,70.6,70.75,70.89,383810,27209522.7,2935.0,126446.0,32.94
ITI,EQ,10-Apr-2017,70.25,70.95,72.2,70.1,71.0,71.15,70.96,836653,59370039.75,3460.0,335291.0,40.08
ITI,EQ,07-Apr-2017,70.95,70.5,72.6,69.55,70.4,70.25,70.95,890777,63200893.5,5145.0,249102.0,27.96
ITI,EQ,06-Apr-2017,69.55,69.5,73.3,68.7,70.6,70.95,71.39,840774,60025497.5,5024.0,257839.0,30.67
ITI,EQ,05-Apr-2017,70.65,70.95,71.0,69.0,69.65,69.55,69.67,802861,55931902.35,4685.0,319525.0,39.8
ITI,EQ,03-Apr-2017,71.25,71.9,72.5,70.35,70.5,70.65,71.39,501333,35789486.1,3382.0,198274.0,39.55
ITI,EQ,31-Mar-2017,72.2,72.35,72.55,70.05,71.65,71.25,71.3,873343,62272441.05,5345.0,311099.0,35.62
ITI,EQ,30-Mar-2017,69.7,71.9,73.4,71.5,71.8,72.2,72.32,1930357,139601253.9,11739.0,643359.0,33.33
ITI,EQ,29-Mar-2017,69.85,70.25,70.8,69.1,69.7,69.7,69.9,963675,67364028.5,5478.0,338302.0,35.11
ITI,EQ,28-Mar-2017,67.95,68.45,71.4,68.0,70.35,69.85,69.89,1768740,123616112.15,9711.0,428875.0,24.25
ITI,EQ,27-Mar-2017,65.6,65.4,69.9,64.05,67.75,67.95,67.58,3677156,248505549.7,20338.0,566353.0,15.4
ITI,EQ,24-Mar-2017,68.7,70.8,75.4,64.7,65.75,65.6,69.81,8069710,563340818.2,38419.0,1764015.0,21.86
ITI,EQ,23-Mar-2017,57.25,57.5,68.7,57.5,68.7,68.7,65.1,6588085,428876420.6,28810.0,1687944.0,25.62
ITI,EQ,22-Mar-2017,56.05,55.0,59.7,53.4,57.0,57.25,57.02,2340883,133465977.45,12384.0,569765.0,24.34
ITI,EQ,21-Mar-2017,56.8,57.1,57.8,55.25,55.9,56.05,56.41,913998,51557376.9,6227.0,293084.0,32.07
ITI,EQ,20-Mar-2017,52.55,52.9,57.7,52.6,56.55,56.8,55.28,2843137,157168200.8,13893.0,917966.0,32.29
ITI,EQ,17-Mar-2017,52.1,53.0,53.8,51.8,52.0,52.55,52.69,1065714,56147258.8,5863.0,359500.0,33.73
ITI,EQ,16-Mar-2017,51.4,51.5,52.9,51.3,51.95,52.1,52.1,760522,39623844.9,4316.0,270468.0,35.56
ITI,EQ,15-Mar-2017,51.25,51.55,52.35,51.0,51.1,51.4,51.55,671888,34637880.55,3915.0,205661.0,30.61
ITI,EQ,14-Mar-2017,49.25,50.45,54.15,48.5,51.5,51.25,51.86,1810660,93897960.95,8253.0,748699.0,41.35
ITI,EQ,10-Mar-2017,50.05,50.25,50.7,49.0,49.0,49.25,49.77,566485,28196002.55,4220.0,171843.0,30.33
ITI,EQ,09-Mar-2017,50.65,49.3,51.7,49.0,49.95,50.05,50.38,1647612,83013939.95,10172.0,401458.0,24.37
ITI,EQ,08-Mar-2017,46.35,47.6,51.85,46.6,49.95,50.65,49.89,2567338,128079787.1,12737.0,434610.0,16.93
ITI,EQ,07-Mar-2017,46.9,47.25,47.45,46.15,46.35,46.35,46.71,185232,8651435.6,1415.0,64651.0,34.9
ITI,EQ,06-Mar-2017,48.35,47.6,48.4,46.6,46.95,46.9,47.34,445964,21112382.15,4106.0,141098.0,31.64
ITI,EQ,03-Mar-2017,43.05,42.95,50.2,42.3,47.9,48.35,47.6,2036539,96933522.55,11698.0,551651.0,27.09
ITI,EQ,02-Mar-2017,44.3,44.3,44.35,42.8,42.9,43.05,43.55,170302,7416338.0,1816.0,91085.0,53.48
ITI,EQ,01-Mar-2017,43.45,43.45,44.5,43.25,44.3,44.3,44.05,289583,12757497.65,2286.0,124029.0,42.83
ITI,EQ,28-Feb-2017,43.9,43.9,43.9,43.25,43.55,43.45,43.47,172282,7489088.25,1683.0,64962.0,37.71
ITI,EQ,27-Feb-2017,41.55,41.55,45.0,40.35,44.05,43.9,43.08,1190033,51266465.4,6217.0,477547.0,40.13
ITI,EQ,23-Feb-2017,42.4,42.8,42.85,41.35,41.55,41.55,41.91,316039,13246654.7,2212.0,151345.0,47.89
ITI,EQ,22-Feb-2017,43.6,44.3,44.3,42.2,42.3,42.4,43.05,259527,11171592.6,1614.0,146586.0,56.48
ITI,EQ,21-Feb-2017,41.75,42.75,43.95,41.85,43.85,43.6,42.81,788324,33750921.1,4932.0,231873.0,29.41
ITI,EQ,20-Feb-2017,43.3,43.3,43.45,41.2,41.65,41.75,42.0,479037,20119344.9,2942.0,241263.0,50.36
ITI,EQ,17-Feb-2017,43.6,44.0,44.1,43.0,43.1,43.3,43.42,221425,9613618.6,2182.0,89557.0,40.45
ITI,EQ,16-Feb-2017,43.4,43.7,44.05,43.1,43.65,43.6,43.57,224362,9776049.1,3182.0,55082.0,24.55
ITI,EQ,15-Feb-2017,44.65,44.95,44.95,43.25,43.25,43.4,43.85,248117,10879983.65,2251.0,117421.0,47.32
ITI,EQ,14-Feb-2017,43.95,43.95,45.35,43.3,44.8,44.65,44.59,460784,20545381.25,3255.0,131639.0,28.57
ITI,EQ,13-Feb-2017,46.15,46.7,46.7,43.75,44.0,43.95,44.6,328778,14664676.35,3013.0,180162.0,54.8
ITI,EQ,10-Feb-2017,49.65,48.5,48.7,45.6,46.2,46.15,46.75,943574,44107634.3,5370.0,458413.0,48.58
ITI,EQ,09-Feb-2017,48.75,49.65,50.9,49.5,49.6,49.65,49.93,816399,40761805.05,4389.0,255280.0,31.27
ITI,EQ,08-Feb-2017,48.7,49.05,49.3,48.4,48.55,48.75,48.89,263613,12888011.95,1983.0,105711.0,40.1
ITI,EQ,07-Feb-2017,48.55,48.85,50.0,48.5,48.65,48.7,49.05,528726,25935093.5,3776.0,132286.0,25.02
ITI,EQ,06-Feb-2017,49.15,49.55,49.8,48.2,48.65,48.55,48.91,307444,15038172.05,2991.0,145568.0,47.35
ITI,EQ,03-Feb-2017,48.4,48.0,50.35,48.0,49.0,49.15,49.51,1094345,54176926.3,4820.0,201533.0,18.42
ITI,EQ,02-Feb-2017,48.85,49.2,49.5,48.25,48.45,48.4,48.77,430798,21010375.7,2864.0,197655.0,45.88
ITI,EQ,01-Feb-2017,50.75,51.2,51.7,48.4,48.85,48.85,50.13,969295,48591294.45,6827.0,321464.0,33.16
ITI,EQ,31-Jan-2017,51.6,52.45,52.7,50.35,50.7,50.75,51.38,870448,44727122.4,5592.0,327816.0,37.66
ITI,EQ,30-Jan-2017,50.65,50.5,52.85,49.6,51.65,51.6,51.11,974957,49830876.4,5511.0,244031.0,25.03
ITI,EQ,27-Jan-2017,51.7,51.7,51.85,50.25,50.5,50.65,50.98,621731,31694353.6,3056.0,214062.0,34.43
ITI,EQ,25-Jan-2017,51.25,52.0,52.85,51.5,51.6,51.7,51.95,1189118,61768907.7,6353.0,474978.0,39.94
ITI,EQ,24-Jan-2017,48.3,49.8,51.5,48.9,51.15,51.25,50.31,967652,48680083.05,6301.0,365145.0,37.74
ITI,EQ,23-Jan-2017,47.45,47.2,49.25,47.15,48.3,48.3,48.45,355692,17232514.2,1816.0,118367.0,33.28
ITI,EQ,20-Jan-2017,50.35,50.7,50.7,46.4,47.5,47.45,48.58,445217,21629435.4,2628.0,234877.0,52.76
ITI,EQ,19-Jan-2017,51.0,51.0,51.35,50.15,50.35,50.35,50.66,306391,15520559.95,1730.0,122635.0,40.03
ITI,EQ,18-Jan-2017,51.3,51.65,51.9,50.4,51.0,51.0,51.14,383220,19596502.2,2387.0,179741.0,46.9
ITI,EQ,17-Jan-2017,49.5,49.75,54.45,49.25,51.2,51.3,52.29,1701351,88960560.65,8199.0,463484.0,27.24
ITI,EQ,16-Jan-2017,50.05,49.6,50.45,49.3,49.4,49.5,49.83,346571,17269045.55,2158.0,148647.0,42.89
ITI,EQ,13-Jan-2017,50.75,50.65,51.65,49.55,49.8,50.05,50.5,554879,28023843.85,4078.0,133523.0,24.06
ITI,EQ,12-Jan-2017,50.4,50.4,51.7,49.45,50.45,50.75,50.5,1105787,55839120.1,4908.0,270797.0,24.49
ITI,EQ,11-Jan-2017,51.2,51.3,51.85,49.5,49.5,50.4,50.9,634105,32276286.7,3911.0,244106.0,38.5
ITI,EQ,10-Jan-2017,50.95,50.65,52.5,49.3,50.95,51.2,51.11,1462426,74742562.85,8009.0,441926.0,30.22
ITI,EQ,09-Jan-2017,46.95,46.95,51.45,46.3,50.65,50.95,49.42,1944136,96087143.3,8929.0,514501.0,26.46
ITI,EQ,06-Jan-2017,48.7,48.9,49.2,46.3,46.75,46.95,47.34,621824,29438072.75,3449.0,266321.0,42.83
ITI,EQ,05-Jan-2017,48.95,49.0,49.75,48.0,48.6,48.7,48.96,662658,32445317.15,3397.0,202876.0,30.62
ITI,EQ,04-Jan-2017,49.05,49.35,49.9,47.85,48.7,48.95,49.02,576525,28259814.25,3585.0,172455.0,29.91
ITI,EQ,03-Jan-2017,49.0,49.05,50.3,47.5,48.85,49.05,48.98,1876292,91905968.4,10178.0,524026.0,27.93
ITI,EQ,02-Jan-2017,44.95,45.5,49.4,44.8,49.4,49.0,47.87,2022063,96792825.9,9591.0,572258.0,28.3
ITI,EQ,30-Dec-2016,45.6,45.9,45.95,44.6,44.8,44.95,45.23,413305,18692327.2,2746.0,168672.0,40.81
ITI,EQ,28-Dec-2018,91.85,92.8,94.2,91.6,91.7,91.85,92.6,791678,73313243.4,5812.0,117367.0,14.83
ITI,EQ,27-Dec-2018,89.6,92.5,93.85,91.45,91.95,91.85,92.5,879706,81369459.35,7681.0,187767.0,21.34
ITI,EQ,26-Dec-2018,90.6,89.9,91.35,88.3,89.5,89.6,89.69,720770,64648877.7,6174.0,124404.0,17.26
ITI,EQ,24-Dec-2018,92.35,92.2,92.95,90.25,90.8,90.6,91.72,476349,43691602.45,3690.0,106129.0,22.28
ITI,EQ,21-Dec-2018,94.05,94.45,95.3,92.15,92.25,92.35,93.25,889944,82989886.2,6337.0,143687.0,16.15
ITI,EQ,20-Dec-2018,95.15,94.5,95.75,93.55,94.0,94.05,94.71,691360,65478942.95,6229.0,153747.0,22.24
ITI,EQ,19-Dec-2018,94.25,94.9,97.0,94.45,95.2,95.15,95.6,926258,88550036.75,7070.0,207305.0,22.38
ITI,EQ,18-Dec-2018,95.1,94.2,95.9,93.8,94.25,94.25,94.69,527724,49971467.5,5204.0,127267.0,24.12
ITI,EQ,17-Dec-2018,92.8,94.4,98.7,92.6,94.45,95.1,96.07,2714901,260817562.3,20512.0,448375.0,16.52
ITI,EQ,14-Dec-2018,93.2,92.65,93.9,91.55,92.7,92.8,92.77,480856,44609070.15,4402.0,137633.0,28.62
ITI,EQ,13-Dec-2018,92.8,93.6,95.2,92.2,93.05,93.2,93.84,871138,81746950.25,8617.0,211883.0,24.32
ITI,EQ,12-Dec-2018,91.4,91.65,94.0,91.2,92.6,92.8,92.91,761114,70716821.3,5792.0,258628.0,33.98
ITI,EQ,11-Dec-2018,91.2,90.0,93.45,89.3,91.25,91.4,91.76,1300658,119352199.15,11322.0,243551.0,18.73
ITI,EQ,10-Dec-2018,86.75,85.0,92.9,83.55,90.35,91.2,90.18,2640963,238164060.8,19423.0,306010.0,11.59
ITI,EQ,07-Dec-2018,87.65,88.5,88.95,86.15,86.9,86.75,87.23,469670,40968263.35,4243.0,142992.0,30.45
ITI,EQ,06-Dec-2018,90.3,89.75,90.15,87.2,87.7,87.65,88.56,446045,39500585.9,4226.0,128494.0,28.81
ITI,EQ,05-Dec-2018,92.1,91.85,92.65,90.0,90.35,90.3,91.04,395808,36035998.0,3527.0,121959.0,30.81
ITI,EQ,04-Dec-2018,93.0,92.9,94.2,91.7,91.9,92.1,92.6,530034,49080977.1,6226.0,152094.0,28.7
ITI,EQ,03-Dec-2018,94.85,95.6,95.65,92.55,92.7,93.0,93.72,430530,40349152.75,4118.0,144413.0,33.54
ITI,EQ,30-Nov-2018,89.8,94.0,97.4,92.55,94.2,94.85,95.12,2395273,227845215.35,25744.0,431337.0,18.01
ITI,EQ,29-Nov-2018,90.55,90.85,92.7,89.55,89.7,89.8,90.61,512534,46438738.7,4228.0,156342.0,30.5
ITI,EQ,28-Nov-2018,92.85,93.55,94.6,90.15,90.4,90.55,92.05,577277,53141140.2,4915.0,161756.0,28.02
ITI,EQ,27-Nov-2018,94.0,93.8,96.3,92.25,93.0,92.85,93.66,709775,66480399.0,5832.0,153991.0,21.7
ITI,EQ,26-Nov-2018,96.65,96.15,98.65,93.55,93.65,94.0,95.33,1067385,101749298.35,8665.0,206764.0,19.37
ITI,EQ,22-Nov-2018,101.8,100.0,101.6,96.0,96.1,96.65,98.88,2180239,215582160.7,14928.0,527170.0,24.18
ITI,EQ,21-Nov-2018,97.95,96.0,103.85,95.0,100.95,101.8,101.2,7794927,788808799.0,53767.0,653571.0,8.38
ITI,EQ,20-Nov-2018,86.9,86.3,99.6,86.3,97.15,97.95,96.68,11358398,1098177506.5,75273.0,1052759.0,9.27
ITI,EQ,19-Nov-2018,87.15,86.1,87.7,85.0,86.75,86.9,86.48,444977,38483503.3,4516.0,110004.0,24.72
ITI,EQ,16-Nov-2018,89.75,89.95,90.0,86.6,86.75,87.15,88.04,410280,36122284.6,3729.0,130802.0,31.88
ITI,EQ,15-Nov-2018,91.85,90.5,91.1,89.15,89.55,89.75,90.0,471411,42425165.05,3692.0,129789.0,27.53
ITI,EQ,14-Nov-2018,90.45,90.55,93.8,89.3,91.8,91.85,91.95,1438579,132273202.3,11415.0,220422.0,15.32
ITI,EQ,13-Nov-2018,92.2,91.0,91.7,88.35,90.05,90.45,89.99,763421,68700636.15,7426.0,172705.0,22.62
ITI,EQ,12-Nov-2018,101.35,98.1,98.65,91.15,92.05,92.2,94.69,1569996,148661137.5,13145.0,555973.0,35.41
ITI,EQ,09-Nov-2018,94.1,102.9,103.55,98.0,100.25,101.35,100.58,4403807,442913382.1,33916.0,726741.0,16.5
ITI,EQ,07-Nov-2018,88.55,88.9,96.6,88.05,96.3,94.1,93.61,1659937,155382776.65,10145.0,464969.0,28.01
ITI,EQ,06-Nov-2018,87.5,88.4,90.45,87.6,88.35,88.55,88.67,1632491,144751624.4,11278.0,340028.0,20.83
ITI,EQ,05-Nov-2018,80.8,80.0,88.65,79.25,87.25,87.5,85.87,2343416,201236416.85,15159.0,493265.0,21.05
ITI,EQ,02-Nov-2018,81.0,81.7,82.7,80.25,80.95,80.8,81.55,442676,36099279.25,3175.0,157553.0,35.59
ITI,EQ,01-Nov-2018,78.5,78.85,82.9,78.4,81.0,81.0,81.16,1123601,91193285.8,8480.0,198000.0,17.62
ITI,EQ,31-Oct-2018,75.85,75.95,80.4,75.8,78.35,78.5,77.79,605861,47132550.2,4741.0,162325.0,26.79
ITI,EQ,30-Oct-2018,75.7,75.8,77.75,75.1,75.8,75.85,76.56,384009,29399265.1,3173.0,122611.0,31.93
ITI,EQ,29-Oct-2018,73.6,74.35,77.6,73.0,75.55,75.7,75.31,439649,33111189.45,4011.0,125048.0,28.44
ITI,EQ,26-Oct-2018,75.6,75.95,75.95,69.35,73.35,73.6,73.84,337807,24942908.5,2995.0,110521.0,32.72
ITI,EQ,25-Oct-2018,76.95,75.85,76.1,75.0,76.0,75.6,75.58,212588,16068232.9,1933.0,81253.0,38.22
ITI,EQ,24-Oct-2018,77.9,78.7,79.35,76.5,76.85,76.95,77.88,339090,26408742.0,3017.0,124635.0,36.76
ITI,EQ,23-Oct-2018,79.25,78.65,80.4,77.55,77.85,77.9,78.71,315247,24812180.75,2998.0,117040.0,37.13
ITI,EQ,22-Oct-2018,80.2,80.55,84.9,78.25,79.05,79.25,81.75,1052052,86001883.1,8301.0,170675.0,16.22
ITI,EQ,19-Oct-2018,80.45,80.0,82.4,79.1,80.4,80.2,80.35,363574,29212499.3,2687.0,107891.0,29.68
ITI,EQ,17-Oct-2018,83.15,83.95,86.4,80.0,80.5,80.45,83.38,1171221,97655261.15,8398.0,247668.0,21.15
ITI,EQ,16-Oct-2018,83.15,83.1,84.8,82.7,83.0,83.15,83.67,410286,34328723.55,3318.0,120645.0,29.41
ITI,EQ,15-Oct-2018,83.45,84.0,84.85,82.35,82.8,83.15,83.25,467494,38917569.7,3706.0,127339.0,27.24
ITI,EQ,12-Oct-2018,81.45,83.0,86.0,82.35,83.2,83.45,84.3,1332976,112375709.2,10303.0,332671.0,24.96
ITI,EQ,11-Oct-2018,79.4,76.9,83.45,75.75,80.5,81.45,79.72,1710165,136335971.75,13477.0,309138.0,18.08
ITI,EQ,10-Oct-2018,70.3,71.0,82.0,70.75,81.4,79.4,76.96,1686546,129793157.65,11183.0,376459.0,22.32
ITI,EQ,09-Oct-2018,73.75,74.15,74.65,69.1,70.0,70.3,71.59,515189,36883354.15,4602.0,167281.0,32.47
ITI,EQ,08-Oct-2018,77.45,76.0,76.8,72.7,73.1,73.75,74.75,341535,25528953.3,3608.0,143265.0,41.95
ITI,EQ,05-Oct-2018,79.65,79.0,80.5,76.5,76.6,77.45,78.7,285149,22442010.35,3158.0,116713.0,40.93
ITI,EQ,04-Oct-2018,81.65,79.65,81.25,78.3,79.4,79.65,80.0,340574,27244691.95,2885.0,91997.0,27.01
ITI,EQ,03-Oct-2018,80.85,81.3,83.55,78.6,81.85,81.65,81.7,588528,48083485.95,5580.0,132257.0,22.47
ITI,EQ,01-Oct-2018,81.75,82.45,82.45,77.2,81.7,80.85,79.28,528934,41934781.35,4811.0,122556.0,23.17
ITI,EQ,28-Sep-2018,86.85,87.45,87.85,79.55,81.95,81.75,83.0,629787,52269372.35,5628.0,169600.0,26.93
ITI,EQ,27-Sep-2018,90.25,89.0,90.0,86.35,87.0,86.85,88.18,352902,31120646.35,3335.0,132650.0,37.59
ITI,EQ,26-Sep-2018,85.95,89.2,91.85,87.5,89.75,90.25,89.85,2147537,192961639.2,18763.0,305275.0,14.22
ITI,EQ,25-Sep-2018,85.75,87.2,87.7,83.0,85.9,85.95,86.01,808409,69527567.8,7581.0,177999.0,22.02
ITI,EQ,24-Sep-2018,89.05,90.4,90.4,85.2,85.65,85.75,86.61,415786,36010932.3,4151.0,133426.0,32.09
ITI,EQ,21-Sep-2018,95.7,96.45,97.05,85.1,89.05,89.05,91.37,766609,70046191.55,6006.0,249636.0,32.56
ITI,EQ,19-Sep-2018,97.6,98.15,98.55,95.25,95.35,95.7,96.92,431572,41829260.1,3646.0,132892.0,30.79
ITI,EQ,18-Sep-2018,98.6,99.1,101.3,97.1,97.4,97.6,99.49,894402,88986166.35,7103.0,208426.0,23.3
ITI,EQ,17-Sep-2018,101.25,100.7,100.9,98.35,98.4,98.6,99.18,532494,52815313.5,3884.0,148540.0,27.9
ITI,EQ,14-Sep-2018,100.35,101.8,103.0,101.0,101.15,101.25,101.6,645737,65603719.15,4189.0,170756.0,26.44
ITI,EQ,12-Sep-2018,104.55,103.7,104.0,99.0,100.2,100.35,100.6,1083662,109021739.4,7088.0,248693.0,22.95
ITI,EQ,11-Sep-2018,104.4,106.9,108.0,103.8,104.4,104.55,105.8,1479480,156531821.6,12182.0,291572.0,19.71
ITI,EQ,10-Sep-2018,102.05,104.0,105.65,102.9,104.0,104.4,104.15,1650156,171863383.85,13262.0,323997.0,19.63
ITI,EQ,07-Sep-2018,103.75,103.75,105.2,101.1,101.7,102.05,102.72,1315375,135116753.75,10103.0,231995.0,17.64
ITI,EQ,06-Sep-2018,106.65,108.0,108.6,102.2,103.5,103.75,104.91,1061715,111383006.55,8992.0,265964.0,25.05
ITI,EQ,05-Sep-2018,110.65,110.95,113.2,104.5,106.65,106.65,108.26,1400469,151610385.6,12670.0,253861.0,18.13
ITI,EQ,04-Sep-2018,111.65,111.3,115.35,109.25,111.4,110.65,112.8,2058401,232184757.95,15679.0,307246.0,14.93
ITI,EQ,03-Sep-2018,115.3,115.35,115.35,109.85,111.0,111.65,112.49,2990688,336428745.2,22103.0,542755.0,18.15
ITI,EQ,31-Aug-2018,111.75,115.2,119.8,112.55,114.8,115.3,116.78,9050286,1056923823.95,59088.0,1437656.0,15.89
ITI,EQ,30-Aug-2018,93.25,101.0,111.9,100.95,111.9,111.75,108.37,13112421,1420976276.9,75283.0,1752138.0,13.36
ITI,EQ,29-Aug-2018,91.75,92.0,94.6,90.6,93.25,93.25,92.88,824252,76559280.2,6067.0,223806.0,27.15
ITI,EQ,28-Aug-2018,90.55,91.45,96.3,91.15,91.7,91.75,93.45,1509801,141088039.7,9947.0,238362.0,15.79
ITI,EQ,27-Aug-2018,90.35,90.65,92.3,89.0,90.0,90.55,90.74,544051,49369457.45,4368.0,118444.0,21.77
ITI,EQ,24-Aug-2018,93.8,93.35,93.35,90.05,90.1,90.35,90.97,395956,36021693.0,3673.0,148437.0,37.49
ITI,EQ,23-Aug-2018,86.5,95.1,96.95,92.6,93.55,93.8,94.24,3268209,308005699.1,22023.0,582934.0,17.84
ITI,EQ,21-Aug-2018,87.35,87.0,88.25,86.0,86.25,86.5,86.97,358643,31191077.7,2858.0,94597.0,26.38
ITI,EQ,20-Aug-2018,86.75,87.9,88.8,86.15,86.65,87.35,87.04,459109,39959474.35,3484.0,85440.0,18.61
ITI,EQ,17-Aug-2018,86.1,86.9,88.4,86.2,86.4,86.75,87.12,289186,25193690.75,2605.0,72866.0,25.2
ITI,EQ,16-Aug-2018,87.5,87.0,88.2,85.65,86.0,86.1,86.59,302509,26194700.35,2596.0,82865.0,27.39
ITI,EQ,14-Aug-2018,91.85,91.2,91.2,87.0,87.5,87.5,88.58,555035,49162251.5,4341.0,221073.0,39.83
ITI,EQ,13-Aug-2018,93.35,93.0,93.9,85.35,91.55,91.85,92.07,437830,40311459.8,3840.0,109981.0,25.12
ITI,EQ,10-Aug-2018,95.7,95.9,96.7,92.8,93.25,93.35,94.88,651443,61808671.3,4764.0,193375.0,29.68
ITI,EQ,09-Aug-2018,91.35,93.4,96.5,92.55,95.25,95.7,94.84,1670387,158417192.65,12525.0,333664.0,19.98
ITI,EQ,08-Aug-2018,92.6,92.8,93.8,90.5,90.6,91.35,92.08,462778,42612542.45,3315.0,130571.0,28.21
ITI,EQ,07-Aug-2018,93.05,93.0,94.85,91.2,92.35,92.6,92.92,758077,70443503.65,5084.0,147420.0,19.45
ITI,EQ,06-Aug-2018,93.8,94.0,95.2,92.4,93.2,93.05,93.72,750352,70320633.15,5529.0,219551.0,29.26
ITI,EQ,03-Aug-2018,89.05,89.9,96.45,89.05,93.65,93.8,94.04,2269154,213391204.75,13405.0,398547.0,17.56
ITI,EQ,02-Aug-2018,91.1,90.25,90.8,88.5,89.05,89.05,89.52,370306,33148826.2,2587.0,119880.0,32.37
ITI,EQ,01-Aug-2018,90.7,90.9,92.6,90.15,90.7,91.1,91.2,522939,47689495.8,3241.0,119712.0,22.89
ITI,EQ,31-Jul-2018,91.1,90.5,92.65,89.4,90.15,90.7,90.9,701064,63729966.9,5291.0,139993.0,19.97
ITI,EQ,30-Jul-2018,90.85,90.55,93.45,88.25,90.75,91.1,91.18,1358804,123898176.35,9094.0,271258.0,19.96
ITI,EQ,27-Jul-2018,83.45,83.95,92.6,83.0,90.9,90.85,89.56,2486601,222699449.85,15431.0,408702.0,16.44
ITI,EQ,26-Jul-2018,86.4,85.95,87.8,82.8,83.25,83.45,85.26,557425,47527673.5,4238.0,158826.0,28.49
ITI,EQ,25-Jul-2018,84.4,84.5,88.9,84.0,85.45,86.4,87.11,1090949,95037149.6,7766.0,239366.0,21.94
ITI,EQ,24-Jul-2018,82.2,82.2,86.4,81.6,84.25,84.4,84.58,696991,58950268.25,5191.0,150707.0,21.62
ITI,EQ,23-Jul-2018,80.0,80.7,83.5,79.0,81.8,82.2,81.65,478577,39074586.4,4453.0,100915.0,21.09
ITI,EQ,20-Jul-2018,80.15,80.2,82.35,78.4,80.3,80.0,80.25,437007,35069270.15,4241.0,94745.0,21.68
ITI,EQ,19-Jul-2018,82.5,82.9,82.9,79.5,79.8,80.15,80.8,327905,26495398.5,3567.0,91062.0,27.77
ITI,EQ,18-Jul-2018,85.85,85.8,86.55,81.8,82.3,82.5,83.78,422266,35375550.4,4440.0,125571.0,29.74
ITI,EQ,17-Jul-2018,84.65,84.0,88.0,81.5,85.6,85.85,84.78,932359,79050038.75,6842.0,163397.0,17.53
ITI,EQ,16-Jul-2018,91.8,90.15,90.15,84.0,84.3,84.65,86.72,652131,56552387.8,5515.0,194850.0,29.88
ITI,EQ,13-Jul-2018,96.55,95.7,96.6,91.1,91.15,91.8,93.87,847624,79568574.6,6755.0,201410.0,23.76
ITI,EQ,12-Jul-2018,96.4,96.0,98.7,94.0,95.65,96.55,96.37,2906573,280111367.0,19864.0,339152.0,11.67
ITI,EQ,11-Jul-2018,92.55,92.95,98.4,91.1,95.2,96.4,94.85,4414041,418678288.2,29871.0,499220.0,11.31
ITI,EQ,10-Jul-2018,81.0,81.5,94.4,80.5,94.0,92.55,89.6,4500503,403222940.25,26357.0,467540.0,10.39
ITI,EQ,09-Jul-2018,77.65,77.7,82.4,77.2,80.95,81.0,80.48,825868,66465906.1,5469.0,172290.0,20.86
ITI,EQ,06-Jul-2018,77.2,77.0,79.7,75.25,77.35,77.65,78.02,360503,28127719.75,3310.0,66848.0,18.54
ITI,EQ,05-Jul-2018,78.75,78.8,78.8,76.7,76.85,77.2,77.7,189302,14708186.15,2006.0,41873.0,22.12
ITI,EQ,04-Jul-2018,77.45,77.65,79.6,75.95,78.2,78.75,77.7,346051,26888741.85,3296.0,85148.0,24.61
ITI,EQ,03-Jul-2018,78.25,77.25,78.7,76.2,77.2,77.45,77.44,185577,14371504.15,1892.0,45215.0,24.36
ITI,EQ,02-Jul-2018,79.85,80.6,80.6,77.0,78.0,78.25,78.37,271201,21253646.95,2433.0,81057.0,29.89
ITI,EQ,29-Jun-2018,75.8,76.8,80.5,76.0,79.9,79.85,78.75,438538,34533468.55,3515.0,116337.0,26.53
ITI,EQ,28-Jun-2018,77.0,77.45,77.9,74.5,76.3,75.8,75.98,497319,37785254.5,4834.0,132969.0,26.74
ITI,EQ,27-Jun-2018,81.15,81.45,81.45,76.25,77.0,77.0,78.35,313523,24564397.9,3032.0,120518.0,38.44
ITI,EQ,26-Jun-2018,82.35,82.35,82.65,80.5,81.0,81.15,81.5,265728,21655934.2,2806.0,68445.0,25.76
ITI,EQ,25-Jun-2018,83.3,83.0,85.5,81.7,82.0,82.35,83.69,413689,34622676.65,3982.0,109193.0,26.39
ITI,EQ,22-Jun-2018,83.65,83.5,84.4,81.6,83.1,83.3,82.99,464900,38580389.35,3919.0,70664.0,15.2
ITI,EQ,21-Jun-2018,84.8,85.0,86.2,83.4,83.4,83.65,84.66,381994,32341298.5,3442.0,67114.0,17.57
ITI,EQ,20-Jun-2018,83.75,83.9,86.7,83.1,84.6,84.8,85.28,400744,34174840.75,3216.0,110085.0,27.47
ITI,EQ,19-Jun-2018,87.9,87.45,87.45,83.1,83.75,83.75,84.94,406573,34535881.1,3729.0,123558.0,30.39
ITI,EQ,18-Jun-2018,91.95,91.1,91.65,87.0,87.7,87.9,88.54,436434,38641871.95,3933.0,143867.0,32.96
ITI,EQ,15-Jun-2018,95.3,95.3,96.0,91.1,91.65,91.95,93.77,481346,45137859.15,4088.0,142890.0,29.69
ITI,EQ,14-Jun-2018,97.15,97.0,97.0,94.65,94.95,95.3,95.39,705378,67283804.25,4940.0,146872.0,20.82
ITI,EQ,13-Jun-2018,94.9,96.5,99.0,96.25,97.0,97.15,97.25,1569153,152595462.4,12950.0,239684.0,15.27
ITI,EQ,12-Jun-2018,93.35,93.5,96.5,91.0,94.7,94.9,93.95,1205227,113232378.05,8370.0,189097.0,15.69
ITI,EQ,11-Jun-2018,91.65,91.6,95.3,91.1,93.35,93.35,93.7,1024072,95955453.95,6945.0,216876.0,21.18
ITI,EQ,08-Jun-2018,85.5,84.3,92.75,83.5,91.0,91.65,89.68,1990490,178511476.0,14687.0,287983.0,14.47
ITI,EQ,07-Jun-2018,80.35,83.9,88.0,80.5,85.9,85.5,83.55,1828395,152762923.9,12667.0,273421.0,14.95
ITI,EQ,06-Jun-2018,75.2,74.0,82.05,73.35,80.25,80.35,79.09,1572626,124381297.9,11079.0,263693.0,16.77
ITI,EQ,05-Jun-2018,78.4,81.0,81.0,71.2,75.5,75.2,76.0,1512475,114948385.7,12793.0,306869.0,20.29
ITI,EQ,04-Jun-2018,86.2,87.0,87.4,78.0,78.45,78.4,80.79,535387,43252726.0,5634.0,220982.0,41.28
ITI,EQ,01-Jun-2018,92.9,92.9,93.3,84.2,86.6,86.2,88.72,459089,40731726.5,4522.0,180958.0,39.42
ITI,EQ,31-May-2018,93.7,94.5,94.5,92.55,92.9,92.9,93.51,220689,20636064.05,2216.0,92474.0,41.9
ITI,EQ,30-May-2018,95.4,95.0,95.05,91.85,93.35,93.7,94.13,280955,26445902.9,2446.0,101369.0,36.08
ITI,EQ,29-May-2018,95.8,95.5,96.8,94.85,95.8,95.4,95.75,276843,26506981.45,2303.0,99951.0,36.1
ITI,EQ,28-May-2018,94.6,95.4,96.95,95.05,95.45,95.8,95.88,243218,23319419.95,2266.0,94957.0,39.04
ITI,EQ,25-May-2018,93.35,94.5,97.2,93.3,94.4,94.6,94.97,462532,43926347.6,3607.0,135494.0,29.29
ITI,EQ,24-May-2018,95.95,96.6,97.35,92.85,93.35,93.35,94.4,348319,32879733.3,3382.0,91833.0,26.36
ITI,EQ,23-May-2018,96.75,95.5,98.4,95.5,96.0,95.95,96.83,251131,24318200.2,2586.0,110932.0,44.17
ITI,EQ,22-May-2018,98.55,99.35,101.85,95.0,95.35,96.75,99.45,534393,53147430.5,5060.0,211781.0,39.63
ITI,EQ,21-May-2018,108.05,106.7,106.7,92.0,98.45,98.55,100.55,567167,57028299.95,5574.0,211356.0,37.27
ITI,EQ,18-May-2018,108.05,108.0,111.15,106.85,108.9,108.05,108.87,437799,47662524.0,4018.0,140974.0,32.2
ITI,EQ,17-May-2018,106.15,106.95,109.0,106.5,107.8,108.05,108.13,267481,28922653.7,2878.0,87946.0,32.88
ITI,EQ,16-May-2018,106.25,106.0,107.95,105.1,106.15,106.15,106.44,305974,32568206.5,3407.0,86285.0,28.2
ITI,EQ,15-May-2018,107.05,106.65,110.05,105.5,106.45,106.25,107.79,462080,49808005.1,6717.0,161100.0,34.86
ITI,EQ,14-May-2018,111.8,112.5,112.8,105.2,106.65,107.05,109.28,302463,33053525.15,4033.0,138043.0,45.64
ITI,EQ,11-May-2018,112.75,113.75,114.4,111.0,111.6,111.8,112.41,295318,33197232.8,3783.0,107162.0,36.29
ITI,EQ,10-May-2018,116.5,116.1,116.1,112.25,112.45,112.75,113.79,276126,31419061.0,3088.0,130971.0,47.43
ITI,EQ,09-May-2018,114.2,114.0,119.4,112.85,116.0,116.5,116.06,805464,93479929.35,6763.0,184629.0,22.92
ITI,EQ,08-May-2018,114.95,115.8,115.9,113.5,114.0,114.2,114.62,189567,21728267.05,2535.0,73172.0,38.6
ITI,EQ,07-May-2018,114.65,115.9,116.4,112.25,114.95,114.95,114.92,301093,34602148.75,4576.0,100079.0,33.24
ITI,EQ,04-May-2018,116.15,116.05,118.2,114.1,114.8,114.65,116.06,273946,31794761.3,4195.0,116070.0,42.37
ITI,EQ,03-May-2018,120.4,119.4,119.9,115.7,116.0,116.15,117.36,335225,39343274.3,4790.0,149511.0,44.6
ITI,EQ,02-May-2018,121.2,121.9,123.7,119.8,120.0,120.4,121.36,384669,46683073.4,4947.0,119310.0,31.02
ITI,EQ,30-Apr-2018,121.35,122.05,123.3,120.8,121.0,121.2,121.94,202536,24697604.3,2793.0,62957.0,31.08
ITI,EQ,27-Apr-2018,121.65,122.0,124.0,121.0,121.0,121.35,122.39,286306,35039802.5,2989.0,98276.0,34.33
ITI,EQ,26-Apr-2018,122.5,122.05,123.5,121.0,121.6,121.65,121.89,285998,34859506.55,3506.0,78582.0,27.48
ITI,EQ,25-Apr-2018,124.5,124.9,125.5,121.9,122.05,122.5,123.5,309367,38207067.7,3485.0,121462.0,39.26
ITI,EQ,24-Apr-2018,125.55,126.7,126.7,124.0,124.3,124.5,125.03,355406,44436957.5,4119.0,116423.0,32.76
ITI,EQ,23-Apr-2018,123.45,123.8,127.3,122.6,125.8,125.55,125.7,725700,91222208.2,10012.0,202210.0,27.86
ITI,EQ,20-Apr-2018,125.75,125.4,126.25,123.05,123.3,123.45,124.53,406082,50570791.15,4003.0,145492.0,35.83
ITI,EQ,19-Apr-2018,125.55,126.0,127.9,125.1,125.55,125.75,126.12,514791,64926598.5,6207.0,117980.0,22.92
ITI,EQ,18-Apr-2018,127.7,128.05,128.65,125.1,125.1,125.55,126.88,376407,47756776.3,5765.0,123687.0,32.86
ITI,EQ,17-Apr-2018,127.6,127.15,131.15,126.5,127.75,127.7,128.36,986644,126642756.5,12041.0,180375.0,18.28
ITI,EQ,16-Apr-2018,128.4,126.7,130.95,123.6,127.3,127.6,126.95,1052149,133567191.15,8664.0,189236.0,17.99
ITI,EQ,13-Apr-2018,132.25,132.7,133.6,127.1,128.05,128.4,130.48,1528426,199433262.75,15622.0,463965.0,30.36
ITI,EQ,12-Apr-2018,125.55,125.5,137.8,122.95,132.5,132.25,132.59,4708600,624335493.15,33875.0,799162.0,16.97
ITI,EQ,11-Apr-2018,126.75,126.8,127.15,125.1,125.5,125.55,125.87,415838,52340734.75,4471.0,90583.0,21.78
ITI,EQ,10-Apr-2018,127.65,128.95,129.0,126.2,126.8,126.75,127.29,426135,54242105.75,5286.0,130956.0,30.73
ITI,EQ,09-Apr-2018,127.1,127.1,129.45,127.0,127.6,127.65,128.2,598779,76761067.8,7064.0,179375.0,29.96
ITI,EQ,06-Apr-2018,127.45,127.95,129.2,124.1,126.65,127.1,127.57,845038,107798657.55,8518.0,196982.0,23.31
ITI,EQ,05-Apr-2018,126.6,129.0,131.9,124.7,127.0,127.45,128.17,2170418,278192483.0,20796.0,341711.0,15.74
ITI,EQ,04-Apr-2018,119.0,129.4,130.9,125.35,126.95,126.6,127.83,4074162,520788809.3,28136.0,1044001.0,25.62
ITI,EQ,03-Apr-2018,114.85,114.6,119.95,113.5,119.4,119.0,117.11,924394,108253624.45,8341.0,308482.0,33.37
ITI,EQ,02-Apr-2018,113.25,114.8,116.2,113.05,114.55,114.85,114.74,361692,41501302.85,3904.0,113700.0,31.44
ITI,EQ,28-Mar-2018,112.95,112.0,117.4,111.5,112.6,113.25,114.74,842957,96717431.85,9194.0,224817.0,26.67
ITI,EQ,27-Mar-2018,112.3,113.7,114.5,112.45,112.6,112.95,113.27,377719,42782454.6,3442.0,157976.0,41.82
ITI,EQ,26-Mar-2018,112.05,113.0,114.5,110.5,112.1,112.3,112.41,695570,78186981.95,6711.0,272328.0,39.15
ITI,EQ,23-Mar-2018,118.65,114.0,114.35,109.0,112.0,112.05,112.78,657831,74193155.8,5865.0,282851.0,43.0
ITI,EQ,22-Mar-2018,116.95,123.9,124.9,117.55,117.85,118.65,120.61,2213178,266940041.65,21068.0,580365.0,26.22
ITI,EQ,21-Mar-2018,113.05,113.5,118.0,113.15,117.2,116.95,115.56,680603,78653874.5,6523.0,241871.0,35.54
ITI,EQ,20-Mar-2018,113.0,112.0,115.85,111.35,113.0,113.05,113.6,518626,58917003.1,7874.0,120654.0,23.26
ITI,EQ,19-Mar-2018,116.7,117.0,117.6,112.1,112.6,113.0,113.99,519234,59186264.3,6766.0,168079.0,32.37
ITI,EQ,16-Mar-2018,122.3,120.5,122.5,115.6,116.8,116.7,119.68,1134893,135827651.15,11205.0,322449.0,28.41
ITI,EQ,15-Mar-2018,111.5,112.45,125.5,112.05,121.0,122.3,120.61,3461324,417485698.95,25208.0,567689.0,16.4
ITI,EQ,14-Mar-2018,111.9,111.4,113.2,110.5,111.1,111.5,111.76,312263,34898719.8,3233.0,81555.0,26.12
ITI,EQ,13-Mar-2018,111.3,111.8,114.5,111.05,112.0,111.9,112.64,473312,53313813.35,5282.0,134923.0,28.51
ITI,EQ,12-Mar-2018,111.25,114.0,114.0,110.15,110.5,111.3,111.78,352700,39424818.15,4059.0,137044.0,38.86
ITI,EQ,09-Mar-2018,114.2,115.35,115.35,110.1,111.15,111.25,113.0,507545,57354037.9,8696.0,137579.0,27.11
ITI,EQ,08-Mar-2018,110.75,111.6,120.0,106.6,113.55,114.2,114.46,2004612,229444634.55,17385.0,265114.0,13.23
ITI,EQ,07-Mar-2018,112.55,112.85,115.85,110.2,111.5,110.75,113.09,619828,70097112.6,8852.0,177825.0,28.69
ITI,EQ,06-Mar-2018,116.9,118.0,119.4,111.3,111.65,112.55,115.92,373832,43336216.35,4720.0,140889.0,37.69
ITI,EQ,05-Mar-2018,120.45,119.95,119.95,116.25,116.4,116.9,117.39,379126,44505059.5,5386.0,139399.0,36.77
ITI,EQ,01-Mar-2018,117.65,116.7,123.85,116.7,120.0,120.45,121.42,2098293,254781054.85,18162.0,373445.0,17.8
ITI,EQ,28-Feb-2018,117.9,116.7,119.8,114.5,117.2,117.65,117.5,589845,69308956.55,6498.0,131273.0,22.26
ITI,EQ,27-Feb-2018,121.3,121.8,122.25,117.4,117.75,117.9,119.19,711437,84796734.5,9374.0,243544.0,34.23
ITI,EQ,26-Feb-2018,125.7,126.4,126.4,121.0,121.1,121.3,122.88,468810,57608906.85,5779.0,205826.0,43.9
ITI,EQ,23-Feb-2018,127.0,126.9,127.75,124.5,125.0,125.7,125.99,657964,82894392.35,6802.0,201124.0,30.57
ITI,EQ,22-Feb-2018,125.05,124.9,132.5,124.65,126.0,127.0,128.98,4492872,579470710.7,37637.0,544472.0,12.12
ITI,EQ,21-Feb-2018,123.1,125.0,126.35,123.15,125.0,125.05,124.56,731548,91124008.95,7615.0,288818.0,39.48
ITI,EQ,20-Feb-2018,123.85,125.0,128.5,121.5,124.0,123.1,125.37,1652387,207158316.8,15580.0,288994.0,17.49
ITI,EQ,19-Feb-2018,117.8,118.5,125.6,113.5,124.8,123.85,120.68,1584965,191270494.6,13314.0,361155.0,22.79
ITI,EQ,16-Feb-2018,118.85,121.0,122.5,116.2,117.7,117.8,118.55,571057,67698309.55,7188.0,165836.0,29.04
ITI,EQ,15-Feb-2018,125.15,126.5,127.45,115.6,120.6,118.85,121.4,1340085,162684842.75,14568.0,373991.0,27.91
ITI,EQ,14-Feb-2018,117.7,122.0,131.0,121.4,125.5,125.15,126.77,2921470,370366670.05,23998.0,596639.0,20.42
ITI,EQ,12-Feb-2018,104.7,107.6,120.75,107.6,118.5,117.7,114.82,1791187,205656197.7,17402.0,373816.0,20.87
ITI,EQ,09-Feb-2018,104.25,102.0,105.8,100.05,105.3,104.7,103.98,498800,51862757.9,5389.0,155813.0,31.24
ITI,EQ,08-Feb-2018,100.55,100.95,105.9,100.55,104.8,104.25,104.15,536096,55834292.3,5115.0,165517.0,30.87
ITI,EQ,07-Feb-2018,98.35,101.0,103.5,99.25,100.0,100.55,101.5,508667,51630319.0,5103.0,158079.0,31.08
ITI,EQ,06-Feb-2018,105.95,99.0,101.6,96.1,98.05,98.35,99.1,707407,70100735.25,6232.0,271158.0,38.33
ITI,EQ,05-Feb-2018,108.45,101.0,110.95,100.35,105.95,105.95,105.71,830051,87747476.7,7917.0,229054.0,27.6
ITI,EQ,02-Feb-2018,117.05,117.0,117.0,106.55,108.5,108.45,111.16,738323,82072979.25,6537.0,261531.0,35.42
ITI,EQ,01-Feb-2018,118.8,119.85,122.0,116.1,118.0,117.05,118.68,740261,87853270.1,7910.0,202589.0,27.37
ITI,EQ,31-Jan-2018,116.7,116.2,122.35,113.55,118.35,118.8,118.2,657892,77760581.95,6744.0,172542.0,26.23
ITI,EQ,30-Jan-2018,113.15,112.7,124.85,109.0,116.7,116.7,119.17,2392637,285123939.75,20912.0,314223.0,13.13
ITI,EQ,29-Jan-2018,117.6,120.05,120.05,112.35,113.0,113.15,115.32,471762,54403546.85,4065.0,184799.0,39.17
ITI,EQ,25-Jan-2018,121.25,121.5,121.85,116.95,117.0,117.6,118.15,455933,53866523.9,4628.0,194392.0,42.64
ITI,EQ,24-Jan-2018,126.1,126.0,126.4,120.9,121.0,121.25,123.04,455002,55983617.95,4334.0,228034.0,50.12
ITI,EQ,23-Jan-2018,128.5,128.2,129.7,125.65,125.75,126.1,127.64,376291,48029254.05,3962.0,151923.0,40.37
ITI,EQ,22-Jan-2018,128.1,129.6,132.2,127.35,128.2,128.5,129.24,541271,69952893.95,6846.0,144284.0,26.66
ITI,EQ,19-Jan-2018,128.1,128.35,130.0,125.1,127.6,128.1,127.65,420226,53642309.05,4137.0,139014.0,33.08
ITI,EQ,18-Jan-2018,131.25,132.85,135.35,127.5,127.9,128.1,131.12,479013,62807655.25,5231.0,179092.0,37.39
ITI,EQ,17-Jan-2018,132.25,132.5,132.9,128.0,131.0,131.25,130.56,353001,46087480.5,3445.0,167559.0,47.47
ITI,EQ,16-Jan-2018,137.1,137.95,137.95,130.55,131.9,132.25,133.89,611784,81914003.55,8716.0,229842.0,37.57
ITI,EQ,15-Jan-2018,136.45,136.9,139.25,136.45,137.0,137.1,137.58,372153,51200282.15,5794.0,113112.0,30.39
ITI,EQ,12-Jan-2018,138.5,139.05,139.5,135.75,136.2,136.45,137.52,390398,53687230.65,5964.0,142709.0,36.55
ITI,EQ,11-Jan-2018,137.45,137.6,141.7,137.35,138.55,138.5,139.11,546575,76031412.25,6931.0,158986.0,29.09
ITI,EQ,10-Jan-2018,138.6,139.0,139.6,136.4,137.55,137.45,137.86,389248,53661808.75,3941.0,157307.0,40.41
ITI,EQ,09-Jan-2018,140.55,141.5,141.5,138.0,138.25,138.6,139.31,445238,62024615.65,5430.0,181494.0,40.76
ITI,EQ,08-Jan-2018,138.35,140.45,142.95,139.6,140.0,140.55,141.14,817717,115413717.3,10190.0,262585.0,32.11
ITI,EQ,05-Jan-2018,140.5,141.85,141.85,138.0,138.25,138.35,139.69,527514,73686364.55,5998.0,219550.0,41.62
ITI,EQ,04-Jan-2018,140.8,141.25,143.5,140.1,140.25,140.5,141.42,747085,105655089.65,8883.0,214746.0,28.74
ITI,EQ,03-Jan-2018,144.8,143.4,144.4,140.45,140.6,140.8,141.87,967198,137220387.7,11518.0,315125.0,32.58
ITI,EQ,02-Jan-2018,138.6,139.1,155.0,135.0,144.15,144.8,145.52,6642810,966643125.75,37548.0,1161011.0,17.48
ITI,EQ,01-Jan-2018,137.5,137.0,143.3,135.3,138.6,138.6,140.11,1051875,147376583.45,8155.0,252016.0,23.96
ITI,EQ,27-Dec-2019,92.9,93.4,93.5,91.7,92.25,92.3,92.61,489392,45321294.5,4054.0,153119.0,31.29
ITI,EQ,26-Dec-2019,94.2,94.3,95.2,92.55,92.95,92.9,94.05,628198,59084526.5,4141.0,226690.0,36.09
ITI,EQ,24-Dec-2019,95.6,96.7,97.5,93.8,94.15,94.2,95.66,2439294,233341267.35,17606.0,658642.0,27.00
ITI,EQ,23-Dec-2019,92.65,92.6,96.15,91.85,95.7,95.6,94.73,2185190,207006076.1,15925.0,494847.0,22.65
ITI,EQ,20-Dec-2019,94.6,93.35,94.25,91.75,92.8,92.65,92.95,902061,83849131.3,7955.0,226330.0,25.09
ITI,EQ,19-Dec-2019,89.9,89.85,96.7,89.1,94.8,94.6,93.76,2286698,214410924.65,14235.0,603481.0,26.39
ITI,EQ,18-Dec-2019,91.85,91.2,91.65,89.55,89.7,89.9,90.35,429139,38772252.5,4285.0,134939.0,31.44
ITI,EQ,17-Dec-2019,90.7,90.55,93.5,90.5,91.65,91.85,92.07,846882,77969440.4,8717.0,152217.0,17.97
ITI,EQ,16-Dec-2019,93.35,92.6,92.65,90.4,90.6,90.7,91.03,530912,48330513.4,4186.0,167632.0,31.57
ITI,EQ,13-Dec-2019,88.85,93.95,94.75,92.5,92.95,93.35,93.57,3586952,335625277.2,23535.0,768134.0,21.41
ITI,EQ,12-Dec-2019,84.25,84.2,90.1,84.1,89.6,88.85,87.08,1078876,93944687.65,7953.0,401992.0,37.26
ITI,EQ,11-Dec-2019,84.25,84.4,86.2,83.2,84.0,84.25,84.8,975425,82713813.8,7726.0,155885.0,15.98
ITI,EQ,10-Dec-2019,86.75,87.0,87.35,83.9,83.95,84.25,85.7,382353,32766143.05,4073.0,153319.0,40.10
ITI,EQ,09-Dec-2019,87.1,86.25,89.2,86.25,86.65,86.75,87.68,562979,49362851.7,5635.0,137409.0,24.41
ITI,EQ,06-Dec-2019,89.1,88.9,90.45,86.15,86.9,87.1,88.4,518776,45860200.1,5623.0,159074.0,30.66
ITI,EQ,05-Dec-2019,90.2,90.4,90.7,88.45,88.85,89.1,89.38,353723,31617008.3,3594.0,110849.0,31.34
ITI,EQ,04-Dec-2019,89.45,88.85,92.1,87.7,89.8,90.2,90.41,1438503,130061083.65,10792.0,204168.0,14.19
ITI,EQ,03-Dec-2019,92.3,91.8,92.75,89.05,89.25,89.45,90.46,591658,53519198.45,4102.0,179085.0,30.27
ITI,EQ,02-Dec-2019,91.5,93.5,94.3,91.5,91.8,92.3,92.78,1125431,104419622.25,9088.0,238706.0,21.21
ITI,EQ,29-Nov-2019,88.25,91.4,96.0,91.0,91.2,91.5,93.84,3921325,367993400.2,25835.0,861835.0,21.98
ITI,EQ,28-Nov-2019,87.1,87.35,89.9,86.5,88.85,88.25,88.32,1013531,89511260.55,6316.0,241829.0,23.86
ITI,EQ,27-Nov-2019,87.9,87.5,88.5,86.7,86.75,87.1,87.51,322635,28232456.85,2510.0,112056.0,34.73
ITI,EQ,26-Nov-2019,87.3,87.7,91.0,86.55,87.8,87.9,89.16,1439816,128371887.7,9746.0,259992.0,18.06
ITI,EQ,25-Nov-2019,86.6,86.55,87.85,86.5,87.4,87.3,87.22,393751,34343701.1,3261.0,102149.0,25.94
ITI,EQ,22-Nov-2019,86.85,86.55,88.0,86.1,86.2,86.6,86.89,401921,34923166.4,3840.0,138012.0,34.34
ITI,EQ,21-Nov-2019,91.75,89.4,89.5,86.5,86.7,86.85,88.08,693962,61124072.2,5055.0,283931.0,40.91
ITI,EQ,20-Nov-2019,87.2,87.5,94.2,87.0,91.5,91.75,91.03,3331196,303237328.45,20753.0,545953.0,16.39
ITI,EQ,19-Nov-2019,88.15,87.5,88.15,86.0,87.1,87.2,87.19,442258,38560429.95,3029.0,125529.0,28.38
ITI,EQ,18-Nov-2019,87.1,88.6,89.35,87.4,88.25,88.15,88.29,849128,74973514.6,7699.0,213964.0,25.20
ITI,EQ,15-Nov-2019,85.95,86.0,88.6,85.55,87.35,87.1,87.12,683847,59575070.5,7437.0,151174.0,22.11
ITI,EQ,14-Nov-2019,87.15,86.9,87.6,85.3,85.9,85.95,86.18,433778,37381723.95,4577.0,115697.0,26.67
ITI,EQ,13-Nov-2019,91.45,90.7,90.7,86.4,87.2,87.15,88.72,740810,65721014.25,6428.0,244735.0,33.04
ITI,EQ,11-Nov-2019,85.8,85.6,92.1,85.35,91.6,91.45,89.3,2135108,190673998.75,16380.0,392223.0,18.37
ITI,EQ,08-Nov-2019,87.85,86.9,88.8,85.15,85.25,85.8,86.97,546986,47569711.2,4699.0,156066.0,28.53
ITI,EQ,07-Nov-2019,88.9,89.05,89.3,87.5,87.55,87.85,88.21,521139,45967296.95,5007.0,115328.0,22.13
ITI,EQ,06-Nov-2019,88.8,89.15,90.7,88.0,88.45,88.9,89.34,723394,64627874.7,6789.0,129307.0,17.88
ITI,EQ,05-Nov-2019,90.8,91.1,91.1,88.5,88.75,88.8,89.4,437363,39098398.75,4075.0,170202.0,38.92
ITI,EQ,04-Nov-2019,91.9,91.7,93.3,89.5,90.6,90.8,91.2,1023687,93355924.45,8722.0,179170.0,17.50
ITI,EQ,01-Nov-2019,92.0,91.25,93.35,88.5,91.85,91.9,90.84,1160424,105414457.55,9217.0,257322.0,22.17
ITI,EQ,31-Oct-2019,96.3,95.95,96.0,91.4,91.9,92.0,93.8,1101517,103326084.8,8516.0,436451.0,39.62
ITI,EQ,30-Oct-2019,86.75,92.0,100.95,91.5,95.6,96.3,97.48,8742346,852205644.2,50312.0,1507552.0,17.24
ITI,EQ,29-Oct-2019,80.6,82.05,87.45,81.6,87.0,86.75,85.0,2184951,185727522.5,15160.0,731942.0,33.50
ITI,EQ,27-Oct-2019,80.1,80.6,80.95,80.2,80.7,80.6,80.6,100907,8133112.7,682.0,50502.0,50.05
ITI,EQ,25-Oct-2019,81.2,81.5,81.65,79.5,79.8,80.1,80.48,383385,30854845.95,3093.0,112674.0,29.39
ITI,EQ,24-Oct-2019,82.3,83.45,83.7,80.7,80.9,81.2,82.03,424885,34852836.65,2870.0,127368.0,29.98
ITI,EQ,23-Oct-2019,82.1,82.45,84.15,81.4,82.25,82.3,82.61,846143,69902723.75,6365.0,183583.0,21.70
ITI,EQ,22-Oct-2019,82.95,83.05,84.35,81.65,81.8,82.1,83.09,570879,47434503.95,4190.0,134621.0,23.58
ITI,EQ,18-Oct-2019,81.1,81.0,84.4,81.0,82.75,82.95,83.0,1116293,92651040.75,7171.0,263027.0,23.56
ITI,EQ,17-Oct-2019,80.95,81.0,81.75,80.3,80.75,81.1,81.0,340611,27588565.3,2918.0,108259.0,31.78
ITI,EQ,16-Oct-2019,81.55,81.9,82.8,80.4,80.65,80.95,81.72,450010,36776390.35,4092.0,112774.0,25.06
ITI,EQ,15-Oct-2019,81.25,81.4,83.3,80.95,81.25,81.55,81.98,956575,78422012.6,7248.0,195376.0,20.42
ITI,EQ,14-Oct-2019,82.4,82.25,83.75,80.55,80.9,81.25,82.5,876690,72323398.3,5950.0,205360.0,23.42
ITI,EQ,11-Oct-2019,83.75,84.1,84.8,81.15,81.7,82.4,83.53,530057,44275044.75,4139.0,181836.0,34.30
ITI,EQ,10-Oct-2019,82.8,81.95,84.75,81.5,83.35,83.75,83.01,521918,43325930.2,4186.0,145349.0,27.85
ITI,EQ,09-Oct-2019,82.05,83.35,87.8,82.1,82.6,82.8,84.55,1766120,149329645.55,12512.0,232379.0,13.16
ITI,EQ,07-Oct-2019,86.75,86.0,86.0,81.5,82.1,82.05,83.19,686861,57138387.9,5151.0,200281.0,29.16
ITI,EQ,04-Oct-2019,84.8,86.75,90.25,86.0,86.0,86.75,87.88,3076277,270329582.95,19885.0,701582.0,22.81
ITI,EQ,03-Oct-2019,80.15,79.45,85.55,78.5,85.5,84.8,82.97,1649321,136846749.85,12263.0,442694.0,26.84
ITI,EQ,01-Oct-2019,82.1,82.75,83.7,79.4,80.3,80.15,81.29,514222,41801903.85,4539.0,137488.0,26.74
ITI,EQ,30-Sep-2019,82.25,82.25,84.2,80.2,81.55,82.1,82.45,852710,70309160.25,6254.0,158671.0,18.61
ITI,EQ,27-Sep-2019,84.0,84.45,85.65,82.0,82.1,82.25,83.74,628872,52660045.15,4910.0,188272.0,29.94
ITI,EQ,26-Sep-2019,80.7,80.1,86.9,80.1,83.65,84.0,84.91,1446640,122831698.15,11354.0,297795.0,20.59
ITI,EQ,25-Sep-2019,83.45,83.4,83.4,80.25,80.5,80.7,81.51,351564,28657043.3,3354.0,124354.0,35.37
ITI,EQ,24-Sep-2019,85.55,85.35,85.8,83.1,83.3,83.45,84.1,514346,43254475.15,4429.0,154601.0,30.06
ITI,EQ,23-Sep-2019,82.25,86.45,87.3,83.0,85.15,85.55,85.1,1980527,168540333.4,12609.0,507893.0,25.64
ITI,EQ,20-Sep-2019,79.25,80.0,83.3,79.0,82.1,82.25,81.62,1163339,94946459.65,8863.0,362974.0,31.20
ITI,EQ,19-Sep-2019,82.35,82.35,82.35,78.6,79.1,79.25,79.87,570601,45572566.5,5497.0,151137.0,26.49
ITI,EQ,18-Sep-2019,78.25,79.0,84.0,78.8,82.15,82.35,82.49,2546501,210069343.0,16434.0,396054.0,15.55
ITI,EQ,17-Sep-2019,82.3,81.6,81.8,77.45,77.9,78.25,79.96,991232,79263543.7,7313.0,236663.0,23.88
ITI,EQ,16-Sep-2019,81.35,82.35,83.75,81.55,81.6,82.3,82.71,1625233,134427794.0,12330.0,539149.0,33.17
ITI,EQ,13-Sep-2019,78.45,78.3,82.0,76.8,81.7,81.35,80.11,2163147,173295363.15,14225.0,481222.0,22.25
ITI,EQ,12-Sep-2019,78.15,78.5,80.45,76.2,78.25,78.45,78.51,1159442,91032389.55,9817.0,215565.0,18.59
ITI,EQ,11-Sep-2019,72.95,73.2,80.35,72.5,77.8,78.15,77.17,2496357,192633848.6,16461.0,452482.0,18.13
ITI,EQ,09-Sep-2019,70.4,71.35,75.0,71.25,72.45,72.95,73.16,1370113,100242371.55,10256.0,223333.0,16.30
ITI,EQ,06-Sep-2019,70.35,70.55,71.6,69.5,70.15,70.4,70.55,387736,27355784.75,3522.0,103600.0,26.72
ITI,EQ,05-Sep-2019,67.35,67.9,71.75,67.55,70.0,70.35,70.3,1061868,74653412.05,7818.0,178946.0,16.85
ITI,EQ,04-Sep-2019,68.35,68.1,69.4,66.6,67.3,67.35,67.94,334109,22698669.65,3489.0,91016.0,27.24
ITI,EQ,03-Sep-2019,68.75,68.35,72.05,66.95,67.05,68.35,70.2,718740,50453372.25,5730.0,157414.0,21.90
ITI,EQ,30-Aug-2019,71.75,71.6,71.6,68.1,68.5,68.75,69.03,537462,37100969.3,5588.0,145548.0,27.08
ITI,EQ,29-Aug-2019,67.25,68.0,74.95,68.0,71.15,71.75,72.47,2917972,211469993.35,21561.0,422800.0,14.49
ITI,EQ,28-Aug-2019,66.3,65.75,68.7,65.05,67.0,67.25,67.24,847323,56970676.9,7150.0,220195.0,25.99
ITI,EQ,27-Aug-2019,61.75,62.25,67.7,61.5,66.15,66.3,65.13,835446,54408947.2,6961.0,205379.0,24.58
ITI,EQ,26-Aug-2019,60.95,62.05,62.8,59.25,61.5,61.75,61.22,382130,23394461.45,3650.0,112905.0,29.55
ITI,EQ,23-Aug-2019,60.2,59.5,62.4,56.1,60.7,60.95,59.69,678432,40495582.8,6954.0,158510.0,23.36
ITI,EQ,22-Aug-2019,68.15,67.25,67.65,59.6,59.6,60.2,62.08,626681,38904583.95,6278.0,203157.0,32.42
ITI,EQ,21-Aug-2019,71.35,71.0,71.0,67.5,67.95,68.15,69.33,362405,25125985.9,3322.0,113476.0,31.31
ITI,EQ,20-Aug-2019,74.2,73.85,73.85,71.0,71.0,71.35,71.99,240429,17308872.65,2489.0,96555.0,40.16
ITI,EQ,19-Aug-2019,75.25,75.5,76.45,73.4,73.5,74.2,74.99,339487,25456792.35,2828.0,86765.0,25.56
ITI,EQ,16-Aug-2019,71.4,71.0,76.6,69.5,74.9,75.25,73.71,1130647,83340091.6,8935.0,213941.0,18.92
ITI,EQ,14-Aug-2019,72.75,72.65,73.0,71.15,71.5,71.4,71.58,193570,13856295.7,2708.0,64111.0,33.12
ITI,EQ,13-Aug-2019,75.3,75.7,76.0,71.5,71.9,72.75,73.87,234505,17322211.2,2617.0,96450.0,41.13
ITI,EQ,09-Aug-2019,74.85,74.85,76.6,74.85,75.05,75.3,75.86,298044,22611107.95,2813.0,95682.0,32.10
ITI,EQ,08-Aug-2019,80.95,77.7,77.7,73.7,74.6,74.85,74.84,623924,46693047.8,5332.0,190278.0,30.50
ITI,EQ,07-Aug-2019,76.6,76.6,83.5,76.3,80.35,80.95,81.0,1434774,116214567.45,11649.0,217795.0,15.18
ITI,EQ,06-Aug-2019,73.0,72.45,77.4,72.0,76.8,76.6,75.38,414665,31256756.8,4060.0,90598.0,21.85
ITI,EQ,05-Aug-2019,76.0,73.2,74.25,72.35,72.75,73.0,73.23,213514,15634682.45,2344.0,64954.0,30.42
ITI,EQ,02-Aug-2019,76.7,75.95,77.3,74.8,75.75,76.0,75.69,308854,23375694.55,2948.0,79240.0,25.66
ITI,EQ,01-Aug-2019,75.7,75.65,77.0,75.05,76.5,76.7,76.24,350089,26689901.45,3656.0,100158.0,28.61
ITI,EQ,31-Jul-2019,77.55,76.7,76.9,74.4,76.8,75.7,75.23,361793,27218312.25,3457.0,108011.0,29.85
ITI,EQ,30-Jul-2019,81.55,81.9,82.7,76.6,76.95,77.55,80.07,346909,27777537.1,3920.0,123549.0,35.61
ITI,EQ,29-Jul-2019,83.4,83.5,83.7,80.9,81.8,81.55,81.76,223532,18275136.75,2053.0,69962.0,31.30
ITI,EQ,26-Jul-2019,82.7,83.75,84.7,83.0,83.2,83.4,83.69,509634,42648724.7,4099.0,109396.0,21.47
ITI,EQ,25-Jul-2019,80.5,83.0,83.45,81.5,82.8,82.7,82.66,617896,51072716.95,6547.0,154099.0,24.94
ITI,EQ,24-Jul-2019,81.2,81.2,82.35,80.2,80.35,80.5,80.9,268395,21711930.4,3760.0,68808.0,25.64
ITI,EQ,23-Jul-2019,81.55,81.9,83.75,80.65,81.05,81.2,82.17,368725,30296728.2,3899.0,93508.0,25.36
ITI,EQ,22-Jul-2019,84.2,83.95,84.05,81.1,81.4,81.55,82.1,294973,24216643.3,3860.0,106537.0,36.12
ITI,EQ,19-Jul-2019,86.0,85.95,86.5,84.0,84.0,84.2,84.73,309517,26224843.85,4386.0,91031.0,29.41
ITI,EQ,18-Jul-2019,87.55,87.5,87.5,85.45,86.3,86.0,86.27,226791,19565370.4,2528.0,75957.0,33.49
ITI,EQ,17-Jul-2019,85.55,87.1,88.5,87.0,87.6,87.55,87.72,656324,57570978.1,6589.0,146549.0,22.33
ITI,EQ,16-Jul-2019,86.7,86.9,86.95,85.2,85.5,85.55,85.96,293907,25265168.2,2543.0,121428.0,41.32
ITI,EQ,15-Jul-2019,87.95,88.15,88.5,86.2,86.4,86.7,87.36,254345,22218472.9,3000.0,82643.0,32.49
ITI,EQ,12-Jul-2019,88.2,88.3,89.4,87.4,88.0,87.95,88.27,324752,28665724.95,3768.0,69958.0,21.54
ITI,EQ,11-Jul-2019,88.75,89.1,89.75,88.05,88.05,88.2,88.63,247249,21913797.5,2358.0,97646.0,39.49
ITI,EQ,10-Jul-2019,90.85,91.35,91.8,88.25,88.3,88.75,89.78,380065,34121890.05,4326.0,105848.0,27.85
ITI,EQ,09-Jul-2019,92.65,92.25,92.65,90.6,90.75,90.85,91.4,415482,37977116.55,4109.0,123098.0,29.63
ITI,EQ,08-Jul-2019,93.45,93.0,95.9,91.5,92.35,92.65,93.97,1583479,148797071.9,11654.0,378498.0,23.90
ITI,EQ,05-Jul-2019,96.2,96.0,96.75,92.85,92.85,93.45,94.6,916649,86712069.25,7076.0,318341.0,34.73
ITI,EQ,04-Jul-2019,97.15,98.4,98.9,95.1,95.45,96.2,97.31,2541415,247307058.55,15691.0,668514.0,26.30
ITI,EQ,03-Jul-2019,91.3,91.55,98.0,90.55,98.0,97.15,95.06,1865841,177360383.6,12435.0,606397.0,32.50
ITI,EQ,02-Jul-2019,90.75,90.9,91.8,90.15,91.15,91.3,90.93,342822,31171311.05,2629.0,81972.0,23.91
ITI,EQ,01-Jul-2019,90.9,91.35,92.2,90.4,90.65,90.75,91.13,296373,27009597.4,2635.0,86978.0,29.35
ITI,EQ,28-Jun-2019,92.1,92.25,92.65,90.65,90.95,90.9,91.36,399254,36474344.45,3845.0,98613.0,24.70
ITI,EQ,27-Jun-2019,92.7,92.5,94.25,91.75,92.15,92.1,92.88,478888,44479192.4,3557.0,163388.0,34.12
ITI,EQ,26-Jun-2019,90.6,91.65,94.9,90.75,92.1,92.7,93.05,1465333,136344115.15,12162.0,310300.0,21.18
ITI,EQ,25-Jun-2019,86.45,88.05,91.5,87.5,90.2,90.6,89.65,1280281,114779767.25,11558.0,231839.0,18.11
ITI,EQ,24-Jun-2019,85.95,85.95,87.5,85.3,86.6,86.45,86.54,248219,21480235.85,3243.0,71614.0,28.85
ITI,EQ,21-Jun-2019,85.35,85.4,87.7,84.1,86.0,85.95,86.01,444132,38198448.85,5101.0,113828.0,25.63
ITI,EQ,20-Jun-2019,84.8,84.9,86.3,83.0,85.5,85.35,84.74,400957,33977759.6,3906.0,91385.0,22.79
ITI,EQ,19-Jun-2019,86.5,87.9,88.1,84.3,84.75,84.8,85.89,332982,28601016.65,3073.0,101884.0,30.60
ITI,EQ,18-Jun-2019,87.8,88.3,88.8,85.7,86.95,86.5,87.44,301035,26321748.3,3124.0,94367.0,29.61
ITI,EQ,17-Jun-2019,89.5,89.5,89.5,87.3,87.7,87.8,88.28,198142,17491320.35,2130.0,82111.0,36.73
ITI,EQ,14-Jun-2019,91.2,91.05,91.65,89.05,89.2,89.5,90.2,303458,27372236.05,2415.0,126472.0,41.68
ITI,EQ,13-Jun-2019,92.35,92.2,92.3,90.5,91.0,91.2,91.24,361073,32942579.55,5050.0,116518.0,32.27
ITI,EQ,12-Jun-2019,93.65,93.15,93.7,92.1,92.25,92.35,92.72,286078,26526065.9,2441.0,78724.0,27.52
ITI,EQ,11-Jun-2019,92.9,95.45,96.3,93.2,93.5,93.65,94.22,1104144,104036088.05,8751.0,266139.0,24.10
ITI,EQ,10-Jun-2019,92.05,92.35,94.0,89.3,93.5,92.9,91.88,624647,57389627.4,5359.0,225785.0,36.15
ITI,EQ,07-Jun-2019,94.45,94.6,94.9,91.0,91.0,92.05,92.75,459508,42618610.75,3968.0,172564.0,37.55
ITI,EQ,06-Jun-2019,95.65,96.05,96.25,93.5,94.7,94.45,95.03,539806,51298854.9,4893.0,118515.0,21.96
ITI,EQ,04-Jun-2019,96.25,96.25,98.3,95.25,95.8,95.65,96.86,766922,74287279.7,5820.0,202694.0,26.43
ITI,EQ,03-Jun-2019,94.35,93.4,97.4,92.25,96.15,96.25,95.66,1396733,133605502.45,11124.0,244582.0,17.51
ITI,EQ,31-May-2019,94.2,93.5,96.25,93.5,94.1,94.35,94.82,753004,71396104.7,6086.0,154683.0,20.54
ITI,EQ,30-May-2019,95.6,96.25,96.85,93.7,93.85,94.2,94.36,414889,39147885.3,4038.0,134917.0,32.52
ITI,EQ,29-May-2019,101.7,99.0,99.0,95.1,95.1,95.6,96.66,858510,82982045.95,6984.0,335686.0,39.10
ITI,EQ,28-May-2019,102.35,103.05,104.85,100.0,101.2,101.7,102.95,1117556,115056529.35,8048.0,348617.0,31.19
ITI,EQ,27-May-2019,97.5,99.3,104.6,99.0,102.45,102.35,102.02,2400649,244919248.7,15496.0,726529.0,30.26
ITI,EQ,24-May-2019,93.25,93.9,98.0,93.25,97.85,97.5,96.2,1241931,119469623.0,9094.0,435212.0,35.04
ITI,EQ,23-May-2019,93.75,95.0,97.2,92.05,93.3,93.25,95.33,1247932,118959249.25,9394.0,363903.0,29.16
ITI,EQ,22-May-2019,90.4,89.6,95.35,89.1,93.9,93.75,93.06,1424613,132578496.0,11848.0,294161.0,20.65
ITI,EQ,21-May-2019,92.2,92.85,93.2,89.6,90.5,90.4,90.92,631065,57377983.65,5268.0,172648.0,27.36
ITI,EQ,20-May-2019,79.8,85.6,94.7,85.2,92.3,92.2,91.4,3088981,282344084.95,24828.0,528219.0,17.10
ITI,EQ,17-May-2019,79.0,78.9,80.6,78.25,79.8,79.8,79.7,308114,24555952.65,3258.0,87329.0,28.34
ITI,EQ,16-May-2019,79.85,79.9,80.5,78.5,79.0,79.0,79.19,216239,17123411.4,2453.0,66374.0,30.69
ITI,EQ,15-May-2019,81.3,81.95,82.4,79.55,79.65,79.85,81.01,264249,21405708.25,2421.0,94819.0,35.88
ITI,EQ,14-May-2019,82.6,81.3,82.3,78.8,81.15,81.3,80.55,476704,38399792.65,4560.0,113856.0,23.88
ITI,EQ,13-May-2019,85.4,85.4,85.4,81.3,81.3,82.6,83.72,181416,15187752.25,2179.0,78158.0,43.08
ITI,EQ,10-May-2019,85.5,86.0,86.5,84.75,85.75,85.4,85.65,234762,20108009.6,1889.0,62371.0,26.57
ITI,EQ,09-May-2019,86.65,86.25,86.95,85.2,85.3,85.5,86.02,193401,16635865.2,2224.0,61845.0,31.98
ITI,EQ,08-May-2019,88.6,88.8,89.0,86.15,86.6,86.65,87.66,275843,24181100.4,2732.0,89513.0,32.45
ITI,EQ,07-May-2019,87.85,88.5,91.4,88.0,88.35,88.6,89.59,551412,49401921.7,5652.0,108644.0,19.70
ITI,EQ,06-May-2019,89.9,88.8,89.0,87.5,88.0,87.85,88.18,183877,16213922.1,2109.0,75466.0,41.04
ITI,EQ,03-May-2019,90.0,90.4,90.7,89.55,90.0,89.9,89.98,200308,18022885.1,1835.0,62045.0,30.97
ITI,EQ,02-May-2019,90.65,90.55,91.6,89.25,89.8,90.0,90.53,281312,25468501.1,2821.0,97892.0,34.80
ITI,EQ,30-Apr-2019,93.2,92.9,92.9,89.75,90.9,90.65,90.95,343910,31279274.55,3466.0,151040.0,43.92
ITI,EQ,26-Apr-2019,93.1,93.5,93.9,92.65,93.2,93.2,93.15,258992,24124991.55,1919.0,81328.0,31.40
ITI,EQ,25-Apr-2019,93.6,93.95,95.95,92.7,93.05,93.1,94.08,489019,46007692.85,3740.0,152389.0,31.16
ITI,EQ,24-Apr-2019,93.85,94.25,94.65,92.8,93.65,93.6,93.67,273423,25611922.4,2282.0,98610.0,36.06
ITI,EQ,23-Apr-2019,93.65,93.35,95.2,93.05,95.0,93.85,93.95,433515,40729914.8,3860.0,101164.0,23.34
ITI,EQ,22-Apr-2019,97.45,96.75,96.75,93.3,93.5,93.65,94.54,450147,42557528.3,5204.0,176249.0,39.15
ITI,EQ,18-Apr-2019,99.65,99.65,99.65,97.1,97.3,97.45,97.99,428692,42008035.95,3850.0,124864.0,29.13
ITI,EQ,16-Apr-2019,101.05,101.7,101.7,99.5,99.65,99.65,100.17,388580,38925536.1,2815.0,132094.0,33.99
ITI,EQ,15-Apr-2019,100.05,101.5,102.55,100.7,100.8,101.05,101.35,717430,72710254.6,5356.0,147850.0,20.61
ITI,EQ,12-Apr-2019,100.15,100.0,101.95,99.4,99.7,100.05,100.43,603712,60630835.65,3810.0,132151.0,21.89
ITI,EQ,11-Apr-2019,100.85,100.85,101.0,99.4,100.0,100.15,100.03,478006,47815081.35,3646.0,116155.0,24.30
ITI,EQ,10-Apr-2019,103.35,102.15,103.0,100.55,100.75,100.85,101.5,839028,85160286.15,10281.0,201164.0,23.98
ITI,EQ,09-Apr-2019,97.7,101.05,106.9,101.05,102.9,103.35,104.44,4609385,481403134.25,27950.0,829259.0,17.99
ITI,EQ,08-Apr-2019,101.55,101.1,101.9,96.75,97.35,97.7,98.62,774639,76392909.35,5146.0,298573.0,38.54
ITI,EQ,05-Apr-2019,102.75,103.2,103.45,100.8,101.3,101.55,101.67,571890,58141875.05,4609.0,142719.0,24.96
ITI,EQ,04-Apr-2019,100.65,102.05,103.9,100.25,102.9,102.75,101.92,1338732,136443825.9,10034.0,250747.0,18.73
ITI,EQ,03-Apr-2019,104.4,103.9,104.75,99.8,100.8,100.65,102.34,1372074,140414663.25,9873.0,447387.0,32.61
ITI,EQ,02-Apr-2019,100.05,100.3,105.9,98.35,104.1,104.4,103.11,6085392,627466768.9,35062.0,1036480.0,17.03
ITI,EQ,01-Apr-2019,95.8,95.8,101.8,95.6,100.85,100.05,99.02,2476824,245250271.0,13068.0,632965.0,25.56
ITI,EQ,29-Mar-2019,94.5,97.0,97.45,95.4,95.55,95.8,96.39,984554,94896420.4,9518.0,278261.0,28.26
ITI,EQ,28-Mar-2019,94.6,94.4,95.8,93.7,94.05,94.5,94.78,347925,32976227.95,2587.0,111525.0,32.05
ITI,EQ,27-Mar-2019,93.35,93.85,95.8,93.1,95.0,94.6,94.14,823672,77542852.0,7708.0,285906.0,34.71
ITI,EQ,26-Mar-2019,91.85,92.65,94.6,92.05,93.25,93.35,93.58,577232,54018470.55,4487.0,171833.0,29.77
ITI,EQ,25-Mar-2019,93.1,92.0,93.3,91.2,91.8,91.85,91.99,372672,34283863.4,3812.0,104212.0,27.96
ITI,EQ,22-Mar-2019,93.9,94.3,94.65,92.7,92.85,93.1,93.51,312396,29212457.55,2502.0,103598.0,33.16
ITI,EQ,20-Mar-2019,95.3,95.25,96.15,93.5,93.9,93.9,94.75,471025,44630879.05,4768.0,124817.0,26.50
ITI,EQ,19-Mar-2019,93.15,93.6,96.25,93.05,95.2,95.3,95.04,906776,86175899.5,6255.0,198511.0,21.89
ITI,EQ,18-Mar-2019,94.5,94.7,94.95,92.85,93.0,93.15,93.65,349222,32704563.45,4352.0,118744.0,34.00
ITI,EQ,15-Mar-2019,95.05,95.4,95.9,94.1,94.25,94.5,94.98,373002,35426288.4,2539.0,123755.0,33.18
ITI,EQ,14-Mar-2019,95.9,96.0,97.2,94.55,95.1,95.05,95.61,451074,43126197.45,4435.0,145941.0,32.35
ITI,EQ,13-Mar-2019,97.35,96.95,97.9,95.65,95.8,95.9,96.47,503158,48537340.65,4239.0,120996.0,24.05
ITI,EQ,12-Mar-2019,96.2,96.9,100.25,96.5,97.45,97.35,98.22,981558,96405631.75,6769.0,256141.0,26.10
ITI,EQ,11-Mar-2019,94.75,94.9,96.9,94.1,96.1,96.2,96.02,525823,50488217.35,4191.0,124675.0,23.71
ITI,EQ,08-Mar-2019,97.15,96.85,96.85,94.5,94.9,94.75,95.37,450512,42963431.2,3264.0,165678.0,36.78
ITI,EQ,07-Mar-2019,99.4,99.85,99.85,96.7,96.85,97.15,97.66,514512,50247108.2,3614.0,194483.0,37.80
ITI,EQ,06-Mar-2019,96.45,99.1,101.95,98.55,99.0,99.4,100.13,1842103,184453874.7,13067.0,514283.0,27.92
ITI,EQ,05-Mar-2019,93.1,92.7,97.6,92.7,96.6,96.45,95.95,1552532,148960666.0,9655.0,445396.0,28.69
ITI,EQ,01-Mar-2019,91.2,91.55,94.4,91.55,92.7,93.1,93.11,662553,61692106.65,4800.0,197909.0,29.87
ITI,EQ,28-Feb-2019,90.5,91.5,92.45,90.75,91.4,91.2,91.44,671853,61433009.15,15459.0,122147.0,18.18
ITI,EQ,27-Feb-2019,91.85,92.5,93.4,90.0,90.2,90.5,91.5,864216,79077674.35,15538.0,216032.0,25.00
ITI,EQ,26-Feb-2019,93.75,90.6,93.45,89.8,92.0,91.85,91.9,616156,56623955.9,10169.0,129588.0,21.03
ITI,EQ,25-Feb-2019,93.75,93.95,95.2,93.5,93.7,93.75,94.08,496631,46724352.6,3556.0,115484.0,23.25
ITI,EQ,22-Feb-2019,93.9,93.95,95.3,93.0,93.9,93.75,93.99,670945,63064719.3,4985.0,145407.0,21.67
ITI,EQ,21-Feb-2019,96.05,95.35,96.25,93.55,94.0,93.9,94.88,981379,93111416.75,8938.0,190499.0,19.41
ITI,EQ,20-Feb-2019,92.0,95.15,98.2,95.15,95.55,96.05,96.41,2483821,239465113.1,17799.0,443612.0,17.86
ITI,EQ,19-Feb-2019,89.85,89.2,93.8,89.2,93.3,92.0,91.54,1529833,140037080.2,10211.0,248766.0,16.26
ITI,EQ,18-Feb-2019,89.8,89.8,91.9,89.35,89.6,89.85,90.74,921555,83622227.5,9803.0,163838.0,17.78
ITI,EQ,15-Feb-2019,91.9,91.9,91.9,89.25,89.85,89.8,90.3,656268,59258271.75,5726.0,199680.0,30.43
ITI,EQ,14-Feb-2019,91.3,91.35,94.3,90.5,91.95,91.9,92.63,950811,88073190.4,9912.0,162636.0,17.10
ITI,EQ,13-Feb-2019,92.7,93.0,93.8,90.55,90.9,91.3,92.1,706235,65043102.35,6467.0,139943.0,19.82
ITI,EQ,12-Feb-2019,95.8,95.8,96.55,92.25,92.5,92.7,93.8,1130528,106047103.55,9710.0,265090.0,23.45
ITI,EQ,11-Feb-2019,95.95,95.7,99.7,95.0,95.1,95.8,97.46,2058413,200617309.7,18292.0,361333.0,17.55
ITI,EQ,08-Feb-2019,91.65,91.35,97.5,90.5,95.75,95.95,94.33,1249713,117884608.1,9997.0,305711.0,24.46
ITI,EQ,07-Feb-2019,91.85,91.95,93.35,90.5,91.65,91.65,91.82,604114,55468879.3,6189.0,138467.0,22.92
ITI,EQ,06-Feb-2019,91.5,91.65,93.7,88.4,91.9,91.85,91.17,906735,82668864.75,7850.0,209886.0,23.15
ITI,EQ,05-Feb-2019,95.55,95.5,95.85,90.55,91.4,91.5,93.05,749102,69703486.65,6445.0,211999.0,28.30
ITI,EQ,04-Feb-2019,99.55,98.0,98.65,95.25,95.35,95.55,96.07,603941,58020535.65,6764.0,181991.0,30.13
ITI,EQ,01-Feb-2019,102.55,101.65,102.75,99.05,99.4,99.55,101.01,931476,94084076.6,7417.0,263039.0,28.24
ITI,EQ,31-Jan-2019,100.7,102.6,103.75,100.8,102.4,102.55,102.36,1536165,157247648.6,11869.0,319215.0,20.78
ITI,EQ,30-Jan-2019,100.4,100.5,102.2,99.5,101.1,100.7,100.86,739327,74568931.45,5898.0,169585.0,22.94
ITI,EQ,29-Jan-2019,99.75,99.0,102.75,96.15,100.4,100.4,100.14,1164862,116654716.6,8687.0,211779.0,18.18
ITI,EQ,28-Jan-2019,105.0,104.9,104.95,99.0,99.75,99.75,100.76,1076398,108455450.8,8114.0,,-
ITI,EQ,25-Jan-2019,102.85,105.0,110.9,104.1,104.95,105.0,107.57,4640493,499184446.8,34339.0,659381.0,14.21
ITI,EQ,24-Jan-2019,104.6,104.95,105.45,102.1,102.5,102.85,103.64,909507,94262945.9,6743.0,177032.0,19.46
ITI,EQ,23-Jan-2019,105.15,105.5,107.3,101.55,104.6,104.6,104.65,2087271,218433579.25,16651.0,288935.0,13.84
ITI,EQ,22-Jan-2019,111.4,109.45,112.2,104.7,105.25,105.15,106.76,1455754,155416563.1,12706.0,400365.0,27.50
ITI,EQ,21-Jan-2019,104.2,108.1,114.3,108.1,110.7,111.4,112.09,7189454,805834923.7,51514.0,929038.0,12.92
ITI,EQ,18-Jan-2019,109.6,109.9,110.25,103.5,104.35,104.2,106.09,3018641,320238825.55,23386.0,472746.0,15.66
ITI,EQ,17-Jan-2019,111.8,112.1,116.7,108.65,108.85,109.6,113.08,12480011,1411288805.65,81846.0,1532315.0,12.28
ITI,EQ,16-Jan-2019,94.5,95.3,113.4,94.0,111.75,111.8,105.68,16919097,1788067519.25,103969.0,1866515.0,11.03
ITI,EQ,15-Jan-2019,91.1,91.45,95.45,91.1,95.0,94.5,93.91,1843118,173091444.45,11222.0,412524.0,22.38
ITI,EQ,14-Jan-2019,92.15,91.65,92.2,90.4,91.1,91.1,91.24,603562,55067591.25,4639.0,86211.0,14.28
ITI,EQ,11-Jan-2019,93.05,93.05,93.75,91.5,91.85,92.15,92.31,522104,48194863.7,3757.0,108494.0,20.78
ITI,EQ,10-Jan-2019,91.2,91.2,94.5,90.8,92.7,93.05,92.7,1192080,110506122.15,8674.0,225889.0,18.95
ITI,EQ,09-Jan-2019,91.75,92.45,92.85,90.7,90.9,91.2,91.76,429839,39443282.0,3483.0,97973.0,22.79
ITI,EQ,08-Jan-2019,92.1,92.0,93.6,91.45,91.75,91.75,92.32,522341,48222196.75,5122.0,90312.0,17.29
ITI,EQ,07-Jan-2019,92.8,93.55,93.9,91.8,92.0,92.1,92.83,441958,41026864.25,3614.0,117820.0,26.66
ITI,EQ,04-Jan-2019,91.85,92.0,94.8,90.35,92.65,92.8,92.7,1453955,134775342.9,8906.0,143579.0,9.88
ITI,EQ,03-Jan-2019,93.4,93.5,93.6,91.55,91.9,91.85,92.55,499202,46198942.15,4172.0,126967.0,25.43
ITI,EQ,02-Jan-2019,94.6,93.7,95.4,93.1,93.35,93.4,93.98,685210,64398021.05,4900.0,168729.0,24.62
ITI,EQ,01-Jan-2019,93.8,94.0,96.2,93.25,94.35,94.6,94.74,1680790,159240039.55,10739.0,193351.0,11.50
ITI,EQ,31-Dec-2018,91.85,92.75,95.3,92.1,93.8,93.8,94.13,1737322,163532119.75,9167.0,301237.0,17.34
ITI,EQ,28-Dec-2020,128.05,128.05,128.9,127.0,127.5,127.75,128.24,296356,38004851.6,4572.0,115470.0,38.96
ITI,EQ,24-Dec-2020,124.9,127.85,130.75,127.3,127.5,128.05,128.79,725599,93448530.8,9340.0,211830.0,29.19
ITI,EQ,23-Dec-2020,121.65,122.5,125.9,122.05,125.0,124.9,124.55,509479,63455034.25,6618.0,142079.0,27.89
ITI,EQ,22-Dec-2020,121.55,121.55,124.7,117.1,121.9,121.65,120.09,724685,87030571.35,10652.0,201342.0,27.78
ITI,EQ,21-Dec-2020,131.1,130.7,132.0,118.65,120.6,121.55,126.17,703061,88705661.8,9006.0,273375.0,38.88
ITI,EQ,18-Dec-2020,130.3,131.5,133.7,128.85,130.6,131.1,131.72,1319695,173825885.4,13266.0,246287.0,18.66
ITI,EQ,17-Dec-2020,131.15,131.8,132.9,130.0,130.35,130.3,131.41,590034,77538907.85,6186.0,155015.0,26.27
ITI,EQ,16-Dec-2020,131.75,131.75,133.85,130.0,130.3,131.15,131.87,993216,130971870.4,10913.0,219171.0,22.07
ITI,EQ,15-Dec-2020,132.85,137.0,137.7,128.2,130.9,131.75,134.74,3220631,433963498.7,27477.0,1033978.0,32.10
ITI,EQ,14-Dec-2020,127.65,128.1,135.25,127.3,134.8,132.85,131.69,1424436,187585028.6,13268.0,661050.0,46.41
ITI,EQ,11-Dec-2020,129.1,129.0,130.35,127.3,127.6,127.65,128.75,477280,61451758.5,4754.0,179064.0,37.52
ITI,EQ,10-Dec-2020,131.5,130.0,130.9,127.95,129.0,129.1,128.99,454656,58644839.65,4773.0,138966.0,30.57
ITI,EQ,09-Dec-2020,128.15,134.0,134.0,130.5,130.55,131.5,132.34,1629095,215588608.25,16195.0,416197.0,25.55
ITI,EQ,08-Dec-2020,131.1,131.7,132.0,127.05,128.1,128.15,129.34,1109797,143542678.2,9397.0,405600.0,36.55
ITI,EQ,07-Dec-2020,126.45,126.8,135.8,126.1,130.8,131.1,131.4,4121771,541613504.45,30608.0,834935.0,20.26
ITI,EQ,04-Dec-2020,128.3,129.45,130.2,125.2,126.4,126.45,127.86,619608,79222933.5,8238.0,253407.0,40.90
ITI,EQ,03-Dec-2020,125.35,127.8,130.9,127.0,128.5,128.3,128.91,2293620,295670108.05,20847.0,648120.0,28.26
ITI,EQ,02-Dec-2020,124.2,124.8,126.85,124.2,125.6,125.35,125.67,796450,100088503.55,6573.0,219406.0,27.55
ITI,EQ,01-Dec-2020,124.2,124.15,126.1,123.65,124.3,124.2,124.76,439558,54839549.7,4679.0,126538.0,28.79
ITI,EQ,27-Nov-2020,123.75,124.25,126.9,123.65,124.0,124.2,124.99,584891,73107324.15,5247.0,148998.0,25.47
ITI,EQ,26-Nov-2020,123.1,123.8,124.75,123.0,124.0,123.75,123.74,311966,38601143.5,3864.0,73429.0,23.54
ITI,EQ,25-Nov-2020,125.75,125.95,126.55,122.6,123.0,123.1,124.02,542055,67225675.1,5323.0,187941.0,34.67
ITI,EQ,24-Nov-2020,126.3,127.6,127.9,124.8,125.0,125.75,126.32,523591,66138802.85,5315.0,173653.0,33.17
ITI,EQ,23-Nov-2020,124.35,125.35,128.0,121.9,127.0,126.3,126.17,1089494,137463695.25,9844.0,286339.0,26.28
ITI,EQ,20-Nov-2020,124.05,124.5,127.5,123.1,124.0,124.35,125.57,860505,108052924.45,7260.0,226737.0,26.35
ITI,EQ,19-Nov-2020,126.25,123.25,128.1,123.25,124.0,124.05,125.66,861922,108307060.15,8645.0,213737.0,24.80
ITI,EQ,18-Nov-2020,123.2,123.0,127.2,121.5,126.0,126.25,125.3,876274,109800799.15,8755.0,273308.0,31.19
ITI,EQ,17-Nov-2020,123.45,123.0,124.4,122.25,123.2,123.2,123.25,403670,49750917.6,4248.0,106077.0,26.28
ITI,EQ,14-Nov-2020,123.35,122.45,124.0,122.45,123.45,123.45,123.44,106072,13093350.05,1717.0,52175.0,49.19
ITI,EQ,13-Nov-2020,126.25,125.2,125.2,123.0,123.25,123.35,123.77,394642,48846544.9,3941.0,128427.0,32.54
ITI,EQ,12-Nov-2020,122.8,122.6,129.6,120.85,125.2,126.25,125.91,1559288,196328725.2,12037.0,345033.0,22.13
ITI,EQ,11-Nov-2020,121.5,122.35,123.75,118.8,122.65,122.8,121.85,896202,109203992.85,10563.0,182194.0,20.33
ITI,EQ,10-Nov-2020,123.25,124.5,124.5,120.0,121.75,121.5,121.78,335258,40828096.0,4813.0,104063.0,31.04
ITI,EQ,09-Nov-2020,124.75,124.8,126.25,122.45,123.2,123.25,123.53,388752,48022333.2,6613.0,141817.0,36.48
ITI,EQ,06-Nov-2020,119.75,126.2,128.0,124.0,124.5,124.75,125.78,2836083,356709167.6,22165.0,535533.0,18.88
ITI,EQ,05-Nov-2020,114.65,115.25,122.4,114.9,122.0,119.75,117.89,586461,69139423.0,6764.0,237687.0,40.53
ITI,EQ,04-Nov-2020,116.2,116.2,117.7,113.35,114.5,114.65,115.85,195140,22606899.35,3154.0,77746.0,39.84
ITI,EQ,03-Nov-2020,116.65,116.95,118.45,116.0,116.2,116.2,116.98,218267,25532284.3,2509.0,83252.0,38.14
ITI,EQ,02-Nov-2020,118.35,118.95,119.15,115.55,116.65,116.65,117.35,215727,25316338.75,3153.0,69371.0,32.16
ITI,EQ,30-Oct-2020,117.95,118.3,120.65,117.55,117.95,118.35,119.07,371254,44204598.2,4707.0,69200.0,18.64
ITI,EQ,29-Oct-2020,118.35,117.5,122.6,116.0,118.2,117.95,118.97,557370,66309142.2,8321.0,83960.0,15.06
ITI,EQ,28-Oct-2020,119.15,119.1,121.3,118.0,118.45,118.35,119.26,223096,26605506.75,3482.0,66992.0,30.03
ITI,EQ,27-Oct-2020,120.0,120.6,120.9,118.5,119.15,119.15,119.71,300489,35970701.9,3743.0,82140.0,27.34
ITI,EQ,26-Oct-2020,122.2,122.65,122.8,119.2,120.2,120.0,120.94,247191,29895497.65,4291.0,101890.0,41.22
ITI,EQ,23-Oct-2020,121.65,122.6,123.75,122.0,122.0,122.2,122.63,336900,41315474.45,4103.0,83205.0,24.70
ITI,EQ,22-Oct-2020,121.7,121.7,124.0,121.35,121.6,121.65,122.45,363765,44542689.7,4119.0,93707.0,25.76
ITI,EQ,21-Oct-2020,122.05,122.7,124.3,121.2,121.6,121.7,122.66,372856,45736131.95,4666.0,101221.0,27.15
ITI,EQ,20-Oct-2020,122.35,122.4,123.3,121.3,122.15,122.05,122.32,217633,26620285.05,3054.0,66203.0,30.42
ITI,EQ,19-Oct-2020,123.05,124.0,124.0,121.7,122.35,122.35,122.56,302090,37023830.55,6213.0,66483.0,22.01
ITI,EQ,16-Oct-2020,121.6,124.0,124.85,122.0,122.5,123.05,123.25,495252,61040271.25,6637.0,95185.0,19.22
ITI,EQ,15-Oct-2020,122.8,123.0,124.65,121.1,121.5,121.6,122.7,349541,42887963.95,5346.0,115703.0,33.10
ITI,EQ,14-Oct-2020,127.0,126.9,126.9,121.8,122.7,122.8,123.17,540302,66547406.1,6755.0,193766.0,35.86
ITI,EQ,13-Oct-2020,122.55,122.5,128.0,121.65,127.7,127.0,125.49,899544,112879315.8,8780.0,227491.0,25.29
ITI,EQ,12-Oct-2020,124.7,125.3,125.35,122.2,122.55,122.55,123.61,295243,36494460.85,4395.0,80731.0,27.34
ITI,EQ,09-Oct-2020,125.9,125.9,126.9,124.0,124.7,124.7,125.37,414103,51914297.85,5387.0,93297.0,22.53
ITI,EQ,08-Oct-2020,128.1,125.35,127.65,125.1,125.45,125.9,126.35,702560,88770599.9,7943.0,154453.0,21.98
ITI,EQ,07-Oct-2020,128.0,130.2,133.5,126.5,127.0,128.1,130.55,2182059,284858199.5,20109.0,240640.0,11.03
ITI,EQ,06-Oct-2020,130.5,129.55,130.35,127.35,127.8,128.0,128.56,418758,53834993.95,6358.0,116910.0,27.92
ITI,EQ,05-Oct-2020,125.1,133.0,134.5,129.15,129.55,130.5,130.75,2090921,273388912.5,20400.0,317543.0,15.19
ITI,EQ,01-Oct-2020,124.85,126.0,127.7,124.0,124.7,125.1,125.87,254201,31995131.65,3411.0,75469.0,29.69
ITI,EQ,30-Sep-2020,126.6,127.4,127.95,124.05,124.85,124.85,126.33,517944,65431377.2,6638.0,90579.0,17.49
ITI,EQ,29-Sep-2020,129.2,130.45,130.8,125.0,126.15,126.6,127.67,736102,93977815.35,8846.0,145573.0,19.78
ITI,EQ,28-Sep-2020,120.8,122.25,132.55,121.75,128.55,129.2,128.8,2306523,297087261.55,18441.0,287554.0,12.47
ITI,EQ,25-Sep-2020,117.55,118.9,121.6,117.3,120.6,120.8,119.73,881509,105544722.6,9782.0,122773.0,13.93
ITI,EQ,24-Sep-2020,122.6,118.3,121.0,117.15,117.5,117.55,118.29,820399,97041320.3,11035.0,188253.0,22.95
ITI,EQ,23-Sep-2020,120.9,122.0,125.4,120.45,123.5,122.6,122.97,864100,106254751.5,10934.0,128372.0,14.86
ITI,EQ,22-Sep-2020,124.95,122.0,123.85,117.0,121.05,120.9,120.57,1115404,134487217.1,11820.0,219174.0,19.65
ITI,EQ,21-Sep-2020,130.4,129.9,131.7,123.25,124.5,124.95,127.51,650659,82964298.55,8054.0,189500.0,29.12
ITI,EQ,18-Sep-2020,130.25,130.25,133.1,128.25,130.3,130.4,130.91,1070146,140098117.6,12453.0,165642.0,15.48
ITI,EQ,17-Sep-2020,131.45,130.0,133.5,129.1,130.05,130.25,131.52,936844,123216391.95,11518.0,151636.0,16.19
ITI,EQ,16-Sep-2020,130.85,130.55,132.95,128.5,130.65,131.45,130.43,926585,120851423.8,10435.0,175638.0,18.96
ITI,EQ,15-Sep-2020,134.0,132.0,133.95,130.0,131.0,130.85,131.12,1061680,139210057.85,11891.0,258088.0,24.31
ITI,EQ,14-Sep-2020,137.0,136.9,136.9,133.15,133.55,134.0,134.6,1150864,154906619.0,13356.0,354667.0,30.82
ITI,EQ,11-Sep-2020,134.7,138.45,141.0,135.05,136.2,137.0,137.25,5158192,707968302.85,48675.0,759056.0,14.72
ITI,EQ,10-Sep-2020,119.7,120.55,136.8,120.55,134.9,134.7,130.97,8992694,1177797592.65,78269.0,970434.0,10.79
ITI,EQ,09-Sep-2020,127.45,125.0,125.8,118.4,119.9,119.7,120.75,1189251,143599023.05,11403.0,433230.0,36.43
ITI,EQ,08-Sep-2020,132.45,133.5,134.3,126.0,127.25,127.45,130.85,935521,122411230.9,10101.0,287028.0,30.68
ITI,EQ,07-Sep-2020,135.3,134.8,135.9,131.55,132.2,132.45,133.08,622197,82801884.95,9784.0,121325.0,19.50
ITI,EQ,04-Sep-2020,135.5,132.5,138.45,131.15,135.45,135.3,135.75,1356352,184119569.75,15316.0,248770.0,18.34
ITI,EQ,03-Sep-2020,133.95,134.65,137.75,134.35,136.0,135.5,136.24,792091,107918102.2,6758.0,241725.0,30.52
ITI,EQ,02-Sep-2020,132.0,132.05,135.9,130.8,134.0,133.95,132.8,733799,97450505.95,7648.0,153045.0,20.86
ITI,EQ,01-Sep-2020,133.85,133.5,134.25,129.05,131.8,132.0,131.52,677427,89098477.6,7619.0,154538.0,22.81
ITI,EQ,31-Aug-2020,137.7,138.5,140.65,131.45,133.5,133.85,136.19,1483108,201980614.45,13015.0,615346.0,41.49
ITI,EQ,28-Aug-2020,136.05,143.0,143.0,136.65,137.65,137.7,139.95,3989147,558285428.75,31622.0,841210.0,21.09
ITI,EQ,27-Aug-2020,137.7,138.1,138.8,135.6,136.0,136.05,136.88,732687,100287285.5,6919.0,302217.0,41.25
ITI,EQ,26-Aug-2020,138.7,138.45,140.8,137.05,137.5,137.7,138.63,989180,137132963.65,8934.0,331167.0,33.48
ITI,EQ,25-Aug-2020,140.85,141.75,141.85,138.1,138.8,138.7,139.8,754929,105539190.75,7445.0,289093.0,38.29
ITI,EQ,24-Aug-2020,140.45,141.05,143.8,138.45,141.2,140.85,141.44,1851275,261845947.75,15327.0,394172.0,21.29
ITI,EQ,21-Aug-2020,142.7,143.5,144.8,140.0,140.85,140.45,142.44,1177813,167770855.45,10908.0,477679.0,40.56
ITI,EQ,20-Aug-2020,145.1,143.05,145.6,141.8,142.55,142.7,143.5,1336139,191738448.45,12601.0,404245.0,30.25
ITI,EQ,19-Aug-2020,140.95,143.9,151.65,143.2,144.95,145.1,147.39,7762195,1144062159.35,63197.0,1504827.0,19.39
ITI,EQ,18-Aug-2020,141.0,141.65,146.3,140.4,140.5,140.95,142.82,2781022,397195667.85,22661.0,579328.0,20.83
ITI,EQ,17-Aug-2020,137.9,142.85,143.8,140.25,140.6,141.0,141.75,1784696,252975815.9,17089.0,455533.0,25.52
ITI,EQ,14-Aug-2020,140.9,141.0,143.0,135.2,137.7,137.9,139.93,1590614,222568716.7,14713.0,407481.0,25.62
ITI,EQ,13-Aug-2020,142.85,142.5,144.9,139.85,140.8,140.9,141.85,1902169,269813577.05,17910.0,404239.0,21.25
ITI,EQ,12-Aug-2020,137.8,140.85,145.8,139.0,142.3,142.85,142.91,3507868,501304732.5,30194.0,827187.0,23.58
ITI,EQ,11-Aug-2020,141.3,141.95,141.95,137.4,137.7,137.8,138.93,1105803,153629291.4,12334.0,367280.0,33.21
ITI,EQ,10-Aug-2020,134.85,140.0,145.5,140.0,141.2,141.3,142.87,5514108,787796912.4,45072.0,1341703.0,24.33
ITI,EQ,07-Aug-2020,132.8,133.8,138.75,133.25,134.5,134.85,135.84,2391513,324855862.05,22263.0,549053.0,22.96
ITI,EQ,06-Aug-2020,132.9,132.95,135.8,132.15,132.75,132.8,133.74,891275,119200749.95,9684.0,216679.0,24.31
ITI,EQ,05-Aug-2020,133.65,135.25,135.5,132.05,132.95,132.9,133.82,833310,111515051.1,10948.0,284157.0,34.10
ITI,EQ,04-Aug-2020,130.4,133.1,137.0,133.1,133.5,133.65,134.58,1678094,225840197.95,21007.0,434130.0,25.87
ITI,EQ,03-Aug-2020,128.95,127.0,134.4,126.6,130.1,130.4,131.36,978313,128514972.6,15020.0,281668.0,28.79
ITI,EQ,31-Jul-2020,132.55,133.2,133.2,128.5,128.65,128.95,130.16,1047294,136314787.55,14382.0,368091.0,35.15
ITI,EQ,30-Jul-2020,137.35,136.9,137.75,131.1,132.5,132.55,134.57,1264669,170187657.1,18983.0,445600.0,35.23
ITI,EQ,29-Jul-2020,136.1,138.8,141.3,136.4,136.6,137.35,139.12,2694568,374870276.45,33624.0,719460.0,26.70
ITI,EQ,28-Jul-2020,135.75,136.65,139.3,135.05,135.35,136.1,136.9,2139313,292876136.7,27399.0,451811.0,21.12
ITI,EQ,27-Jul-2020,138.25,136.1,142.25,131.1,134.9,135.75,138.36,6291258,870488226.15,61845.0,1183460.0,18.81
ITI,EQ,24-Jul-2020,132.25,134.45,142.5,125.0,137.8,138.25,134.86,10237472,1380624594.6,98931.0,2048861.0,20.01
ITI,EQ,23-Jul-2020,120.25,123.05,132.25,123.05,132.25,132.25,129.16,5300645,684604832.15,42377.0,1710616.0,32.27
ITI,EQ,22-Jul-2020,123.1,123.0,124.3,119.5,120.25,120.25,121.72,897737,109272562.1,11706.0,340575.0,37.94
ITI,EQ,21-Jul-2020,124.3,124.85,126.1,122.1,122.95,123.1,124.28,866387,107673019.55,8572.0,307848.0,35.53
ITI,EQ,20-Jul-2020,125.9,126.4,127.5,123.8,124.1,124.3,125.38,996373,124925965.75,13221.0,271488.0,27.25
ITI,EQ,17-Jul-2020,122.45,121.4,129.65,121.4,125.5,125.9,126.26,2041669,257786456.75,21495.0,443010.0,21.70
ITI,EQ,16-Jul-2020,124.55,126.0,126.5,121.05,121.75,122.45,122.85,1114032,136859756.1,13157.0,323321.0,29.02
ITI,EQ,15-Jul-2020,129.5,130.0,132.5,123.0,124.55,124.55,128.43,1574627,202231436.45,16820.0,477311.0,30.31
ITI,EQ,14-Jul-2020,131.75,133.5,133.9,128.0,129.0,129.5,131.18,3013545,395324430.8,33541.0,992600.0,32.94
ITI,EQ,13-Jul-2020,124.65,128.0,133.7,127.4,132.0,131.75,130.94,4339937,568285125.35,43329.0,1158591.0,26.70
ITI,EQ,10-Jul-2020,128.6,126.5,130.9,122.55,124.1,124.65,126.63,1578521,199893541.85,18185.0,421404.0,26.70
ITI,EQ,09-Jul-2020,128.85,129.65,132.25,127.8,128.1,128.6,129.97,1672695,217406755.95,21512.0,429682.0,25.69
ITI,EQ,08-Jul-2020,134.5,131.95,134.1,126.55,128.95,128.85,130.25,4281019,557592742.85,51262.0,978255.0,22.85
ITI,EQ,07-Jul-2020,134.3,140.0,144.15,131.3,133.9,134.5,136.87,16097720,2203280621.45,131416.0,3408838.0,21.18
ITI,EQ,06-Jul-2020,111.95,120.05,134.3,118.0,134.3,134.3,129.29,23094532,2985776654.35,126816.0,3993697.0,17.29
ITI,EQ,03-Jul-2020,103.3,105.55,113.65,104.25,111.05,111.95,109.74,6397126,702021768.6,42515.0,1567880.0,24.51
ITI,EQ,02-Jul-2020,103.85,104.2,105.6,102.8,103.2,103.3,104.04,1124995,117049050.65,8782.0,222939.0,19.82
ITI,EQ,01-Jul-2020,104.1,104.6,106.0,102.45,104.05,103.85,104.11,1084966,112955803.45,10174.0,221662.0,20.43
ITI,EQ,30-Jun-2020,106.85,107.7,108.95,103.25,103.9,104.1,106.53,1395706,148679581.7,12746.0,356783.0,25.56
ITI,EQ,29-Jun-2020,107.85,107.6,109.55,106.05,106.35,106.85,107.57,1808287,194520761.5,15346.0,491534.0,27.18
ITI,EQ,26-Jun-2020,106.5,107.4,110.0,104.1,107.45,107.85,107.45,7002677,752459707.55,44265.0,1123158.0,16.04
ITI,EQ,25-Jun-2020,103.15,105.9,107.85,103.6,107.0,106.5,105.49,2447211,258167733.3,19076.0,585717.0,23.93
ITI,EQ,24-Jun-2020,103.7,103.55,107.4,102.55,102.7,103.15,104.96,2493742,261751650.6,18091.0,658105.0,26.39
ITI,EQ,23-Jun-2020,102.15,103.0,107.45,100.75,103.6,103.7,104.77,2989055,313153889.3,23432.0,628637.0,21.03
ITI,EQ,22-Jun-2020,106.8,106.9,107.7,101.5,102.7,102.15,103.43,2634996,272528763.85,23347.0,880029.0,33.40
ITI,EQ,19-Jun-2020,108.6,112.5,113.65,104.7,106.2,106.8,108.76,10059443,1094077509.0,69502.0,2824152.0,28.07
ITI,EQ,18-Jun-2020,90.55,101.0,108.65,101.0,108.65,108.6,106.11,27560173,2924492463.95,117291.0,4181954.0,15.17
ITI,EQ,17-Jun-2020,81.8,82.8,92.8,82.4,92.15,90.55,87.82,6704339,588782266.9,35108.0,1360473.0,20.29
ITI,EQ,16-Jun-2020,82.35,83.25,83.8,80.1,81.85,81.8,82.24,446958,36756251.05,3741.0,146694.0,32.82
ITI,EQ,15-Jun-2020,82.25,82.45,84.4,81.5,82.15,82.35,82.77,435418,36039345.45,4519.0,119954.0,27.55
ITI,EQ,12-Jun-2020,83.45,80.05,83.0,80.05,82.1,82.25,81.79,546724,44714841.35,5332.0,192823.0,35.27
ITI,EQ,11-Jun-2020,86.45,86.2,87.45,83.05,83.4,83.45,85.2,455768,38829293.8,3736.0,213043.0,46.74
ITI,EQ,10-Jun-2020,86.45,86.45,88.1,85.8,86.4,86.45,86.67,442093,38317329.1,4211.0,94033.0,21.27
ITI,EQ,09-Jun-2020,87.95,88.7,88.9,85.8,86.0,86.45,87.39,554280,48436958.45,4838.0,147366.0,26.59
ITI,EQ,08-Jun-2020,87.75,88.65,90.9,87.4,88.0,87.95,89.13,836107,74518325.2,6083.0,239947.0,28.70
ITI,EQ,05-Jun-2020,86.4,88.5,89.9,87.25,87.95,87.75,88.25,871290,76891543.0,6504.0,296128.0,33.99
ITI,EQ,04-Jun-2020,87.6,87.6,89.45,86.0,86.5,86.4,87.06,494675,43063959.95,4944.0,173266.0,35.03
ITI,EQ,03-Jun-2020,90.35,90.75,92.0,86.05,87.4,87.6,89.91,1225797,110205544.05,9805.0,502319.0,40.98
ITI,EQ,02-Jun-2020,85.25,86.2,91.5,83.6,90.75,90.35,89.37,5819770,520087233.9,30093.0,1052000.0,18.08
ITI,EQ,01-Jun-2020,82.3,83.7,86.4,83.05,85.0,85.25,85.44,1681068,143629754.85,12299.0,434119.0,25.82
ITI,EQ,29-May-2020,82.7,82.05,83.8,81.75,81.95,82.3,82.66,370258,30603790.1,3415.0,116195.0,31.38
ITI,EQ,28-May-2020,82.8,82.8,84.0,82.1,82.3,82.7,83.18,403216,33538692.45,3255.0,142026.0,35.22
ITI,EQ,27-May-2020,80.6,83.9,83.95,82.4,82.65,82.8,82.96,1156188,95912572.55,8792.0,216999.0,18.77
ITI,EQ,26-May-2020,80.35,81.0,81.75,80.25,80.5,80.6,80.88,258858,20936054.75,2676.0,103571.0,40.01
ITI,EQ,22-May-2020,81.3,81.2,82.5,80.15,80.45,80.35,80.83,310201,25073129.9,3194.0,111599.0,35.98
ITI,EQ,21-May-2020,81.75,82.15,83.0,81.15,81.45,81.3,82.16,301317,24756527.15,2886.0,106898.0,35.48
ITI,EQ,20-May-2020,81.95,81.15,82.85,81.0,81.85,81.75,81.81,364711,29837510.25,3447.0,120946.0,33.16
ITI,EQ,19-May-2020,82.65,82.8,83.9,81.55,81.95,81.95,82.53,468577,38672784.2,5123.0,119382.0,25.48
ITI,EQ,18-May-2020,86.25,87.8,89.0,82.0,82.2,82.65,85.96,2129508,183046488.15,16394.0,710699.0,33.37
ITI,EQ,15-May-2020,81.85,82.2,87.0,80.85,86.5,86.25,85.44,1542547,131799235.7,12137.0,627289.0,40.67
ITI,EQ,14-May-2020,84.85,83.35,84.2,81.5,81.85,81.85,82.67,352805,29166286.95,4125.0,126649.0,35.90
ITI,EQ,13-May-2020,82.35,87.0,87.4,84.0,84.75,84.85,85.07,1290207,109752431.3,10854.0,394609.0,30.58
ITI,EQ,12-May-2020,80.8,80.5,83.1,78.65,82.55,82.35,81.03,599537,48578614.25,6825.0,190810.0,31.83
ITI,EQ,11-May-2020,80.9,81.3,84.25,80.5,80.75,80.8,82.01,746447,61218700.5,8294.0,162239.0,21.73
ITI,EQ,08-May-2020,82.15,83.9,83.9,80.2,80.6,80.9,82.07,434393,35649515.3,5688.0,129757.0,29.87
ITI,EQ,07-May-2020,82.4,81.35,84.0,81.35,82.1,82.15,82.65,590010,48763563.95,7736.0,117927.0,19.99
ITI,EQ,06-May-2020,83.0,83.1,84.0,81.65,82.2,82.4,82.75,438633,36296785.9,4921.0,98096.0,22.36
ITI,EQ,05-May-2020,82.3,83.9,87.9,82.5,83.25,83.0,84.85,1144412,97108082.05,9451.0,206141.0,18.01
ITI,EQ,04-May-2020,86.95,84.75,84.75,82.0,82.8,82.3,82.72,428354,35431415.75,5484.0,163641.0,38.20
ITI,EQ,30-Apr-2020,87.25,91.0,91.9,86.0,86.4,86.95,88.54,1610467,142593658.25,13389.0,679497.0,42.19
ITI,EQ,29-Apr-2020,82.55,83.0,89.25,82.5,88.3,87.25,85.85,2087807,179234083.4,16329.0,573111.0,27.45
ITI,EQ,28-Apr-2020,84.2,84.8,85.0,82.05,82.55,82.55,83.27,421637,35108537.85,4766.0,158456.0,37.58
ITI,EQ,27-Apr-2020,81.95,82.9,86.7,82.3,84.0,84.2,84.58,1605085,135752675.7,12971.0,299322.0,18.65
ITI,EQ,24-Apr-2020,86.1,85.95,85.95,81.0,81.5,81.95,83.2,1118989,93095406.95,10739.0,438375.0,39.18
ITI,EQ,23-Apr-2020,78.3,78.25,86.1,77.8,86.1,86.1,83.44,1485634,123957006.4,12019.0,470212.0,31.65
ITI,EQ,22-Apr-2020,81.25,82.0,83.0,76.6,78.1,78.3,78.38,562733,44104486.55,7401.0,206130.0,36.63
ITI,EQ,21-Apr-2020,87.05,83.6,85.0,80.4,81.3,81.25,81.96,509369,41750289.25,6857.0,216452.0,42.49
ITI,EQ,20-Apr-2020,90.55,91.65,91.65,86.5,86.6,87.05,88.55,638528,56543409.15,8113.0,264781.0,41.47
ITI,EQ,17-Apr-2020,89.35,89.5,96.6,89.5,90.5,90.55,92.78,1887711,175147336.5,16895.0,546484.0,28.95
ITI,EQ,16-Apr-2020,93.05,92.0,92.0,86.0,89.25,89.35,89.15,1871467,166841854.7,19367.0,535863.0,28.63
ITI,EQ,15-Apr-2020,87.35,96.05,96.05,88.0,94.0,93.05,94.4,5090822,480561343.4,33809.0,1567257.0,30.79
ITI,EQ,13-Apr-2020,72.8,84.95,87.35,83.0,87.35,87.35,85.99,4971911,427520833.65,29946.0,,-
ITI,EQ,09-Apr-2020,69.1,70.65,74.35,68.25,72.8,72.8,71.55,1452367,103911255.3,13813.0,427169.0,29.41
ITI,EQ,08-Apr-2020,63.8,61.55,73.45,61.55,69.0,69.1,70.38,3005181,211491564.95,21860.0,552430.0,18.38
ITI,EQ,07-Apr-2020,60.2,62.4,66.6,60.1,63.7,63.8,63.9,1532369,97924865.75,10847.0,318138.0,20.76
ITI,EQ,03-Apr-2020,59.45,63.0,63.0,59.8,60.35,60.2,60.83,430657,26194999.35,5427.0,115487.0,26.82
ITI,EQ,01-Apr-2020,62.75,62.5,62.5,57.0,59.5,59.45,60.34,408912,24673934.6,4627.0,154865.0,37.87
ITI,EQ,31-Mar-2020,57.25,62.7,66.5,60.5,63.2,62.75,63.25,2034925,128702785.2,18557.0,429679.0,21.12
ITI,EQ,30-Mar-2020,54.35,54.0,58.95,51.5,57.3,57.25,57.23,1509246,86374091.95,10448.0,242543.0,16.07
ITI,EQ,27-Mar-2020,51.15,53.0,60.25,53.0,54.1,54.35,56.97,1482089,84434215.35,11878.0,336888.0,22.73
ITI,EQ,26-Mar-2020,49.95,50.75,53.5,50.15,51.2,51.15,51.92,489461,25412546.1,5009.0,143240.0,29.26
ITI,EQ,25-Mar-2020,49.85,46.6,51.95,46.6,49.9,49.95,49.71,407395,20249574.6,5475.0,143201.0,35.15
ITI,EQ,24-Mar-2020,50.3,52.95,54.5,48.0,50.0,49.85,50.75,428607,21750769.75,4761.0,111240.0,25.95
ITI,EQ,23-Mar-2020,56.9,51.0,53.95,49.0,50.5,50.3,50.53,505324,25533463.65,5128.0,190821.0,37.76
ITI,EQ,20-Mar-2020,48.2,48.9,57.8,48.6,57.3,56.9,54.86,2247079,123276625.35,16148.0,396530.0,17.65
ITI,EQ,19-Mar-2020,51.95,46.85,51.35,46.55,48.3,48.2,49.51,659584,32657712.0,6862.0,145556.0,22.07
ITI,EQ,18-Mar-2020,55.15,57.5,58.05,51.1,51.3,51.95,53.23,579277,30837340.5,5305.0,149859.0,25.87
ITI,EQ,17-Mar-2020,52.55,52.4,62.0,52.4,55.5,55.15,57.06,1689256,96391483.25,13102.0,214396.0,12.69
ITI,EQ,16-Mar-2020,53.3,49.9,56.5,48.3,52.2,52.55,53.42,895034,47809901.25,6834.0,182203.0,20.36
ITI,EQ,13-Mar-2020,56.0,47.1,58.2,44.8,53.5,53.3,52.04,1416242,73698776.35,10998.0,279132.0,19.71
ITI,EQ,12-Mar-2020,67.0,62.2,63.15,55.2,55.85,56.0,59.02,829289,48942267.1,7542.0,236470.0,28.51
ITI,EQ,11-Mar-2020,66.45,65.4,69.85,65.4,66.5,67.0,67.85,635135,43094752.7,6737.0,122775.0,19.33
ITI,EQ,09-Mar-2020,71.1,68.3,69.8,65.5,66.3,66.45,67.53,590401,39871398.55,5393.0,161922.0,27.43
ITI,EQ,06-Mar-2020,75.75,70.2,72.2,68.0,71.0,71.1,71.15,618488,44002617.3,6829.0,162600.0,26.29
ITI,EQ,05-Mar-2020,73.0,74.25,77.95,72.65,75.35,75.75,75.85,1545075,117195762.5,10527.0,201478.0,13.04
ITI,EQ,04-Mar-2020,75.0,75.2,75.6,72.0,72.9,73.0,73.42,385291,28288923.8,3598.0,100529.0,26.09
ITI,EQ,03-Mar-2020,74.15,74.9,76.95,73.5,75.0,75.0,75.18,465358,34984424.45,4650.0,123096.0,26.45
ITI,EQ,02-Mar-2020,71.4,73.05,83.0,73.0,74.5,74.15,77.59,1875742,145547007.15,13309.0,273533.0,14.58
ITI,EQ,28-Feb-2020,78.1,75.0,75.0,71.0,71.45,71.4,72.61,572261,41553244.5,6427.0,206080.0,36.01
ITI,EQ,27-Feb-2020,80.65,80.4,80.9,77.1,78.0,78.1,78.47,493589,38730922.85,5864.0,136714.0,27.70
ITI,EQ,26-Feb-2020,81.6,81.3,81.95,80.4,80.6,80.65,81.19,429644,34881358.1,4220.0,125058.0,29.11
ITI,EQ,25-Feb-2020,81.6,82.2,82.8,80.8,82.0,81.6,81.72,320201,26166174.1,3463.0,84734.0,26.46
ITI,EQ,24-Feb-2020,84.35,82.2,83.6,81.1,81.85,81.6,82.5,358959,29615868.2,3530.0,116521.0,32.46
ITI,EQ,20-Feb-2020,86.35,86.0,86.5,84.0,84.25,84.35,85.18,714618,60867969.2,7281.0,177950.0,24.90
ITI,EQ,19-Feb-2020,81.65,82.25,89.7,81.3,86.15,86.35,85.8,1717683,147376411.55,12378.0,350094.0,20.38
ITI,EQ,18-Feb-2020,81.3,80.95,82.8,80.0,81.95,81.65,81.39,350942,28564645.45,3719.0,104874.0,29.88
ITI,EQ,17-Feb-2020,82.75,83.0,83.2,80.6,81.25,81.3,81.5,433173,35302476.65,4396.0,158259.0,36.53
ITI,EQ,14-Feb-2020,82.85,82.5,84.3,82.0,82.6,82.75,83.08,364479,30279603.15,3828.0,113379.0,31.11
ITI,EQ,13-Feb-2020,84.5,84.5,84.5,82.2,82.85,82.85,83.31,347772,28972633.1,3329.0,138224.0,39.75
ITI,EQ,12-Feb-2020,85.75,85.0,85.9,84.2,84.4,84.5,85.0,436417,37093574.05,3715.0,138815.0,31.81
ITI,EQ,11-Feb-2020,85.55,86.0,89.4,84.25,84.6,85.75,86.67,765019,66303618.2,6466.0,224962.0,29.41
ITI,EQ,10-Feb-2020,87.75,88.0,88.0,84.75,84.9,85.55,86.07,335228,28854303.55,3603.0,122407.0,36.51
ITI,EQ,07-Feb-2020,89.8,89.2,89.45,87.2,87.55,87.75,88.07,723457,63712151.7,6138.0,165394.0,22.86
ITI,EQ,06-Feb-2020,84.25,89.0,94.55,89.0,89.1,89.8,91.58,2845575,260589586.05,19806.0,617076.0,21.69
ITI,EQ,05-Feb-2020,80.55,82.75,85.7,82.0,83.9,84.25,83.83,1103822,92528750.3,9479.0,254961.0,23.10
ITI,EQ,04-Feb-2020,80.4,82.2,82.3,80.1,80.35,80.55,80.87,431228,34872914.25,3838.0,154908.0,35.92
ITI,EQ,03-Feb-2020,82.9,83.0,83.3,79.25,80.45,80.4,80.7,526296,42471148.35,4755.0,198965.0,37.80
ITI,EQ,01-Feb-2020,85.45,85.8,87.4,82.25,82.5,82.9,85.28,849961,72483972.85,6550.0,211912.0,24.93
ITI,EQ,31-Jan-2020,86.45,86.0,86.95,83.6,85.6,85.45,85.28,970662,82775686.5,7606.0,175014.0,18.03
ITI,EQ,30-Jan-2020,87.75,86.9,87.1,85.0,86.3,86.45,86.14,648542,55866444.2,5648.0,143537.0,22.13
ITI,EQ,29-Jan-2020,83.15,83.8,88.5,82.45,87.65,87.75,85.68,2169665,185905536.8,16543.0,428729.0,19.76
ITI,EQ,28-Jan-2020,88.7,88.0,88.6,81.6,84.5,83.15,84.92,1511501,128360692.55,12933.0,493987.0,32.68
ITI,EQ,27-Jan-2020,91.05,90.0,90.0,88.2,88.55,88.7,88.93,889556,79111073.0,7425.0,260488.0,29.28
ITI,EQ,24-Jan-2020,92.95,92.1,93.0,90.0,90.9,91.05,91.04,1262004,114886812.55,10746.0,343968.0,27.26
ITI,EQ,23-Jan-2020,99.75,94.45,95.85,92.15,93.0,92.95,93.72,2305738,216086534.6,16163.0,791746.0,34.34
ITI,EQ,22-Jan-2020,99.35,100.2,103.15,99.0,100.0,99.75,101.6,1911681,194221238.8,13383.0,373161.0,19.52
ITI,EQ,21-Jan-2020,102.9,101.15,102.0,98.6,99.15,99.35,99.76,808063,80614907.65,7386.0,314718.0,38.95
ITI,EQ,20-Jan-2020,103.2,103.5,104.9,101.4,102.2,102.9,103.2,1606464,165793514.35,11668.0,367264.0,22.86
ITI,EQ,17-Jan-2020,103.5,104.85,105.5,102.4,102.7,103.2,104.12,1791576,186536824.7,13073.0,717846.0,40.07
ITI,EQ,16-Jan-2020,99.55,100.7,104.5,99.85,103.5,103.5,102.4,1980269,202784447.25,14613.0,697441.0,35.22
ITI,EQ,15-Jan-2020,97.35,98.8,100.8,98.6,99.4,99.55,99.61,1359355,135406728.35,13791.0,368759.0,27.13
ITI,EQ,14-Jan-2020,98.35,98.3,98.95,97.0,97.0,97.35,97.6,637329,62205794.75,7680.0,222168.0,34.86
ITI,EQ,13-Jan-2020,98.65,98.85,101.25,97.5,98.2,98.35,98.85,996258,98479885.4,8317.0,238083.0,23.90
ITI,EQ,10-Jan-2020,102.95,102.0,102.0,97.9,98.4,98.65,99.89,1525671,152398318.45,13225.0,570256.0,37.38
ITI,EQ,09-Jan-2020,100.65,102.5,105.8,101.3,102.35,102.95,102.97,4036444,415644783.85,22783.0,629364.0,15.59
ITI,EQ,08-Jan-2020,103.9,100.0,103.7,99.05,100.1,100.65,101.78,2705951,275398941.85,18718.0,690229.0,25.51
ITI,EQ,07-Jan-2020,91.6,105.0,107.4,101.0,103.1,103.9,104.46,14798001,1545844094.55,93205.0,1862968.0,12.59
ITI,EQ,06-Jan-2020,94.8,94.6,94.6,90.65,91.0,91.6,92.4,686560,63437422.7,5298.0,296343.0,43.16
ITI,EQ,03-Jan-2020,95.8,96.5,98.0,94.2,94.7,94.8,96.3,2144433,206510514.65,14721.0,802560.0,37.43
ITI,EQ,02-Jan-2020,91.8,92.0,96.45,91.8,96.35,95.8,94.61,2193295,207516165.7,14238.0,778592.0,35.50
ITI,EQ,01-Jan-2020,92.5,92.5,93.5,91.5,91.8,91.8,92.32,416545,38456746.3,3357.0,138357.0,33.22
ITI,EQ,31-Dec-2019,92.1,93.15,93.9,92.15,92.3,92.5,92.92,846147,78621973.65,7204.0,234212.0,27.68
ITI,EQ,30-Dec-2019,92.3,92.95,93.55,91.55,91.85,92.1,92.42,507611,46915569.95,5204.0,138189.0,27.22
ITI,EQ,28-Dec-2021,117.9,118.85,124.8,118.65,122.8,122.85,123.19,2553588,314574257.15,29198.0,512274.0,20.06
ITI,EQ,27-Dec-2021,116.1,117.0,120.6,115.2,118.0,117.9,119.04,1018600,121259085.65,13325.0,208545.0,20.47
ITI,EQ,24-Dec-2021,115.0,115.85,118.4,113.8,117.1,116.1,115.9,529507,61369934.3,9029.0,90217.0,17.04
ITI,EQ,23-Dec-2021,113.0,113.8,116.9,113.4,115.25,115.0,115.12,330132,38005280.7,6316.0,70371.0,21.32
ITI,EQ,22-Dec-2021,112.05,112.35,114.5,112.35,113.0,113.0,113.43,152367,17283205.75,3195.0,44244.0,29.04
ITI,EQ,21-Dec-2021,110.6,112.25,115.15,111.6,112.1,112.05,113.25,386356,43753177.55,7550.0,77844.0,20.15
ITI,EQ,20-Dec-2021,113.15,112.1,115.2,109.3,110.55,110.6,111.92,712085,79700000.5,11258.0,98934.0,13.89
ITI,EQ,17-Dec-2021,116.55,117.0,117.0,112.15,113.6,113.15,114.38,356071,40727366.85,6192.0,96038.0,26.97
ITI,EQ,16-Dec-2021,119.4,119.55,119.55,116.15,116.9,116.55,117.39,197835,23223326.1,3263.0,66900.0,33.82
ITI,EQ,15-Dec-2021,117.8,117.3,121.6,116.6,118.35,119.4,118.93,792875,94296409.15,9675.0,174688.0,22.03
ITI,EQ,14-Dec-2021,119.3,118.5,119.35,117.2,117.8,117.8,118.08,211637,24990736.55,3267.0,76887.0,36.33
ITI,EQ,13-Dec-2021,116.65,117.2,121.0,116.45,119.05,119.3,119.24,876225,104484224.05,8451.0,263905.0,30.12
ITI,EQ,10-Dec-2021,118.65,117.0,118.25,116.25,116.6,116.65,117.13,384044,44982312.9,5241.0,115436.0,30.06
ITI,EQ,09-Dec-2021,112.4,113.1,119.9,112.35,117.95,118.65,117.48,1823534,214223577.8,20876.0,400803.0,21.98
ITI,EQ,08-Dec-2021,111.9,112.4,113.75,112.0,112.3,112.4,112.85,161580,18234091.65,2472.0,68897.0,42.64
ITI,EQ,07-Dec-2021,111.0,111.95,114.0,111.15,111.5,111.9,112.42,247608,27836479.65,4903.0,91829.0,37.09
ITI,EQ,06-Dec-2021,110.35,111.7,114.4,110.2,111.1,111.0,111.93,487522,54569092.3,7503.0,105522.0,21.64
ITI,EQ,03-Dec-2021,109.8,111.0,112.4,110.15,110.55,110.35,110.99,159346,17685415.65,2615.0,53084.0,33.31
ITI,EQ,02-Dec-2021,110.55,110.85,111.85,108.9,110.0,109.8,110.03,255812,28146322.85,3764.0,132518.0,51.8
ITI,EQ,01-Dec-2021,110.05,111.4,111.5,110.0,110.7,110.55,110.64,136438,15095705.1,2568.0,51949.0,38.08
ITI,EQ,30-Nov-2021,108.65,108.9,118.8,108.9,109.5,110.05,112.02,496141,55577385.2,11079.0,66857.0,13.48
ITI,EQ,29-Nov-2021,112.0,113.0,113.0,107.5,107.95,108.65,110.12,196387,21626375.85,4566.0,82128.0,41.82
ITI,EQ,26-Nov-2021,115.35,115.0,115.1,111.1,111.9,112.0,113.31,262687,29765424.1,4171.0,117457.0,44.71
ITI,EQ,25-Nov-2021,115.6,116.0,116.65,115.05,115.45,115.35,115.71,182236,21086867.75,3590.0,56998.0,31.28
ITI,EQ,24-Nov-2021,115.2,115.25,118.8,115.0,115.15,115.6,116.95,242448,28354953.35,4843.0,74528.0,30.74
ITI,EQ,23-Nov-2021,114.05,113.1,116.75,111.4,115.2,115.2,114.41,318352,36423272.0,6180.0,97829.0,30.73
ITI,EQ,22-Nov-2021,118.1,118.5,118.55,113.2,114.0,114.05,115.47,224025,25867338.95,4892.0,102068.0,45.56
ITI,EQ,18-Nov-2021,121.35,119.35,120.8,117.1,117.95,118.1,118.45,346557,41050700.0,6473.0,130681.0,37.71
ITI,EQ,17-Nov-2021,116.75,117.0,123.35,116.3,121.15,121.35,121.15,1346933,163174721.55,15165.0,241237.0,17.91
ITI,EQ,16-Nov-2021,117.05,117.45,118.0,115.2,117.2,116.75,116.91,170458,19928209.7,3424.0,89132.0,52.29
ITI,EQ,15-Nov-2021,117.95,117.85,119.25,116.45,117.35,117.05,117.61,200686,23601917.6,3307.0,105293.0,52.47
ITI,EQ,12-Nov-2021,119.65,120.3,121.9,116.8,117.85,117.95,118.65,487558,57850013.5,6472.0,161229.0,33.07
ITI,EQ,11-Nov-2021,120.45,120.25,121.4,119.15,119.7,119.65,120.1,111613,13405095.5,2290.0,43737.0,39.19
ITI,EQ,10-Nov-2021,121.85,121.0,123.0,119.6,120.25,120.45,121.32,185129,22459336.25,3017.0,95108.0,51.37
ITI,EQ,09-Nov-2021,121.9,122.5,123.35,121.55,122.2,121.85,122.36,171663,21004424.7,3338.0,69479.0,40.47
ITI,EQ,08-Nov-2021,119.9,120.55,123.4,119.5,121.75,121.9,121.75,343314,41797087.4,5622.0,134103.0,39.06
ITI,EQ,04-Nov-2021,118.85,118.85,121.25,118.85,120.1,119.9,120.01,49183,5902514.0,1031.0,31477.0,64.0
ITI,EQ,03-Nov-2021,120.4,120.4,121.35,118.5,119.5,118.85,119.73,171748,20562959.3,3578.0,70531.0,41.07
ITI,EQ,02-Nov-2021,118.9,120.0,122.1,119.5,120.25,120.4,120.61,248412,29962029.25,5157.0,62751.0,25.26
ITI,EQ,01-Nov-2021,117.5,118.3,120.4,118.3,119.05,118.9,119.19,141489,16864576.95,3265.0,47302.0,33.43
ITI,EQ,29-Oct-2021,118.95,118.1,119.7,116.25,118.0,117.5,118.12,225377,26622497.85,4530.0,75085.0,33.32
ITI,EQ,28-Oct-2021,122.5,122.45,122.45,118.5,119.55,118.95,120.14,251612,30227923.3,4787.0,113039.0,44.93
ITI,EQ,27-Oct-2021,119.3,119.8,125.75,119.2,122.3,122.5,123.61,952177,117695499.4,12966.0,192375.0,20.2
ITI,EQ,26-Oct-2021,119.15,119.2,121.0,119.0,119.6,119.3,119.7,227662,27250953.45,4298.0,101671.0,44.66
ITI,EQ,25-Oct-2021,121.4,122.3,122.45,117.05,120.0,119.15,119.46,260517,31122613.1,4746.0,115159.0,44.2
ITI,EQ,22-Oct-2021,122.7,122.8,124.55,120.75,121.9,121.4,122.53,243690,29859234.55,4852.0,83709.0,34.35
ITI,EQ,21-Oct-2021,124.9,125.85,125.9,122.1,123.0,122.7,123.44,295307,36453247.4,4696.0,102951.0,34.86
ITI,EQ,20-Oct-2021,122.5,122.5,128.0,119.65,125.0,124.9,125.14,1645196,205873279.5,22810.0,257071.0,15.63
ITI,EQ,19-Oct-2021,125.75,126.25,126.6,122.0,122.25,122.5,124.09,458930,56947304.9,7367.0,183154.0,39.91
ITI,EQ,18-Oct-2021,128.0,129.05,129.65,124.95,125.7,125.75,127.64,965975,123295578.65,11894.0,311030.0,32.2
ITI,EQ,14-Oct-2021,124.5,126.0,133.5,124.5,127.5,128.0,130.05,5332937,693546752.85,49450.0,992740.0,18.62
ITI,EQ,13-Oct-2021,121.05,121.85,127.1,121.15,124.55,124.5,124.65,1532415,191013068.2,18864.0,338505.0,22.09
ITI,EQ,12-Oct-2021,121.25,121.3,123.7,120.6,121.0,121.05,121.58,255122,31018776.9,5226.0,88480.0,34.68
ITI,EQ,11-Oct-2021,121.5,122.35,122.7,121.0,121.35,121.25,121.68,217271,26437732.15,3761.0,106404.0,48.97
ITI,EQ,08-Oct-2021,121.85,122.5,124.4,121.1,121.5,121.5,122.25,260369,31829096.25,4830.0,91307.0,35.07
ITI,EQ,07-Oct-2021,121.1,122.0,124.35,121.55,121.6,121.85,122.6,308493,37819864.0,6237.0,75810.0,24.57
ITI,EQ,06-Oct-2021,123.85,124.0,125.45,120.4,121.2,121.1,123.08,389560,47946589.0,6337.0,145395.0,37.32
ITI,EQ,05-Oct-2021,124.3,124.0,126.15,123.1,123.8,123.85,124.33,354464,44071298.15,5704.0,105154.0,29.67
ITI,EQ,04-Oct-2021,124.4,125.0,128.9,122.85,124.35,124.3,126.01,1174385,147985006.25,15949.0,209479.0,17.84
ITI,EQ,01-Oct-2021,124.5,123.6,127.4,123.1,124.25,124.4,125.39,1039108,130292439.65,12547.0,226226.0,21.77
ITI,EQ,30-Sep-2021,118.2,118.5,128.55,118.5,124.5,124.5,125.78,4738911,596052943.6,49635.0,797701.0,16.83
ITI,EQ,29-Sep-2021,118.25,117.5,119.8,117.5,118.25,118.2,118.75,172809,20520538.15,3402.0,51997.0,30.09
ITI,EQ,28-Sep-2021,118.85,119.8,120.4,117.6,118.5,118.25,118.81,182287,21657177.25,3703.0,74437.0,40.84
ITI,EQ,27-Sep-2021,118.0,118.6,122.0,117.5,119.3,118.85,119.75,407743,48826829.5,7160.0,114592.0,28.1
ITI,EQ,24-Sep-2021,118.4,119.1,120.95,117.6,117.95,118.0,119.11,383527,45680622.25,6389.0,98735.0,25.74
ITI,EQ,23-Sep-2021,118.35,118.6,120.7,118.0,118.25,118.4,119.1,197495,23522435.3,3232.0,85548.0,43.32
ITI,EQ,22-Sep-2021,118.15,118.7,119.8,117.45,118.4,118.35,118.67,181537,21543321.9,3346.0,72244.0,39.8
ITI,EQ,21-Sep-2021,117.5,120.0,120.0,116.5,118.2,118.15,118.09,305625,36091166.45,5905.0,63125.0,20.65
ITI,EQ,20-Sep-2021,118.6,117.5,122.3,117.1,117.7,117.5,119.14,277428,33052665.4,5350.0,97940.0,35.3
ITI,EQ,17-Sep-2021,121.35,122.0,122.0,117.65,118.9,118.6,119.46,298458,35654171.65,5954.0,113915.0,38.17
ITI,EQ,16-Sep-2021,122.55,123.4,123.7,120.9,121.25,121.35,121.9,341351,41609799.1,5054.0,126436.0,37.04
ITI,EQ,15-Sep-2021,120.25,120.1,124.3,119.8,122.1,122.55,121.9,527134,64260011.55,6231.0,164894.0,31.28
ITI,EQ,14-Sep-2021,121.0,121.8,121.8,120.0,120.1,120.25,120.68,227008,27395824.95,3891.0,93394.0,41.14
ITI,EQ,13-Sep-2021,118.45,119.0,122.7,117.55,120.35,121.0,121.25,1157075,140299473.75,15087.0,166176.0,14.36
ITI,EQ,09-Sep-2021,118.95,119.4,119.9,117.6,118.45,118.45,118.78,167911,19945154.5,3722.0,55733.0,33.19
ITI,EQ,08-Sep-2021,116.7,117.4,122.45,117.05,119.0,118.95,120.59,1217337,146801735.0,15711.0,196606.0,16.15
ITI,EQ,07-Sep-2021,117.25,117.25,117.95,116.0,116.65,116.7,117.02,156252,18284796.25,3951.0,59181.0,37.88
ITI,EQ,06-Sep-2021,116.7,117.6,119.9,116.75,117.75,117.25,117.86,219108,25824993.2,3812.0,64561.0,29.47
ITI,EQ,03-Sep-2021,117.35,117.55,118.25,116.35,116.55,116.7,117.37,164069,19257173.25,3074.0,69276.0,42.22
ITI,EQ,02-Sep-2021,114.45,115.0,121.4,114.15,117.3,117.35,117.32,796657,93460906.9,12139.0,147015.0,18.45
ITI,EQ,01-Sep-2021,114.75,114.75,115.7,114.2,114.75,114.45,114.8,134736,15467899.8,3043.0,54718.0,40.61
ITI,EQ,31-Aug-2021,113.45,114.7,116.0,113.7,115.0,114.75,114.91,194879,22393082.55,3617.0,74828.0,38.4
ITI,EQ,30-Aug-2021,114.15,114.7,115.45,110.85,113.9,113.45,114.28,215097,24580463.45,3511.0,102961.0,47.87
ITI,EQ,27-Aug-2021,113.35,112.45,116.35,112.45,114.2,114.15,114.42,254820,29155730.95,4540.0,60887.0,23.89
ITI,EQ,26-Aug-2021,113.55,113.75,115.0,112.4,112.85,113.35,113.85,141189,16074456.5,2958.0,43129.0,30.55
ITI,EQ,25-Aug-2021,113.05,113.8,114.95,113.25,113.9,113.55,114.01,192188,21911118.85,3429.0,67080.0,34.9
ITI,EQ,24-Aug-2021,112.15,112.8,114.0,111.65,113.2,113.05,112.88,223674,25248496.85,4610.0,73631.0,32.92
ITI,EQ,23-Aug-2021,113.05,114.4,115.4,110.35,112.5,112.15,113.07,329230,37224643.35,6334.0,103946.0,31.57
ITI,EQ,20-Aug-2021,116.75,116.5,118.65,110.35,112.9,113.05,115.46,375891,43400092.35,6582.0,120506.0,32.06
ITI,EQ,18-Aug-2021,118.3,118.5,119.15,116.2,116.4,116.75,117.55,181302,21312564.2,3557.0,80973.0,44.66
ITI,EQ,17-Aug-2021,118.45,118.95,120.15,117.7,118.0,118.3,119.01,242907,28907169.0,3913.0,86502.0,35.61
ITI,EQ,16-Aug-2021,121.3,120.8,120.8,118.2,118.55,118.45,119.13,319089,38014315.35,5031.0,147870.0,46.34
ITI,EQ,13-Aug-2021,124.4,121.9,123.25,120.25,121.2,121.3,121.75,540040,65752287.75,7021.0,180471.0,33.42
ITI,EQ,12-Aug-2021,122.45,123.2,125.9,122.5,124.15,124.4,124.35,435678,54177001.95,6738.0,97425.0,22.36
ITI,EQ,11-Aug-2021,121.2,122.0,126.5,118.15,122.7,122.45,121.91,695625,84801553.8,11596.0,127909.0,18.39
ITI,EQ,10-Aug-2021,125.65,125.65,125.95,120.3,121.85,121.2,122.92,330441,40619247.4,5742.0,159987.0,48.42
ITI,EQ,09-Aug-2021,126.35,126.35,126.7,125.0,125.5,125.65,125.79,273750,34434927.95,3797.0,115484.0,42.19
ITI,EQ,06-Aug-2021,125.85,126.65,127.75,125.7,126.7,126.35,126.65,229484,29063176.4,2992.0,80569.0,35.11
ITI,EQ,05-Aug-2021,127.45,127.65,127.85,125.2,126.3,125.85,126.17,365143,46071572.3,4228.0,166156.0,45.5
ITI,EQ,04-Aug-2021,130.05,130.8,130.85,126.8,127.65,127.45,128.69,340550,43825441.65,5082.0,140067.0,41.13
ITI,EQ,03-Aug-2021,132.1,132.9,134.0,129.05,129.85,130.05,131.9,658504,86854457.6,8590.0,190013.0,28.86
ITI,EQ,02-Aug-2021,128.1,128.1,135.5,128.1,132.5,132.1,132.19,1654705,218743445.7,15788.0,533754.0,32.26
ITI,EQ,30-Jul-2021,125.35,125.6,131.85,124.85,127.75,128.1,129.3,2149885,277986798.2,21179.0,296358.0,13.78
ITI,EQ,29-Jul-2021,124.25,125.25,126.95,124.6,125.05,125.35,125.68,338779,42579318.8,4363.0,104246.0,30.77
ITI,EQ,28-Jul-2021,126.9,127.5,127.5,123.95,124.1,124.25,125.09,478162,59811836.5,6016.0,199100.0,41.64
ITI,EQ,27-Jul-2021,126.8,127.4,129.0,126.0,126.65,126.9,127.54,514499,65620209.2,5243.0,135070.0,26.25
ITI,EQ,26-Jul-2021,127.6,127.3,129.15,126.4,126.6,126.8,127.48,371521,47361366.65,4346.0,142296.0,38.3
ITI,EQ,23-Jul-2021,128.8,129.45,130.15,127.25,127.85,127.6,128.24,471459,60461147.75,4924.0,182773.0,38.77
ITI,EQ,22-Jul-2021,129.95,130.9,132.55,128.5,128.95,128.8,130.11,536488,69802790.4,5558.0,192058.0,35.8
ITI,EQ,20-Jul-2021,133.55,134.0,134.35,129.1,130.0,129.95,130.82,706238,92393003.55,7093.0,207727.0,29.41
ITI,EQ,19-Jul-2021,136.6,133.95,136.55,132.75,134.25,133.55,134.4,1253345,168454044.95,13163.0,321985.0,25.69
ITI,EQ,16-Jul-2021,132.65,141.95,143.8,135.0,135.85,136.6,139.57,8423051,1175638889.3,62228.0,2022050.0,24.01
ITI,EQ,15-Jul-2021,126.95,127.75,133.25,126.8,133.0,132.65,131.29,2125894,279102475.2,17243.0,871875.0,41.01
ITI,EQ,14-Jul-2021,127.4,127.8,128.55,126.75,126.85,126.95,127.57,349711,44611970.7,3689.0,116572.0,33.33
ITI,EQ,13-Jul-2021,127.85,128.4,129.8,127.0,127.2,127.4,128.06,415778,53244558.45,4557.0,136831.0,32.91
ITI,EQ,12-Jul-2021,129.1,129.75,129.75,127.55,127.55,127.85,128.54,417299,53640945.3,3789.0,165729.0,39.71
ITI,EQ,09-Jul-2021,128.75,128.9,131.2,127.5,128.7,129.1,129.43,762627,98709454.85,7277.0,128332.0,16.83
ITI,EQ,08-Jul-2021,129.05,129.05,131.6,128.0,128.4,128.75,129.47,854661,110654019.0,9068.0,151177.0,17.69
ITI,EQ,07-Jul-2021,128.7,128.2,130.4,128.2,128.95,129.05,129.2,444408,57418213.1,4401.0,121466.0,27.33
ITI,EQ,06-Jul-2021,131.25,131.5,132.3,128.15,128.95,128.7,130.15,535747,69729299.65,5140.0,231376.0,43.19
ITI,EQ,05-Jul-2021,131.25,131.85,134.0,130.3,130.75,131.25,132.31,1518844,200954717.05,12246.0,302440.0,19.91
ITI,EQ,02-Jul-2021,128.45,128.5,133.8,128.3,130.6,131.25,131.54,2386303,313887906.9,18885.0,328162.0,13.75
ITI,EQ,01-Jul-2021,131.45,131.45,131.45,128.0,128.8,128.45,129.43,503996,65230769.75,5272.0,171745.0,34.08
ITI,EQ,30-Jun-2021,127.95,128.45,133.5,127.45,131.3,131.45,131.41,3722783,489214622.6,28710.0,515076.0,13.84
ITI,EQ,29-Jun-2021,128.2,128.0,129.45,127.35,127.85,127.95,128.39,367242,47150751.7,4186.0,117706.0,32.05
ITI,EQ,28-Jun-2021,128.25,126.7,131.6,126.7,127.85,128.2,129.01,738935,95330590.05,7630.0,187528.0,25.38
ITI,EQ,25-Jun-2021,130.8,131.55,131.55,127.9,128.3,128.25,129.3,663069,85735013.65,6746.0,246613.0,37.19
ITI,EQ,24-Jun-2021,133.1,134.0,135.4,130.05,131.0,130.8,132.58,1433137,189998985.1,12666.0,276495.0,19.29
ITI,EQ,23-Jun-2021,127.6,137.5,137.6,132.0,132.8,133.1,134.36,7588864,1019645023.75,58781.0,1306841.0,17.22
ITI,EQ,22-Jun-2021,129.7,130.6,132.0,127.0,127.6,127.6,129.6,965348,125104794.75,8675.0,308495.0,31.96
ITI,EQ,21-Jun-2021,127.6,125.8,131.55,125.0,129.6,129.7,129.71,2106435,273222753.55,17348.0,267395.0,12.69
ITI,EQ,18-Jun-2021,127.7,128.3,133.7,123.85,127.5,127.6,129.65,3371438,437104559.1,31658.0,511099.0,15.16
ITI,EQ,17-Jun-2021,128.25,126.4,137.65,126.4,127.0,127.7,132.55,3971440,526411891.75,36900.0,921936.0,23.21
ITI,EQ,16-Jun-2021,132.0,132.95,132.95,127.5,127.9,128.25,129.81,889285,115434263.7,8556.0,329733.0,37.08
ITI,EQ,15-Jun-2021,125.0,125.35,133.5,123.0,133.0,132.0,130.14,3014228,392257349.9,25505.0,883385.0,29.31
ITI,EQ,14-Jun-2021,126.8,126.8,126.8,123.4,125.35,125.0,124.74,364430,45460172.0,4373.0,113937.0,31.26
ITI,EQ,11-Jun-2021,128.75,129.2,129.6,126.0,126.8,126.8,127.37,595325,75826782.3,7566.0,177271.0,29.78
ITI,EQ,10-Jun-2021,127.65,128.3,130.85,127.4,128.55,128.75,129.2,981804,126850969.7,8696.0,312667.0,31.85
ITI,EQ,09-Jun-2021,124.0,124.4,132.3,123.85,127.45,127.65,129.98,5878092,764008896.55,41155.0,1016525.0,17.29
ITI,EQ,08-Jun-2021,125.9,126.9,126.9,123.3,124.15,124.0,124.66,450887,56209084.25,4994.0,165991.0,36.81
ITI,EQ,07-Jun-2021,124.1,125.45,127.8,123.7,126.25,125.9,126.08,2036794,256808583.35,18093.0,519989.0,25.53
ITI,EQ,04-Jun-2021,121.15,125.0,126.85,123.1,124.0,124.1,125.34,2486559,311674775.15,21958.0,563559.0,22.66
ITI,EQ,03-Jun-2021,120.65,121.0,122.8,120.7,121.4,121.15,121.64,274657,33410554.0,3294.0,91678.0,33.38
ITI,EQ,02-Jun-2021,120.5,120.6,122.0,120.35,120.9,120.65,121.01,191677,23194544.5,2631.0,78025.0,40.71
ITI,EQ,01-Jun-2021,122.85,122.5,124.2,119.85,120.5,120.5,121.93,373964,45598049.35,4598.0,145399.0,38.88
ITI,EQ,31-May-2021,122.35,122.8,125.9,120.25,123.3,122.85,123.73,1070428,132440680.4,12023.0,278865.0,26.05
ITI,EQ,28-May-2021,120.25,121.2,124.55,120.2,122.8,122.35,122.79,1305536,160304526.0,12887.0,311166.0,23.83
ITI,EQ,27-May-2021,119.95,120.25,122.25,119.85,120.2,120.25,120.86,310838,37567822.35,4049.0,112392.0,36.16
ITI,EQ,26-May-2021,119.75,120.0,122.7,119.15,119.65,119.95,121.2,538752,65297761.8,6619.0,135855.0,25.22
ITI,EQ,25-May-2021,120.75,121.5,122.9,119.5,119.7,119.75,120.67,346398,41799036.4,4277.0,107578.0,31.06
ITI,EQ,24-May-2021,121.8,122.6,122.6,120.5,120.9,120.75,121.31,275623,33435107.6,4002.0,117879.0,42.77
ITI,EQ,21-May-2021,118.85,119.6,123.5,119.05,122.0,121.8,121.86,821772,100141810.75,9002.0,240559.0,29.27
ITI,EQ,20-May-2021,119.55,119.95,121.95,118.55,119.15,118.85,120.06,291931,35050628.25,4472.0,87200.0,29.87
ITI,EQ,19-May-2021,117.8,117.8,121.35,117.5,119.95,119.55,119.97,468998,56266874.85,6200.0,150718.0,32.14
ITI,EQ,18-May-2021,117.85,118.85,119.05,117.55,117.65,117.8,118.32,253951,30046862.35,3600.0,119103.0,46.9
ITI,EQ,17-May-2021,118.05,118.2,119.65,117.55,117.75,117.85,118.47,207105,24535572.1,3179.0,69685.0,33.65
ITI,EQ,14-May-2021,120.1,120.85,121.35,117.6,118.2,118.05,119.01,225519,26838994.7,3364.0,80934.0,35.89
ITI,EQ,12-May-2021,123.7,123.7,124.9,119.3,120.0,120.1,122.34,591396,72350630.35,7188.0,183404.0,31.01
ITI,EQ,11-May-2021,118.9,117.6,127.5,116.6,123.7,123.7,124.67,3093647,385687726.7,30618.0,462809.0,14.96
ITI,EQ,10-May-2021,120.5,120.5,122.25,118.25,118.6,118.9,120.25,527126,63389008.85,6809.0,192914.0,36.6
ITI,EQ,07-May-2021,115.35,117.7,123.8,115.0,119.9,120.5,121.11,4553105,551405851.25,36659.0,673213.0,14.79
ITI,EQ,06-May-2021,110.95,112.0,116.6,111.55,115.8,115.35,114.08,1082914,123539991.25,14693.0,317463.0,29.32
ITI,EQ,05-May-2021,106.9,107.1,113.6,107.1,111.45,110.95,110.38,523551,57791529.0,7369.0,156456.0,29.88
ITI,EQ,04-May-2021,107.3,108.2,109.7,106.0,107.05,106.9,108.44,239033,25921502.55,3388.0,99415.0,41.59
ITI,EQ,03-May-2021,107.8,106.7,108.45,106.3,107.55,107.3,107.54,117728,12660114.9,2311.0,42050.0,35.72
ITI,EQ,30-Apr-2021,108.35,107.9,109.25,107.4,107.7,107.8,108.34,144063,15607525.7,2528.0,48554.0,33.7
ITI,EQ,29-Apr-2021,109.1,109.7,110.4,108.05,108.3,108.35,109.1,144437,15757985.9,2467.0,46448.0,32.16
ITI,EQ,28-Apr-2021,108.25,108.6,110.85,108.55,108.9,109.1,109.46,234920,25714516.6,3501.0,80161.0,34.12
ITI,EQ,27-Apr-2021,106.1,107.0,110.25,106.5,108.45,108.25,108.93,464518,50599651.9,5685.0,104523.0,22.5
ITI,EQ,26-Apr-2021,106.55,106.7,108.55,105.7,105.95,106.1,107.33,248149,26633554.5,3771.0,90255.0,36.37
ITI,EQ,23-Apr-2021,103.65,104.0,109.0,104.0,106.0,106.55,106.86,720194,76957751.15,9110.0,132845.0,18.45
ITI,EQ,22-Apr-2021,103.85,103.5,104.3,102.7,104.0,103.65,103.78,194898,20227100.05,5025.0,73399.0,37.66
ITI,EQ,20-Apr-2021,102.8,104.0,105.5,103.5,103.75,103.85,104.46,214273,22382632.15,3069.0,76586.0,35.74
ITI,EQ,19-Apr-2021,108.65,106.9,106.9,102.0,102.8,102.8,103.71,300396,31153975.55,4656.0,152116.0,50.64
ITI,EQ,16-Apr-2021,108.85,108.0,109.9,108.0,108.2,108.65,109.12,159974,17456739.15,2218.0,65471.0,40.93
ITI,EQ,15-Apr-2021,109.7,108.5,110.45,108.1,108.75,108.85,109.11,181593,19812840.25,2791.0,61184.0,33.69
ITI,EQ,13-Apr-2021,107.95,108.25,110.9,107.3,109.4,109.7,109.29,208710,22809927.2,3268.0,72214.0,34.6
ITI,EQ,12-Apr-2021,115.9,114.0,114.0,107.1,107.9,107.95,110.11,423187,46597486.9,6432.0,172133.0,40.68
ITI,EQ,09-Apr-2021,116.6,116.65,117.85,115.5,116.0,115.9,116.49,213699,24894850.0,3268.0,80397.0,37.62
ITI,EQ,08-Apr-2021,115.85,116.6,119.35,115.9,117.0,116.6,117.46,557306,65461446.45,5707.0,135684.0,24.35
ITI,EQ,07-Apr-2021,114.9,114.95,117.85,114.95,115.8,115.85,116.33,306932,35704450.35,3730.0,86627.0,28.22
ITI,EQ,06-Apr-2021,114.75,115.1,116.75,113.85,114.9,114.9,115.32,196564,22666967.35,2805.0,68174.0,34.68
ITI,EQ,05-Apr-2021,117.15,116.7,117.15,114.0,114.7,114.75,115.31,237273,27360373.15,3303.0,99839.0,42.08
ITI,EQ,01-Apr-2021,114.95,115.65,118.2,115.45,117.3,117.15,116.91,266567,31164874.4,2805.0,79904.0,29.98
ITI,EQ,31-Mar-2021,115.25,115.6,117.75,114.25,114.5,114.95,115.79,403041,46668299.05,5726.0,98834.0,24.52
ITI,EQ,30-Mar-2021,115.65,117.0,117.95,114.6,114.95,115.25,116.27,304500,35404272.95,4302.0,101287.0,33.26
ITI,EQ,26-Mar-2021,113.15,114.5,117.6,114.3,116.0,115.65,115.99,667932,77475402.2,6557.0,149154.0,22.33
ITI,EQ,25-Mar-2021,116.75,116.0,116.65,111.65,113.0,113.15,113.66,568391,64601935.7,8320.0,185618.0,32.66
ITI,EQ,24-Mar-2021,119.55,118.8,119.85,116.05,116.8,116.75,118.3,323780,38303294.95,4953.0,110055.0,33.99
ITI,EQ,23-Mar-2021,119.75,120.0,121.65,119.0,119.6,119.55,120.2,554459,66646797.55,6531.0,128707.0,23.21
ITI,EQ,22-Mar-2021,118.3,119.0,121.4,118.1,119.45,119.75,119.71,604152,72325073.5,8244.0,138281.0,22.89
ITI,EQ,19-Mar-2021,119.95,119.45,119.75,114.8,119.0,118.3,117.28,652774,76555873.15,6716.0,186034.0,28.5
ITI,EQ,18-Mar-2021,124.0,125.0,126.2,119.0,120.35,119.95,122.39,617285,75551631.15,6188.0,219576.0,35.57
ITI,EQ,17-Mar-2021,128.45,128.55,128.85,122.95,123.85,124.0,125.88,439436,55317163.5,4192.0,193015.0,43.92
ITI,EQ,16-Mar-2021,128.4,128.65,131.35,127.75,128.0,128.45,129.46,779543,100919112.75,6807.0,174866.0,22.43
ITI,EQ,15-Mar-2021,129.05,129.5,130.8,125.85,127.85,128.4,128.61,1100941,141588091.8,11385.0,227467.0,20.66
ITI,EQ,12-Mar-2021,128.7,132.5,133.7,127.8,128.75,129.05,131.02,1615021,211595149.1,15432.0,385397.0,23.86
ITI,EQ,10-Mar-2021,127.0,127.5,132.1,127.05,128.1,128.7,129.45,874647,113219166.4,8883.0,167814.0,19.19
ITI,EQ,09-Mar-2021,129.6,130.5,131.0,126.3,127.2,127.0,128.76,621840,80065036.1,6093.0,182353.0,29.32
ITI,EQ,08-Mar-2021,127.3,127.6,132.6,127.6,129.7,129.6,130.77,1358182,177603304.4,13759.0,288133.0,21.21
ITI,EQ,05-Mar-2021,129.45,128.85,131.0,126.2,127.2,127.3,128.54,505699,65000997.3,5218.0,177039.0,35.01
ITI,EQ,04-Mar-2021,129.95,127.9,132.35,127.5,129.25,129.45,130.11,623026,81061601.55,5961.0,167794.0,26.93
ITI,EQ,03-Mar-2021,130.9,131.8,133.0,129.0,129.65,129.95,131.33,805493,105786794.5,8110.0,263248.0,32.68
ITI,EQ,02-Mar-2021,127.4,131.0,134.0,130.05,130.4,130.9,131.33,2198769,288753438.6,20366.0,581498.0,26.45
ITI,EQ,01-Mar-2021,126.25,127.2,131.25,126.6,127.25,127.4,128.46,627512,80608705.75,6532.0,152787.0,24.35
ITI,EQ,26-Feb-2021,127.25,125.6,133.3,124.4,126.0,126.25,128.77,1327912,170988856.45,13048.0,236928.0,17.84
ITI,EQ,25-Feb-2021,127.1,127.9,130.6,127.0,127.05,127.25,128.22,573121,73485608.4,6491.0,153293.0,26.75
ITI,EQ,24-Feb-2021,124.45,124.5,131.0,124.5,127.4,127.1,128.58,771428,99192635.8,8445.0,244504.0,31.69
ITI,EQ,23-Feb-2021,124.75,125.6,126.8,124.0,124.5,124.45,124.99,358793,44846691.65,3791.0,129493.0,36.09
ITI,EQ,22-Feb-2021,127.15,126.25,129.25,124.15,125.0,124.75,126.44,623242,78805339.65,6749.0,165419.0,26.54
ITI,EQ,19-Feb-2021,128.5,127.8,130.8,125.9,127.2,127.15,128.23,1134222,145444786.45,10330.0,295374.0,26.04
ITI,EQ,18-Feb-2021,134.45,135.0,135.0,127.35,128.0,128.5,130.53,2062124,269170921.45,19863.0,657426.0,31.88
ITI,EQ,17-Feb-2021,121.8,121.7,137.4,121.4,133.9,134.45,132.18,11258751,1488189789.55,94724.0,1703732.0,15.13
ITI,EQ,16-Feb-2021,121.6,121.7,123.3,121.25,121.6,121.8,122.22,234471,28657634.55,2908.0,85320.0,36.39
ITI,EQ,15-Feb-2021,124.55,124.0,124.0,121.15,121.7,121.6,122.03,448670,54751790.9,5267.0,231744.0,51.65
ITI,EQ,12-Feb-2021,125.4,126.1,127.05,123.85,124.4,124.55,125.57,268840,33758295.3,2760.0,123819.0,46.06
ITI,EQ,11-Feb-2021,125.5,125.3,126.5,125.1,125.3,125.4,125.66,170980,21484692.4,1861.0,78248.0,45.76
ITI,EQ,10-Feb-2021,126.0,126.0,127.3,125.05,125.2,125.5,125.92,313829,39518068.15,3157.0,85860.0,27.36
ITI,EQ,09-Feb-2021,124.9,125.4,133.3,124.8,125.85,126.0,128.67,1860826,239438501.05,16391.0,229056.0,12.31
ITI,EQ,08-Feb-2021,125.6,126.3,126.9,124.0,124.75,124.9,125.67,246618,30991349.75,2542.0,122229.0,49.56
ITI,EQ,05-Feb-2021,126.75,127.5,127.85,125.15,125.75,125.6,126.24,281173,35495457.5,3147.0,112811.0,40.12
ITI,EQ,04-Feb-2021,126.75,127.3,129.25,126.5,126.9,126.75,127.27,327308,41656881.7,3631.0,108825.0,33.25
ITI,EQ,03-Feb-2021,128.0,128.3,134.0,125.4,126.4,126.75,129.19,1026359,132599413.45,13361.0,187532.0,18.27
ITI,EQ,02-Feb-2021,122.7,123.65,134.75,123.15,128.4,128.0,129.47,1591091,206000999.55,18280.0,334976.0,21.05
ITI,EQ,01-Feb-2021,121.1,121.95,125.45,120.8,122.6,122.7,123.0,533866,65667166.15,6051.0,130821.0,24.5
ITI,EQ,29-Jan-2021,122.35,122.6,123.55,120.4,122.0,121.1,122.34,188636,23078393.3,2498.0,72169.0,38.26
ITI,EQ,28-Jan-2021,121.05,119.1,123.45,119.1,121.95,122.35,121.86,225758,27511230.55,3163.0,69529.0,30.8
ITI,EQ,27-Jan-2021,122.35,121.9,123.5,120.65,121.45,121.05,121.73,186778,22736963.85,2684.0,75883.0,40.63
ITI,EQ,25-Jan-2021,124.85,125.6,125.85,121.7,122.45,122.35,123.18,279326,34408035.9,4108.0,96776.0,34.65
ITI,EQ,22-Jan-2021,126.55,126.4,127.3,124.55,124.8,124.85,125.81,270335,34009568.95,3749.0,136264.0,50.41
ITI,EQ,21-Jan-2021,128.05,128.5,128.8,126.0,127.0,126.55,127.48,215639,27489738.7,2620.0,105594.0,48.97
ITI,EQ,20-Jan-2021,128.25,127.9,129.55,127.65,127.95,128.05,128.31,282659,36269384.7,3079.0,107693.0,38.1
ITI,EQ,19-Jan-2021,126.35,126.9,130.4,126.65,127.95,128.25,128.67,589870,75899319.05,6395.0,120517.0,20.43
ITI,EQ,18-Jan-2021,128.85,129.65,129.65,126.0,126.4,126.35,127.37,448206,57090238.9,6537.0,128312.0,28.63
ITI,EQ,15-Jan-2021,131.5,130.1,134.4,128.0,129.0,128.85,130.24,1079318,140570677.95,13498.0,215028.0,19.92
ITI,EQ,14-Jan-2021,133.85,134.6,134.75,131.2,131.45,131.5,132.36,585228,77458101.0,8383.0,194805.0,33.29
ITI,EQ,13-Jan-2021,129.3,130.45,139.4,130.1,133.5,133.85,136.12,6035663,821563091.1,50437.0,1434961.0,23.77
ITI,EQ,12-Jan-2021,125.7,126.25,132.0,125.3,130.8,129.3,128.79,1353572,174322697.95,11775.0,385473.0,28.48
ITI,EQ,11-Jan-2021,127.3,127.45,128.15,124.4,125.95,125.7,126.29,281953,35609022.75,3323.0,127002.0,45.04
ITI,EQ,08-Jan-2021,127.1,128.0,129.7,126.9,127.35,127.3,128.18,418636,53660426.9,4359.0,137254.0,32.79
ITI,EQ,07-Jan-2021,128.3,128.3,129.3,126.75,127.35,127.1,127.83,373726,47773798.15,3386.0,155813.0,41.69
ITI,EQ,06-Jan-2021,127.9,128.4,130.3,126.0,128.45,128.3,128.28,533522,68442134.95,5532.0,172069.0,32.25
ITI,EQ,05-Jan-2021,128.7,127.6,128.85,127.2,128.0,127.9,127.97,304763,39001135.25,3915.0,126063.0,41.36
ITI,EQ,04-Jan-2021,127.2,129.5,130.8,127.45,128.6,128.7,129.01,789849,101896458.5,7700.0,219492.0,27.79
ITI,EQ,01-Jan-2021,126.55,127.2,128.8,126.8,127.2,127.2,127.52,279898,35693545.5,3791.0,73435.0,26.24
ITI,EQ,31-Dec-2020,127.8,127.2,128.15,126.25,126.8,126.55,127.06,238188,30263981.9,3171.0,85219.0,35.78
ITI,EQ,30-Dec-2020,126.75,127.6,130.9,125.25,127.4,127.8,127.98,572078,73217124.7,6594.0,134334.0,23.48
ITI,EQ,29-Dec-2020,127.75,127.9,128.7,126.4,127.0,126.75,127.38,291904,37183103.3,4370.0,94493.0,32.37
ITI,EQ,28-Dec-2022,103.0,103.55,104.95,103.15,104.35,104.2,104.02,309187,32160358.2,4539.0,147434.0,47.68
ITI,EQ,27-Dec-2022,102.25,103.6,104.9,102.25,103.0,103.0,103.07,227689,23467372.6,4242.0,84973.0,37.32
ITI,EQ,26-Dec-2022,98.45,98.5,102.9,98.5,102.75,102.25,101.1,345237,34903477.95,6185.0,122689.0,35.54
ITI,EQ,23-Dec-2022,107.35,104.35,105.95,96.5,100.0,98.45,101.41,449654,45597614.6,7025.0,206246.0,45.87
ITI,EQ,22-Dec-2022,106.1,106.9,109.5,103.1,106.85,107.35,106.14,431694,45818324.0,6199.0,128804.0,29.84
ITI,EQ,21-Dec-2022,109.95,110.7,113.0,105.4,106.1,106.1,109.19,474735,51835261.35,5724.0,139602.0,29.41
ITI,EQ,20-Dec-2022,110.0,110.35,110.45,108.7,109.5,109.95,109.49,179572,19661593.9,2487.0,48482.0,27.0
ITI,EQ,19-Dec-2022,109.2,109.35,111.0,108.8,109.7,110.0,109.68,315543,34608133.85,5106.0,119438.0,37.85
ITI,EQ,16-Dec-2022,111.75,111.75,112.2,108.75,109.15,109.2,110.14,306534,33762530.2,4040.0,128093.0,41.79
ITI,EQ,15-Dec-2022,111.2,111.5,115.25,110.6,111.85,111.75,113.11,623919,70572181.2,8301.0,137845.0,22.09
ITI,EQ,14-Dec-2022,111.7,111.9,113.3,110.8,111.25,111.2,111.97,281702,31542710.65,3900.0,112966.0,40.1
ITI,EQ,13-Dec-2022,111.5,111.8,112.6,111.5,111.65,111.7,111.91,186146,20831241.75,2676.0,93998.0,50.5
ITI,EQ,12-Dec-2022,110.2,110.95,112.3,109.05,111.7,111.5,110.56,211275,23358077.0,4124.0,69340.0,32.82
ITI,EQ,09-Dec-2022,113.4,113.9,114.7,109.5,110.0,110.2,112.34,457996,51452679.7,4898.0,166629.0,36.38
ITI,EQ,08-Dec-2022,113.9,114.6,116.9,113.0,113.25,113.4,114.44,278538,31876133.45,3915.0,84428.0,30.31
ITI,EQ,07-Dec-2022,114.3,114.8,115.0,113.15,113.5,113.9,114.2,334067,38149489.1,5321.0,90983.0,27.23
ITI,EQ,06-Dec-2022,114.0,114.5,115.0,113.15,114.3,114.3,114.15,333968,38123861.8,5020.0,113061.0,33.85
ITI,EQ,05-Dec-2022,114.5,114.0,117.4,113.15,114.3,114.0,115.39,652092,75246393.7,7878.0,157018.0,24.08
ITI,EQ,02-Dec-2022,115.55,116.9,116.9,113.05,114.0,114.5,114.86,444620,51069520.2,4686.0,173006.0,38.91
ITI,EQ,01-Dec-2022,114.15,114.95,119.0,113.9,115.6,115.55,116.92,1483618,173463198.85,13247.0,444259.0,29.94
ITI,EQ,30-Nov-2022,114.35,115.15,115.15,113.7,115.0,114.15,114.3,330095,37731057.95,5511.0,79325.0,24.03
ITI,EQ,29-Nov-2022,115.2,114.7,118.1,113.4,113.8,114.35,115.72,1234014,142801961.35,15093.0,304776.0,24.7
ITI,EQ,28-Nov-2022,111.35,111.25,117.4,111.25,114.8,115.2,115.17,1621289,186728046.15,15866.0,493841.0,30.46
ITI,EQ,25-Nov-2022,111.7,112.3,113.75,110.95,111.1,111.35,112.1,564489,63276791.0,10121.0,129382.0,22.92
ITI,EQ,24-Nov-2022,111.45,111.45,114.9,110.05,111.3,111.7,112.62,890136,100249436.25,10794.0,233143.0,26.19
ITI,EQ,23-Nov-2022,108.35,108.9,112.3,108.5,111.25,111.45,111.25,659963,73422578.1,9143.0,158742.0,24.05
ITI,EQ,22-Nov-2022,109.2,109.45,109.8,108.0,108.25,108.35,108.72,154653,16813514.4,3571.0,55336.0,35.78
ITI,EQ,21-Nov-2022,108.85,109.4,110.1,107.85,109.25,109.2,109.12,176057,19211141.1,4036.0,60754.0,34.51
ITI,EQ,18-Nov-2022,110.7,110.9,111.25,108.35,108.5,108.85,109.22,193507,21134859.25,3058.0,68737.0,35.52
ITI,EQ,17-Nov-2022,111.45,110.95,112.2,110.25,110.7,110.7,111.03,236131,26217078.6,3705.0,74105.0,31.38
ITI,EQ,16-Nov-2022,108.15,108.3,113.3,108.3,111.1,111.45,111.47,909061,101332843.9,10304.0,189933.0,20.89
ITI,EQ,15-Nov-2022,109.15,109.5,109.9,107.9,108.15,108.15,108.51,163435,17734040.65,3094.0,76719.0,46.94
ITI,EQ,14-Nov-2022,110.9,110.4,110.95,108.1,109.1,109.15,109.18,240165,26220796.1,3831.0,96758.0,40.29
ITI,EQ,11-Nov-2022,109.5,110.75,112.7,108.2,111.5,110.9,110.21,1130923,124641063.4,13577.0,201481.0,17.82
ITI,EQ,10-Nov-2022,110.4,110.5,110.95,108.5,109.1,109.5,109.5,193201,21154896.55,3324.0,75914.0,39.29
ITI,EQ,09-Nov-2022,110.5,111.0,112.2,109.7,110.5,110.4,110.8,426371,47242587.8,5281.0,134274.0,31.49
ITI,EQ,07-Nov-2022,113.35,110.35,112.6,110.0,110.75,110.5,111.19,481142,53499087.5,7234.0,166317.0,34.57
ITI,EQ,04-Nov-2022,112.75,113.9,114.5,112.1,113.4,113.35,112.97,372667,42101188.8,5242.0,112603.0,30.22
ITI,EQ,03-Nov-2022,114.65,113.0,114.4,112.1,112.8,112.75,113.28,633484,71758819.0,7328.0,150538.0,23.76
ITI,EQ,02-Nov-2022,115.1,114.5,116.7,113.0,114.1,114.65,114.81,1944813,223280565.45,18090.0,252128.0,12.96
ITI,EQ,01-Nov-2022,106.1,108.85,117.45,108.8,114.85,115.1,114.31,10318938,1179551793.95,66319.0,1002098.0,9.71
ITI,EQ,31-Oct-2022,103.8,104.35,107.7,104.0,105.95,106.1,106.25,600236,63772466.05,8996.0,139925.0,23.31
ITI,EQ,28-Oct-2022,104.2,103.5,105.0,103.3,103.7,103.8,104.07,150313,15642726.45,3812.0,42510.0,28.28
ITI,EQ,27-Oct-2022,103.85,104.9,105.3,103.25,104.0,104.2,104.15,173847,18105444.55,3755.0,47667.0,27.42
ITI,EQ,25-Oct-2022,103.9,104.45,105.9,103.2,103.35,103.85,104.2,208933,21770564.35,5021.0,41457.0,19.84
ITI,EQ,24-Oct-2022,103.35,103.9,105.0,103.0,103.9,103.9,103.83,92307,9584539.7,1630.0,32648.0,35.37
ITI,EQ,21-Oct-2022,105.3,105.5,106.1,102.8,103.35,103.35,104.11,190977,19883328.6,4229.0,62068.0,32.5
ITI,EQ,20-Oct-2022,101.95,102.0,106.9,101.85,105.35,105.3,105.65,1796000,189741016.45,20128.0,142727.0,7.95
ITI,EQ,19-Oct-2022,102.25,102.75,103.55,101.5,102.0,101.95,102.3,230730,23603476.55,5669.0,62784.0,27.21
ITI,EQ,18-Oct-2022,101.5,102.1,103.6,101.0,102.1,102.25,102.59,237531,24369339.5,5236.0,56991.0,23.99
ITI,EQ,17-Oct-2022,101.5,101.45,102.95,99.7,102.0,101.5,101.28,289858,29357893.55,5781.0,66434.0,22.92
ITI,EQ,14-Oct-2022,104.15,105.05,106.55,100.0,101.55,101.5,103.1,350658,36153986.05,6538.0,137173.0,39.12
ITI,EQ,13-Oct-2022,104.55,104.0,105.75,103.3,103.8,104.15,104.2,267212,27842197.6,6453.0,41641.0,15.58
ITI,EQ,12-Oct-2022,105.1,105.6,106.5,103.9,104.15,104.55,104.94,209862,22022092.3,3526.0,69932.0,33.32
ITI,EQ,11-Oct-2022,108.2,108.25,109.05,104.65,105.6,105.1,106.97,294241,31475031.65,4032.0,113553.0,38.59
ITI,EQ,10-Oct-2022,109.0,107.8,110.2,107.0,108.35,108.2,108.64,577770,62769419.45,7038.0,108035.0,18.7
ITI,EQ,07-Oct-2022,108.25,108.7,110.2,107.8,109.1,109.0,108.87,391425,42615976.45,4502.0,106100.0,27.11
ITI,EQ,06-Oct-2022,108.5,108.6,111.0,107.8,108.05,108.25,108.96,351907,38342242.3,3774.0,85476.0,24.29
ITI,EQ,04-Oct-2022,108.35,109.6,110.15,107.55,108.45,108.5,108.5,526744,57153667.75,6431.0,141078.0,26.78
ITI,EQ,03-Oct-2022,105.45,106.4,111.95,105.35,107.45,108.35,109.32,2029882,221915314.7,20363.0,199689.0,9.84
ITI,EQ,30-Sep-2022,106.85,105.0,107.5,103.65,105.55,105.45,105.49,944898,99677252.7,10498.0,126240.0,13.36
ITI,EQ,29-Sep-2022,112.15,110.6,111.4,106.1,106.45,106.85,108.68,1922322,208912810.4,16459.0,208599.0,10.85
ITI,EQ,28-Sep-2022,103.45,103.4,114.75,103.3,110.65,112.15,111.61,13092095,1461228516.25,80538.0,531983.0,4.06
ITI,EQ,27-Sep-2022,100.7,101.2,104.75,100.4,103.7,103.45,102.61,401703,41220605.7,7305.0,97813.0,24.35
ITI,EQ,26-Sep-2022,105.45,102.2,104.4,100.0,100.8,100.7,101.9,399267,40684986.1,7007.0,122589.0,30.7
ITI,EQ,23-Sep-2022,109.75,110.0,110.85,104.55,105.1,105.45,107.76,253775,27346598.15,3927.0,96561.0,38.05
ITI,EQ,22-Sep-2022,108.25,108.5,110.45,107.65,109.8,109.75,109.25,306542,33488709.35,4894.0,66226.0,21.6
ITI,EQ,21-Sep-2022,109.05,109.0,111.4,108.0,108.3,108.25,109.5,291491,31918991.1,4776.0,76900.0,26.38
ITI,EQ,20-Sep-2022,109.75,110.6,111.45,108.25,109.35,109.05,110.25,199483,21992049.65,2989.0,60514.0,30.34
ITI,EQ,19-Sep-2022,109.5,109.5,112.5,107.15,109.9,109.75,110.36,474192,52332205.35,7565.0,89664.0,18.91
ITI,EQ,16-Sep-2022,111.85,111.7,112.0,109.0,109.35,109.5,110.09,383161,42183033.15,4971.0,179605.0,46.87
ITI,EQ,15-Sep-2022,112.65,113.5,113.75,111.5,111.95,111.85,112.32,254454,28579446.7,3589.0,82337.0,32.36
ITI,EQ,14-Sep-2022,113.5,112.75,113.5,112.05,112.85,112.65,112.76,244679,27591176.45,3638.0,104332.0,42.64
ITI,EQ,13-Sep-2022,113.6,114.3,115.2,113.3,113.6,113.5,113.98,333490,38011854.2,4087.0,95959.0,28.77
ITI,EQ,12-Sep-2022,113.55,114.15,115.05,113.2,114.0,113.6,113.96,237107,27020552.8,2800.0,100527.0,42.4
ITI,EQ,09-Sep-2022,114.5,115.15,115.35,113.0,113.85,113.55,114.15,218679,24962610.1,2602.0,91602.0,41.89
ITI,EQ,08-Sep-2022,114.0,114.85,115.75,114.1,114.7,114.5,114.83,375474,43115048.7,3737.0,125002.0,33.29
ITI,EQ,07-Sep-2022,114.1,113.9,114.95,113.6,114.25,114.0,114.19,321216,36679108.4,3850.0,92043.0,28.65
ITI,EQ,06-Sep-2022,115.3,115.9,116.3,113.75,114.25,114.1,114.78,325895,37404931.55,3860.0,118112.0,36.24
ITI,EQ,05-Sep-2022,113.25,113.9,117.65,113.1,115.3,115.3,115.66,1434861,165955968.6,13570.0,259786.0,18.11
ITI,EQ,02-Sep-2022,113.7,114.3,115.0,113.0,113.2,113.25,113.91,327668,37323992.5,4356.0,96302.0,29.39
ITI,EQ,01-Sep-2022,113.55,113.0,116.45,113.0,113.5,113.7,114.53,630145,72171500.8,7160.0,158755.0,25.19
ITI,EQ,30-Aug-2022,112.7,113.7,115.3,112.9,113.5,113.55,113.96,409796,46700291.0,4918.0,109621.0,26.75
ITI,EQ,29-Aug-2022,114.05,111.0,114.7,110.7,113.0,112.7,112.83,511462,57709079.4,7149.0,124902.0,24.42
ITI,EQ,26-Aug-2022,115.4,116.25,116.5,113.45,114.15,114.05,115.06,376433,43312802.95,4870.0,123215.0,32.73
ITI,EQ,25-Aug-2022,114.5,115.0,118.3,115.0,115.25,115.4,116.23,814240,94636585.0,7959.0,181392.0,22.28
ITI,EQ,24-Aug-2022,114.15,114.7,116.05,114.15,114.5,114.5,114.96,458172,52669827.7,4754.0,106874.0,23.33
ITI,EQ,23-Aug-2022,114.3,113.0,115.1,112.8,115.05,114.15,113.96,444934,50706412.85,5206.0,116595.0,26.21
ITI,EQ,22-Aug-2022,117.8,116.8,116.95,113.4,114.3,114.3,114.65,618719,70935684.75,7997.0,162522.0,26.27
ITI,EQ,19-Aug-2022,113.75,115.55,121.9,115.55,117.0,117.8,119.34,6231866,743682117.0,40961.0,602134.0,9.66
ITI,EQ,18-Aug-2022,113.7,113.45,115.3,113.4,113.45,113.75,114.01,322877,36810129.6,3598.0,106959.0,33.13
ITI,EQ,17-Aug-2022,113.65,114.0,115.0,113.3,113.45,113.7,114.05,480890,54847210.15,4793.0,133780.0,27.82
ITI,EQ,16-Aug-2022,113.7,114.25,114.85,113.05,113.5,113.65,113.84,456623,51981979.75,5336.0,123433.0,27.03
ITI,EQ,12-Aug-2022,112.5,112.95,115.95,112.2,113.75,113.7,114.12,1500351,171227494.55,14265.0,179318.0,11.95
ITI,EQ,11-Aug-2022,117.1,115.95,115.95,111.95,112.75,112.5,113.2,1484931,168088689.95,12336.0,322366.0,21.71
ITI,EQ,10-Aug-2022,117.2,117.75,119.1,116.6,117.4,117.1,117.56,770610,90589576.9,7124.0,171691.0,22.28
ITI,EQ,08-Aug-2022,117.3,117.8,120.05,116.7,117.95,117.2,117.76,794620,93573887.15,7654.0,155795.0,19.61
ITI,EQ,05-Aug-2022,117.9,118.5,119.25,116.9,117.4,117.3,117.81,657215,77429696.6,6450.0,135556.0,20.63
ITI,EQ,04-Aug-2022,119.55,120.0,121.85,116.0,118.4,117.9,119.03,1462848,174123435.15,11596.0,321677.0,21.99
ITI,EQ,03-Aug-2022,117.3,117.3,124.8,117.1,119.25,119.55,121.77,5527257,673046562.55,37040.0,637781.0,11.54
ITI,EQ,02-Aug-2022,117.25,117.1,119.2,116.7,117.05,117.3,117.57,1055235,124064040.8,8561.0,204111.0,19.34
ITI,EQ,01-Aug-2022,116.75,117.0,119.4,116.5,117.0,117.25,117.54,1046213,122972810.25,8673.0,209611.0,20.04
ITI,EQ,29-Jul-2022,117.1,118.4,120.15,116.25,116.65,116.75,117.65,1487450,174991815.4,10884.0,284212.0,19.11
ITI,EQ,28-Jul-2022,117.2,118.4,119.75,116.15,117.55,117.1,117.61,1183844,139226603.8,8734.0,233004.0,19.68
ITI,EQ,27-Jul-2022,119.4,119.8,120.7,116.35,117.2,117.2,117.96,1686935,198998216.65,11901.0,272046.0,16.13
ITI,EQ,26-Jul-2022,122.25,122.9,124.25,117.8,119.35,119.4,120.77,2068709,249837258.95,13045.0,301049.0,14.55
ITI,EQ,25-Jul-2022,120.75,121.6,124.8,120.85,122.05,122.25,122.35,2429866,297299163.85,14586.0,284579.0,11.71
ITI,EQ,22-Jul-2022,124.6,125.65,127.05,119.75,121.3,120.75,121.94,2597540,316738185.5,16835.0,431409.0,16.61
ITI,EQ,21-Jul-2022,123.4,124.05,129.65,123.5,124.3,124.6,125.97,5014333,631635998.1,27464.0,558665.0,11.14
ITI,EQ,20-Jul-2022,123.5,125.9,127.9,121.25,123.75,123.4,123.87,4195261,519650234.95,24010.0,523870.0,12.49
ITI,EQ,19-Jul-2022,117.35,117.9,128.7,117.45,123.6,123.5,125.94,16347692,2058758200.35,80836.0,1339643.0,8.19
ITI,EQ,18-Jul-2022,120.6,119.55,121.9,116.5,118.4,117.35,118.81,7332995,871234966.4,37851.0,599262.0,8.17
ITI,EQ,15-Jul-2022,108.4,109.45,123.9,108.0,119.55,120.6,119.59,42260379,5053999641.45,188979.0,1653155.0,3.91
ITI,EQ,14-Jul-2022,111.85,111.85,112.1,106.8,108.2,108.4,109.51,3743805,409995370.45,26463.0,440235.0,11.76
ITI,EQ,13-Jul-2022,114.3,114.35,115.8,110.15,111.2,111.85,113.16,8915049,1008791664.9,49985.0,586986.0,6.58
ITI,EQ,12-Jul-2022,98.0,101.7,116.8,101.3,112.85,114.3,111.9,32364760,3621640533.95,154421.0,1440498.0,4.45
ITI,EQ,11-Jul-2022,98.0,98.6,101.2,97.15,98.15,98.0,99.0,919345,91012641.55,9651.0,169227.0,18.41
ITI,EQ,08-Jul-2022,98.55,99.1,100.1,96.85,98.8,98.0,98.66,558080,55059672.45,5928.0,103761.0,18.59
ITI,EQ,07-Jul-2022,97.85,98.6,101.5,97.55,98.65,98.55,99.39,1242754,123520056.65,11104.0,173454.0,13.96
ITI,EQ,06-Jul-2022,97.75,98.25,100.25,97.1,97.8,97.85,98.45,856314,84300006.7,10072.0,149740.0,17.49
ITI,EQ,05-Jul-2022,99.8,100.4,100.55,97.0,97.95,97.75,98.88,982513,97146124.95,9796.0,167470.0,17.05
ITI,EQ,04-Jul-2022,98.4,98.4,102.95,98.4,99.5,99.8,100.29,1172624,117606276.35,11161.0,248238.0,21.17
ITI,EQ,01-Jul-2022,100.65,100.65,103.0,97.15,98.8,98.4,99.81,1243276,124093693.4,10306.0,148796.0,11.97
ITI,EQ,30-Jun-2022,101.9,103.0,104.4,100.0,100.75,100.65,101.72,1297671,132003461.7,10936.0,155833.0,12.01
ITI,EQ,29-Jun-2022,103.5,103.0,105.3,100.5,101.55,101.9,103.11,1843002,190039879.0,13913.0,206452.0,11.2
ITI,EQ,28-Jun-2022,106.25,107.05,109.55,101.8,103.85,103.5,105.01,3269742,343355693.45,23959.0,273623.0,8.37
ITI,EQ,27-Jun-2022,106.05,107.6,112.5,105.55,108.0,106.25,109.1,6242273,681031173.8,39711.0,343905.0,5.51
ITI,EQ,24-Jun-2022,107.6,105.5,114.0,105.05,105.55,106.05,109.58,13604145,1490715486.25,82584.0,590872.0,4.34
ITI,EQ,23-Jun-2022,104.2,100.1,114.2,98.1,105.45,107.6,106.9,21889048,2339959968.4,132278.0,851955.0,3.89
ITI,EQ,22-Jun-2022,88.9,89.7,106.3,88.5,100.75,104.2,99.8,19936551,1989638269.95,105560.0,804201.0,4.03
ITI,EQ,21-Jun-2022,93.0,90.3,91.4,88.15,88.9,88.9,89.42,1856660,166024124.15,18737.0,168155.0,9.06
ITI,EQ,20-Jun-2022,82.65,84.85,95.0,84.1,91.0,93.0,90.43,8406908,760270599.4,47751.0,364799.0,4.34
ITI,EQ,17-Jun-2022,84.9,86.0,86.0,81.7,83.6,82.65,83.2,245062,20389460.25,6051.0,49842.0,20.34
ITI,EQ,16-Jun-2022,88.8,90.4,90.7,84.05,85.45,84.9,87.52,234009,20480165.95,5464.0,60976.0,26.06
ITI,EQ,15-Jun-2022,88.9,88.1,90.9,87.7,88.7,88.8,89.6,324466,29071816.95,6249.0,53016.0,16.34
ITI,EQ,14-Jun-2022,87.6,87.4,91.4,86.8,88.8,88.9,89.23,216801,19345731.5,3912.0,45906.0,21.17
ITI,EQ,13-Jun-2022,90.65,90.1,90.4,87.1,87.2,87.6,88.31,93081,8220235.9,2098.0,45395.0,48.77
ITI,EQ,10-Jun-2022,91.25,90.7,91.75,90.15,90.4,90.65,90.88,127958,11629389.0,2529.0,39098.0,30.56
ITI,EQ,09-Jun-2022,91.8,92.25,92.5,91.0,91.25,91.25,91.63,93045,8525449.9,1984.0,29265.0,31.45
ITI,EQ,08-Jun-2022,92.4,92.85,94.05,91.15,91.6,91.8,92.57,263122,24358066.25,5164.0,57257.0,21.76
ITI,EQ,07-Jun-2022,92.55,91.8,94.6,91.35,92.9,92.4,92.66,309930,28718173.6,4922.0,50916.0,16.43
ITI,EQ,06-Jun-2022,93.45,93.0,94.0,91.8,92.45,92.55,93.01,203868,18961264.6,4010.0,37603.0,18.44
ITI,EQ,03-Jun-2022,92.1,92.75,96.6,92.1,93.0,93.45,94.56,931569,88084542.75,11437.0,150782.0,16.19
ITI,EQ,02-Jun-2022,92.5,92.7,93.45,91.35,92.35,92.1,92.24,142088,13105814.0,2502.0,48702.0,34.28
ITI,EQ,01-Jun-2022,91.85,93.25,93.5,92.15,92.75,92.5,92.88,192780,17904506.5,2521.0,42176.0,21.88
ITI,EQ,31-May-2022,93.2,92.1,94.0,90.35,91.7,91.85,92.47,328791,30403017.25,4300.0,80163.0,24.38
ITI,EQ,30-May-2022,94.55,93.5,95.6,92.2,92.7,93.2,94.0,611121,57447162.65,6518.0,126348.0,20.67
ITI,EQ,27-May-2022,98.95,95.0,99.05,91.3,93.3,94.55,94.89,3646499,346002697.9,32495.0,265269.0,7.27
ITI,EQ,26-May-2022,84.0,86.1,100.7,86.1,97.9,98.95,94.65,11314025,1070909515.05,67699.0,505884.0,4.47
ITI,EQ,25-May-2022,86.0,88.9,88.9,83.25,83.35,84.0,85.48,102698,8778373.15,2632.0,37343.0,36.36
ITI,EQ,24-May-2022,88.15,88.15,89.5,85.25,85.95,86.0,87.52,53848,4713032.6,2052.0,23887.0,44.36
ITI,EQ,23-May-2022,87.65,87.55,92.5,86.6,87.55,88.15,90.19,276243,24914355.6,4932.0,52805.0,19.12
ITI,EQ,20-May-2022,85.9,87.0,88.7,86.5,87.5,87.65,87.8,83863,7362989.65,2442.0,32026.0,38.19
ITI,EQ,19-May-2022,87.95,85.0,86.8,85.0,85.85,85.9,86.0,42698,3671881.2,1282.0,19804.0,46.38
ITI,EQ,18-May-2022,87.65,88.3,89.9,87.5,87.75,87.95,88.64,129866,11511395.0,2963.0,51236.0,39.45
ITI,EQ,17-May-2022,86.8,86.8,88.25,86.3,87.65,87.65,87.21,143034,12474339.0,2951.0,38848.0,27.16
ITI,EQ,16-May-2022,83.65,84.7,97.6,83.65,86.25,86.8,88.03,511870,45061172.65,6145.0,80344.0,15.7
ITI,EQ,13-May-2022,81.45,82.1,84.9,82.1,83.9,83.65,83.86,95870,8039529.8,2617.0,44249.0,46.16
ITI,EQ,12-May-2022,83.45,84.45,84.45,81.0,81.25,81.45,81.99,130678,10714836.6,3100.0,71316.0,54.57
ITI,EQ,11-May-2022,88.9,88.5,89.2,82.65,83.8,83.45,84.87,206862,17556058.55,5539.0,85198.0,41.19
ITI,EQ,10-May-2022,89.7,89.9,91.0,88.0,88.25,88.9,89.97,89791,8078145.25,2051.0,50291.0,56.01
ITI,EQ,09-May-2022,91.0,90.95,90.95,88.5,89.5,89.7,89.59,107087,9594014.55,2521.0,43108.0,40.26
ITI,EQ,06-May-2022,93.05,91.6,92.45,89.75,91.0,91.0,90.92,209758,19071911.25,5392.0,83452.0,39.78
ITI,EQ,05-May-2022,95.55,96.0,96.9,92.4,93.0,93.05,94.77,160952,15253466.95,3630.0,78378.0,48.7
ITI,EQ,04-May-2022,98.0,98.1,99.3,94.4,95.7,95.55,96.8,197307,19098617.35,4714.0,85101.0,43.13
ITI,EQ,02-May-2022,100.65,100.0,100.15,97.35,98.05,98.0,98.62,132955,13112142.55,2863.0,64492.0,48.51
ITI,EQ,29-Apr-2022,100.4,101.4,104.0,100.0,100.5,100.65,102.21,394587,40329227.4,6303.0,91347.0,23.15
ITI,EQ,28-Apr-2022,101.25,101.95,101.95,100.1,100.5,100.4,100.74,80922,8151827.6,2598.0,34135.0,42.18
ITI,EQ,27-Apr-2022,101.7,101.4,102.65,99.5,101.15,101.25,101.0,137460,13883331.55,4141.0,42120.0,30.64
ITI,EQ,26-Apr-2022,101.4,101.1,102.9,101.1,101.9,101.7,101.86,78386,7984217.55,2588.0,34002.0,43.38
ITI,EQ,25-Apr-2022,103.15,102.7,102.9,100.65,101.5,101.4,101.58,132232,13432650.1,3358.0,52339.0,39.58
ITI,EQ,22-Apr-2022,101.75,101.15,104.5,101.05,103.2,103.15,103.07,261384,26941582.4,5996.0,101962.0,39.01
ITI,EQ,21-Apr-2022,101.55,102.5,102.8,101.4,101.9,101.75,102.1,102943,10510370.5,3256.0,41572.0,40.38
ITI,EQ,20-Apr-2022,100.75,102.6,103.0,101.0,101.85,101.55,101.83,144166,14680943.2,4264.0,50107.0,34.76
ITI,EQ,19-Apr-2022,103.75,103.8,103.8,99.5,100.0,100.75,102.13,196536,20072623.15,4270.0,75200.0,38.26
ITI,EQ,18-Apr-2022,102.55,101.9,105.5,99.4,102.85,103.75,101.84,298930,30444054.5,5133.0,119395.0,39.94
ITI,EQ,13-Apr-2022,102.5,102.6,103.65,102.1,102.55,102.55,102.81,133955,13771881.65,3461.0,52002.0,38.82
ITI,EQ,12-Apr-2022,104.05,103.75,104.15,101.4,102.5,102.5,102.48,152637,15641865.35,3432.0,63665.0,41.71
ITI,EQ,11-Apr-2022,104.55,105.35,105.35,103.55,104.1,104.05,104.41,127387,13300757.2,3085.0,63625.0,49.95
ITI,EQ,08-Apr-2022,103.65,104.0,106.25,103.2,104.95,104.55,104.59,246662,25798989.85,5254.0,97585.0,39.56
ITI,EQ,07-Apr-2022,103.0,103.5,105.65,103.15,103.8,103.65,104.5,360189,37641054.75,6472.0,124309.0,34.51
ITI,EQ,06-Apr-2022,102.35,102.35,104.9,101.7,103.15,103.0,103.19,344761,35576188.45,6997.0,114035.0,33.08
ITI,EQ,05-Apr-2022,102.2,102.9,102.9,100.0,102.2,102.35,101.99,229195,23376715.95,4737.0,103437.0,45.13
ITI,EQ,04-Apr-2022,99.15,99.9,103.8,99.75,102.1,102.2,101.67,361141,36717535.05,6365.0,167710.0,46.44
ITI,EQ,01-Apr-2022,96.45,95.6,100.4,95.6,99.2,99.15,98.74,207473,20486629.8,3461.0,84773.0,40.86
ITI,EQ,31-Mar-2022,98.5,98.85,99.0,96.0,96.4,96.45,97.63,216227,21109693.25,3400.0,117280.0,54.24
ITI,EQ,30-Mar-2022,95.85,97.05,101.0,97.05,97.5,98.5,98.75,955780,94385826.25,12664.0,270753.0,28.33
ITI,EQ,29-Mar-2022,98.4,97.6,99.2,95.5,95.8,95.85,96.65,319810,30910651.0,5708.0,187761.0,58.71
ITI,EQ,28-Mar-2022,100.0,100.5,100.8,98.05,98.5,98.4,99.31,201417,20003509.35,3927.0,107209.0,53.23
ITI,EQ,25-Mar-2022,100.25,101.05,102.7,99.45,99.9,100.0,101.14,347258,35122678.2,5377.0,154823.0,44.58
ITI,EQ,24-Mar-2022,100.25,99.85,101.25,99.5,100.5,100.25,100.26,175825,17627593.3,4062.0,63474.0,36.1
ITI,EQ,23-Mar-2022,101.05,101.85,102.95,100.0,100.4,100.25,101.1,174470,17638906.65,3418.0,68912.0,39.5
ITI,EQ,22-Mar-2022,101.05,101.5,102.75,100.25,101.15,101.05,101.37,181277,18376840.5,4205.0,65541.0,36.16
ITI,EQ,21-Mar-2022,102.65,103.35,103.35,100.0,101.7,101.05,101.44,270494,27437692.15,5368.0,112413.0,41.56
ITI,EQ,17-Mar-2022,97.25,97.35,104.9,97.35,102.9,102.65,102.73,1538378,158043785.85,18619.0,228880.0,14.88
ITI,EQ,16-Mar-2022,95.8,97.9,100.0,96.25,96.9,97.25,97.72,360039,35181352.15,5846.0,55786.0,15.49
ITI,EQ,15-Mar-2022,96.65,97.6,97.6,95.25,96.05,95.8,96.29,138219,13309410.9,4433.0,42019.0,30.4
ITI,EQ,14-Mar-2022,97.65,97.95,98.7,96.05,96.7,96.65,96.97,143577,13922464.85,3258.0,70561.0,49.15
ITI,EQ,11-Mar-2022,97.7,97.6,98.4,96.95,98.2,97.65,97.86,91049,8910108.4,2074.0,33138.0,36.4
ITI,EQ,10-Mar-2022,97.0,99.7,99.7,97.1,97.95,97.7,98.55,173241,17073025.1,3209.0,87134.0,50.3
ITI,EQ,09-Mar-2022,93.35,94.1,97.5,93.85,97.0,97.0,95.96,284292,27280712.1,4378.0,100270.0,35.27
ITI,EQ,08-Mar-2022,92.1,92.1,93.9,92.0,93.9,93.35,92.92,129344,12018849.95,2995.0,54457.0,42.1
ITI,EQ,07-Mar-2022,93.8,94.95,94.95,91.6,91.95,92.1,92.75,187311,17372405.7,3188.0,72419.0,38.66
ITI,EQ,04-Mar-2022,94.8,94.5,94.55,93.25,93.65,93.8,93.91,109965,10326439.9,2203.0,43632.0,39.68
ITI,EQ,03-Mar-2022,93.45,94.05,95.9,94.05,95.2,94.8,95.03,208341,19799568.9,5110.0,68717.0,32.98
ITI,EQ,02-Mar-2022,94.3,94.0,94.55,93.0,93.45,93.45,93.74,192644,18057624.4,2973.0,87604.0,45.47
ITI,EQ,28-Feb-2022,95.3,95.0,95.0,92.85,94.45,94.3,93.84,226000,21207237.35,3150.0,74586.0,33.0
ITI,EQ,25-Feb-2022,90.6,92.7,96.2,92.7,96.0,95.3,95.14,250170,23802020.55,4273.0,99141.0,39.63
ITI,EQ,24-Feb-2022,101.05,99.0,99.95,90.0,90.6,90.6,94.0,575909,54136837.1,9038.0,248643.0,43.17
ITI,EQ,23-Feb-2022,100.85,101.5,103.8,100.6,101.25,101.05,102.3,205697,21043221.45,3563.0,81262.0,39.51
ITI,EQ,22-Feb-2022,104.85,100.0,102.85,100.0,100.9,100.85,101.23,215454,21809345.25,4283.0,102121.0,47.4
ITI,EQ,21-Feb-2022,108.45,106.5,110.85,103.1,105.0,104.85,106.46,205981,21928421.55,4108.0,75212.0,36.51
ITI,EQ,18-Feb-2022,109.15,109.15,110.8,108.0,108.8,108.45,109.62,382465,41925458.85,5975.0,98856.0,25.85
ITI,EQ,17-Feb-2022,115.95,117.9,121.7,106.3,109.0,109.15,115.92,3014788,349476047.9,38655.0,680781.0,22.58
ITI,EQ,16-Feb-2022,110.55,111.4,116.5,110.7,116.35,115.95,114.65,483190,55398909.2,7269.0,188452.0,39.0
ITI,EQ,15-Feb-2022,110.1,110.85,112.0,107.25,110.95,110.55,109.33,172521,18861156.25,4122.0,66750.0,38.69
ITI,EQ,14-Feb-2022,113.95,111.1,111.6,110.0,110.15,110.1,110.65,180451,19966770.7,3462.0,100104.0,55.47
ITI,EQ,11-Feb-2022,114.8,114.6,114.85,113.85,113.95,113.95,114.15,100467,11468603.2,1798.0,60752.0,60.47
ITI,EQ,10-Feb-2022,114.95,114.95,115.75,114.55,114.9,114.8,114.92,106019,12183585.9,2401.0,52011.0,49.06
ITI,EQ,09-Feb-2022,114.95,115.3,116.5,114.1,114.25,114.95,115.29,161553,18625323.1,4010.0,65363.0,40.46
ITI,EQ,08-Feb-2022,116.3,116.1,116.85,114.6,115.35,114.95,115.33,168843,19472654.9,4347.0,83066.0,49.2
ITI,EQ,07-Feb-2022,116.6,116.5,117.55,115.3,115.5,116.3,116.72,125542,14652659.55,2851.0,51871.0,41.32
ITI,EQ,04-Feb-2022,116.95,117.0,118.25,116.05,117.5,116.6,117.11,116451,13637558.35,3326.0,43379.0,37.25
ITI,EQ,03-Feb-2022,118.5,117.6,118.6,116.65,117.25,116.95,117.45,139607,16397068.2,2783.0,66565.0,47.68
ITI,EQ,02-Feb-2022,116.05,119.5,120.45,118.05,118.4,118.5,118.89,313704,37295460.4,5441.0,106165.0,33.84
ITI,EQ,01-Feb-2022,115.2,117.0,119.95,115.25,116.2,116.05,117.74,539458,63513569.5,9765.0,91630.0,16.99
ITI,EQ,31-Jan-2022,114.45,115.3,116.85,114.6,115.45,115.2,115.44,98833,11408911.3,2524.0,34127.0,34.53
ITI,EQ,28-Jan-2022,113.7,114.7,116.65,114.0,114.4,114.45,115.39,137658,15884488.65,2918.0,59618.0,43.31
ITI,EQ,27-Jan-2022,114.05,114.0,114.55,112.55,113.9,113.7,113.65,144647,16438738.0,2791.0,57881.0,40.02
ITI,EQ,25-Jan-2022,113.4,113.0,115.0,112.25,114.3,114.05,114.04,184918,21088885.2,3172.0,76129.0,41.17
ITI,EQ,24-Jan-2022,117.75,117.5,118.35,113.1,113.25,113.4,114.84,284855,32713767.05,4347.0,157587.0,55.32
ITI,EQ,21-Jan-2022,120.25,120.0,120.65,117.1,118.0,117.75,118.94,185939,22115717.65,3279.0,59295.0,31.89
ITI,EQ,20-Jan-2022,118.7,118.45,122.35,118.1,120.3,120.25,120.53,654982,78947498.6,10608.0,134960.0,20.61
ITI,EQ,19-Jan-2022,119.95,119.1,119.8,117.5,118.55,118.7,118.6,138948,16479358.85,2741.0,60219.0,43.34
ITI,EQ,18-Jan-2022,120.4,122.65,122.65,119.8,119.9,119.95,120.47,216968,26137342.85,2909.0,124415.0,57.34
ITI,EQ,17-Jan-2022,119.75,119.8,121.3,119.8,120.25,120.4,120.43,254646,30668147.6,2921.0,102381.0,40.21
ITI,EQ,14-Jan-2022,119.1,119.1,123.0,118.7,119.8,119.75,120.89,751987,90906852.35,8828.0,131161.0,17.44
ITI,EQ,13-Jan-2022,119.65,120.45,121.3,118.8,119.1,119.1,119.74,178536,21378623.9,2724.0,66727.0,37.37
ITI,EQ,12-Jan-2022,119.7,120.55,121.45,119.45,119.95,119.65,120.45,223277,26893117.2,4030.0,91930.0,41.17
ITI,EQ,11-Jan-2022,118.95,118.9,122.8,118.35,120.0,119.7,120.43,584507,70395078.75,6591.0,159130.0,27.22
ITI,EQ,10-Jan-2022,118.05,118.1,119.7,118.1,119.2,118.95,119.02,197003,23447074.4,3118.0,94227.0,47.83
ITI,EQ,07-Jan-2022,118.25,118.25,119.75,117.7,118.1,118.05,118.56,194464,23056167.05,2595.0,75582.0,38.87
ITI,EQ,06-Jan-2022,118.8,117.7,118.8,117.45,118.55,118.25,118.16,125608,14841221.3,2151.0,52379.0,41.7
ITI,EQ,05-Jan-2022,118.1,118.8,119.7,117.45,119.1,118.8,118.64,323534,38383388.45,3746.0,130942.0,40.47
ITI,EQ,04-Jan-2022,118.15,118.3,119.3,117.5,118.2,118.1,118.29,252286,29843214.45,4412.0,66315.0,26.29
ITI,EQ,03-Jan-2022,117.75,118.5,119.45,118.0,118.35,118.15,118.62,231126,27416343.25,3025.0,68473.0,29.63
ITI,EQ,31-Dec-2021,117.15,116.6,119.55,116.6,117.7,117.75,117.98,356838,42098725.15,5583.0,67904.0,19.03
ITI,EQ,30-Dec-2021,120.35,120.25,121.3,116.2,117.15,117.15,118.75,473804,56265414.55,6600.0,201500.0,42.53
ITI,EQ,29-Dec-2021,122.85,122.5,124.7,120.0,120.6,120.35,121.96,899048,109648076.75,11389.0,166073.0,18.47
ITI,EQ,28-Dec-2023,300.8,303.05,307.95,298.6,302.0,301.35,302.17,1756695,530814434.2,22320.0,424425.0,24.16
ITI,EQ,27-Dec-2023,303.0,306.0,308.75,298.3,301.0,300.8,302.63,1239540,375118342.85,17692.0,349823.0,28.22
ITI,EQ,26-Dec-2023,304.5,306.0,311.6,301.1,303.85,303.0,304.43,2015374,613532839.5,22630.0,424308.0,21.05
ITI,EQ,22-Dec-2023,290.85,293.8,311.75,292.9,304.6,304.5,304.04,6913205,2101878790.95,77656.0,802284.0,11.61
ITI,EQ,21-Dec-2023,282.65,282.65,292.4,277.75,291.55,290.85,287.18,4122080,1183793458.5,52435.0,570055.0,13.83
ITI,EQ,20-Dec-2023,296.9,297.6,325.0,277.05,282.8,282.65,310.17,18254638,5662071815.05,195261.0,2115640.0,11.59
ITI,EQ,19-Dec-2023,299.1,300.9,302.75,295.5,297.5,296.9,298.24,1139669,339893401.0,15721.0,263365.0,23.11
ITI,EQ,18-Dec-2023,302.55,301.9,304.0,295.5,299.5,299.1,299.97,1756030,526753820.15,24191.0,413395.0,23.54
ITI,EQ,15-Dec-2023,304.45,307.5,309.9,298.2,301.5,302.55,304.73,1507564,459406782.5,19847.0,469774.0,31.16
ITI,EQ,14-Dec-2023,302.85,306.5,315.0,301.55,305.3,304.45,309.6,5562932,1722294420.15,59777.0,1108944.0,19.93
ITI,EQ,13-Dec-2023,300.55,302.9,311.0,297.4,302.8,302.85,303.9,3521923,1070299788.9,39905.0,545542.0,15.49
ITI,EQ,12-Dec-2023,298.8,299.55,311.95,296.5,300.4,300.55,304.7,4387883,1336988142.25,55410.0,696417.0,15.87
ITI,EQ,11-Dec-2023,294.3,295.4,307.0,292.25,299.4,298.8,299.92,3955868,1186428699.95,48868.0,621429.0,15.71
ITI,EQ,08-Dec-2023,300.1,303.0,317.95,289.5,293.5,294.3,304.42,9322569,2838007544.5,107243.0,1613237.0,17.3
ITI,EQ,07-Dec-2023,271.45,280.0,315.75,275.05,299.7,300.1,304.49,26792337,8157941363.75,237442.0,3152959.0,11.77
ITI,EQ,06-Dec-2023,272.1,273.95,275.8,269.1,271.0,271.45,272.09,795262,216382971.3,8582.0,247595.0,31.13
ITI,EQ,05-Dec-2023,274.65,274.65,277.0,270.1,272.5,272.1,273.71,965360,264230764.1,9917.0,316583.0,32.79
ITI,EQ,04-Dec-2023,267.45,274.0,281.45,267.8,274.65,274.65,275.81,2429886,670179514.2,23888.0,545012.0,22.43
ITI,EQ,01-Dec-2023,268.3,270.2,274.5,265.2,267.2,267.45,269.97,1006557,271737523.1,11017.0,333218.0,33.1
ITI,EQ,30-Nov-2023,274.3,275.3,275.8,266.9,268.2,268.3,269.97,1004079,271066425.3,12085.0,440613.0,43.88
ITI,EQ,29-Nov-2023,275.6,277.8,281.95,273.0,273.1,274.3,276.98,1330506,368526295.4,13872.0,395031.0,29.69
ITI,EQ,28-Nov-2023,282.55,283.8,285.2,275.0,275.2,275.6,278.5,1223511,340747283.05,13983.0,482108.0,39.4
ITI,EQ,24-Nov-2023,278.1,280.0,292.3,278.25,281.3,282.55,286.92,5659998,1623966221.0,50324.0,1219274.0,21.54
ITI,EQ,23-Nov-2023,273.55,274.7,281.8,272.8,279.0,278.1,277.79,2002298,556225213.05,20357.0,487813.0,24.36
ITI,EQ,22-Nov-2023,275.7,275.5,282.8,272.2,273.5,273.55,277.11,2192735,607636184.8,20842.0,476796.0,21.74
ITI,EQ,21-Nov-2023,278.75,281.8,283.75,274.1,275.0,275.7,278.92,2276400,634942095.8,22268.0,650817.0,28.59
ITI,EQ,20-Nov-2023,260.35,266.4,286.35,265.8,279.0,278.75,281.16,10365807,2914477544.75,75439.0,1816817.0,17.53
ITI,EQ,17-Nov-2023,266.7,265.0,267.85,259.5,260.9,260.35,263.41,703345,185267343.5,9259.0,305284.0,43.4
ITI,EQ,16-Nov-2023,266.05,266.45,270.95,264.25,266.9,266.7,267.5,962093,257355964.65,10664.0,260545.0,27.08
ITI,EQ,15-Nov-2023,265.55,268.4,272.6,265.0,265.3,266.05,268.21,925206,248145353.45,11147.0,309669.0,33.47
ITI,EQ,13-Nov-2023,263.65,264.5,273.0,260.95,265.6,265.55,268.52,1730308,464615593.75,20085.0,418437.0,24.18
ITI,EQ,12-Nov-2023,258.9,264.45,266.0,261.0,263.7,263.65,263.71,277405,73155815.25,4424.0,136048.0,49.04
ITI,EQ,10-Nov-2023,261.7,261.95,266.5,257.05,258.15,258.9,261.38,1050549,274596431.25,12374.0,301799.0,28.73
ITI,EQ,09-Nov-2023,271.75,272.6,273.1,245.0,262.15,261.7,265.38,1303643,345961801.9,14296.0,406767.0,31.2
ITI,EQ,08-Nov-2023,276.05,277.4,278.3,270.25,270.9,271.75,273.59,1425853,390097093.1,13871.0,389718.0,27.33
ITI,EQ,07-Nov-2023,278.0,279.85,281.85,275.0,275.4,276.05,277.56,1501576,416773552.8,13478.0,371186.0,24.72
ITI,EQ,06-Nov-2023,271.3,273.8,287.65,271.1,278.25,278.0,281.07,4982001,1400284135.35,41904.0,937170.0,18.81
ITI,EQ,03-Nov-2023,271.15,273.7,276.35,269.0,270.5,271.3,272.67,1939446,528833115.2,16494.0,413350.0,21.31
ITI,EQ,02-Nov-2023,265.85,269.8,276.4,262.5,270.75,271.15,270.04,2602206,702711073.45,22466.0,462651.0,17.78
ITI,EQ,01-Nov-2023,269.9,271.45,274.75,264.1,266.3,265.85,269.7,1628301,439160228.7,15877.0,349473.0,21.46
ITI,EQ,31-Oct-2023,271.0,272.0,278.3,268.15,268.9,269.9,273.27,2274352,621501666.25,21196.0,394947.0,17.37
ITI,EQ,30-Oct-2023,272.65,273.5,278.95,268.0,269.75,271.0,273.32,2673089,730598481.1,23884.0,435348.0,16.29
ITI,EQ,27-Oct-2023,269.25,272.9,281.9,270.55,271.5,272.65,275.74,3795236,1046481724.95,34851.0,689188.0,18.16
ITI,EQ,26-Oct-2023,264.35,262.75,278.65,251.5,267.7,269.25,265.64,7124413,1892533331.05,68788.0,924831.0,12.98
ITI,EQ,25-Oct-2023,264.9,269.05,277.95,250.5,264.1,264.35,265.44,6881705,1826693645.15,62642.0,869559.0,12.64
ITI,EQ,23-Oct-2023,293.55,296.5,300.95,264.2,264.2,264.9,278.48,6348862,1768046630.7,57992.0,1229206.0,19.36
ITI,EQ,20-Oct-2023,288.1,290.7,307.5,290.7,293.5,293.55,300.18,11914774,3576528046.15,94472.0,1466598.0,12.31
ITI,EQ,19-Oct-2023,290.3,282.95,298.7,279.0,286.3,288.1,290.01,13618763,3949581929.55,105937.0,1513703.0,11.11
ITI,EQ,18-Oct-2023,316.75,327.0,337.5,285.1,286.65,290.3,312.72,34347039,10740839586.2,245313.0,4433908.0,12.91
ITI,EQ,17-Oct-2023,291.15,292.7,320.25,292.25,320.25,316.75,312.3,19669653,6142748301.2,132862.0,2138489.0,10.87
ITI,EQ,16-Oct-2023,271.1,270.45,296.4,261.15,289.15,291.15,281.07,32483638,9130050755.15,193811.0,2349062.0,7.23
ITI,EQ,13-Oct-2023,225.95,225.95,271.1,224.85,271.1,271.1,255.81,58660431,15005916923.7,311463.0,5513066.0,9.4
ITI,EQ,12-Oct-2023,229.5,230.55,233.75,224.0,225.6,225.95,227.23,6522744,1482146794.7,42806.0,793721.0,12.17
ITI,EQ,11-Oct-2023,221.7,225.4,233.25,223.05,228.0,229.5,228.51,13683868,3126959318.3,83389.0,1656584.0,12.11
ITI,EQ,10-Oct-2023,215.0,215.95,234.7,214.15,222.0,221.7,226.38,35550221,8047902127.15,212116.0,2690742.0,7.57
ITI,EQ,09-Oct-2023,192.0,190.2,225.9,184.2,211.85,215.0,216.0,44089403,9523403580.25,276948.0,3291817.0,7.47
ITI,EQ,06-Oct-2023,194.0,195.35,196.45,191.1,192.8,192.0,193.03,982100,189574303.3,8006.0,282719.0,28.79
ITI,EQ,05-Oct-2023,193.85,195.0,199.8,191.2,193.1,194.0,195.81,1730029,338760630.15,14033.0,338351.0,19.56
ITI,EQ,04-Oct-2023,201.0,200.7,202.8,190.05,193.95,193.85,196.56,2354034,462708563.75,16354.0,678100.0,28.81
ITI,EQ,03-Oct-2023,201.1,201.9,205.7,200.2,200.5,201.0,202.7,2423273,491190951.3,16056.0,535866.0,22.11
ITI,EQ,29-Sep-2023,203.2,204.25,208.0,200.1,200.25,201.1,203.73,4020979,819189126.5,25653.0,745216.0,18.53
ITI,EQ,28-Sep-2023,206.65,204.45,209.0,202.05,202.7,203.2,205.48,6607144,1357666109.3,38009.0,946055.0,14.32
ITI,EQ,27-Sep-2023,192.9,192.1,209.8,191.05,203.45,206.65,202.86,12682788,2572840222.5,82158.0,2037894.0,16.07
ITI,EQ,26-Sep-2023,198.3,196.95,197.8,192.0,192.5,192.9,194.34,1941897,377382983.15,16376.0,560565.0,28.87
ITI,EQ,25-Sep-2023,190.85,195.5,205.35,194.1,196.45,198.3,199.65,9495218,1895737720.35,70417.0,1593830.0,16.79
ITI,EQ,22-Sep-2023,173.5,175.0,190.85,174.15,190.85,190.85,188.41,6382500,1202536468.7,31102.0,1527324.0,23.93
ITI,EQ,21-Sep-2023,181.9,180.0,183.65,172.55,173.7,173.5,178.0,2138204,380602361.65,19019.0,536075.0,25.07
ITI,EQ,20-Sep-2023,188.6,188.55,188.55,179.3,181.6,181.9,182.75,2706193,494559528.25,22789.0,727704.0,26.89
ITI,EQ,18-Sep-2023,196.55,196.85,199.6,186.2,187.95,188.6,192.94,3378751,651894297.45,28950.0,839859.0,24.86
ITI,EQ,15-Sep-2023,197.15,193.5,203.45,192.0,194.9,196.55,198.48,9970210,1978906951.1,75511.0,1205023.0,12.09
ITI,EQ,14-Sep-2023,199.65,204.0,213.3,188.35,194.0,197.15,201.71,42234570,8519334533.35,254999.0,3840372.0,9.09
ITI,EQ,13-Sep-2023,167.25,158.95,200.7,156.0,200.7,199.65,181.16,45652487,8270426817.25,211978.0,4160729.0,9.11
ITI,EQ,12-Sep-2023,149.3,156.0,176.8,155.0,163.25,167.25,168.11,75253074,12651061808.45,367809.0,4733265.0,6.29
ITI,EQ,11-Sep-2023,124.45,125.45,149.3,124.5,149.3,149.3,142.48,18189219,2591546364.8,93580.0,4099512.0,22.54
ITI,EQ,08-Sep-2023,127.4,128.3,128.4,124.1,124.2,124.45,125.61,858094,107783852.9,6879.0,357882.0,41.71
ITI,EQ,07-Sep-2023,127.7,128.4,129.85,127.1,127.8,127.4,128.36,936329,120187163.5,8486.0,331237.0,35.38
ITI,EQ,06-Sep-2023,126.6,127.0,128.85,122.45,127.35,127.7,125.88,1336620,168254768.55,11470.0,397295.0,29.72
ITI,EQ,05-Sep-2023,127.9,128.8,131.6,125.4,126.65,126.6,128.85,3138678,404429760.7,20904.0,922996.0,29.41
ITI,EQ,04-Sep-2023,120.4,121.35,129.65,121.0,127.95,127.9,126.62,6623100,838599552.8,34473.0,1907607.0,28.8
ITI,EQ,01-Sep-2023,119.85,119.95,123.2,118.75,122.35,120.4,121.08,1159391,140380272.95,9580.0,381574.0,32.91
ITI,EQ,31-Aug-2023,118.05,120.2,123.4,119.0,119.55,119.85,121.41,2012147,244303829.95,15050.0,514693.0,25.58
ITI,EQ,30-Aug-2023,118.6,119.6,120.05,117.35,117.85,118.05,118.83,362829,43113337.35,4144.0,126007.0,34.73
ITI,EQ,29-Aug-2023,117.8,118.7,119.7,118.1,119.0,118.6,118.74,430311,51097091.65,4392.0,145987.0,33.93
ITI,EQ,28-Aug-2023,115.85,116.0,121.9,115.8,118.0,117.8,119.04,1174382,139804043.55,11509.0,260966.0,22.22
ITI,EQ,25-Aug-2023,118.4,117.95,118.25,115.3,115.55,115.85,116.6,386520,45066468.35,4016.0,156553.0,40.5
ITI,EQ,24-Aug-2023,118.2,122.0,122.9,117.6,118.15,118.4,119.99,1352328,162260495.4,9240.0,277453.0,20.52
ITI,EQ,23-Aug-2023,115.8,116.15,121.7,116.0,118.4,118.2,119.71,2107914,252337196.5,16857.0,520563.0,24.7
ITI,EQ,22-Aug-2023,113.0,113.05,117.0,113.05,116.0,115.8,115.84,818545,94818780.45,8368.0,241326.0,29.48
ITI,EQ,21-Aug-2023,113.0,113.35,114.65,112.6,113.0,113.0,113.34,323177,36629851.35,3501.0,133991.0,41.46
ITI,EQ,18-Aug-2023,114.1,115.0,115.35,112.55,112.75,113.0,113.72,296535,33722867.05,3014.0,123300.0,41.58
ITI,EQ,17-Aug-2023,114.6,115.5,117.35,113.4,114.15,114.1,115.07,503177,57901073.9,5615.0,154883.0,30.78
ITI,EQ,16-Aug-2023,113.3,113.5,118.0,113.45,114.1,114.6,116.03,1006811,116819553.2,10112.0,206699.0,20.53
ITI,EQ,14-Aug-2023,117.9,118.85,118.85,112.25,113.5,113.3,113.86,736063,83811206.6,7978.0,288328.0,39.17
ITI,EQ,11-Aug-2023,118.7,117.3,119.95,117.2,118.05,117.9,118.19,519918,61450665.45,6179.0,237488.0,45.68
ITI,EQ,10-Aug-2023,119.5,120.0,123.0,116.75,119.6,118.7,119.92,872405,104621638.6,7801.0,269586.0,30.9
ITI,EQ,09-Aug-2023,121.45,121.65,121.75,117.45,119.75,119.5,119.19,1179463,140585455.45,8784.0,364005.0,30.86
ITI,EQ,08-Aug-2023,119.9,121.9,125.5,119.25,121.1,121.45,122.64,5627646,690181278.9,33538.0,1564931.0,27.81
ITI,EQ,07-Aug-2023,110.2,111.4,120.9,110.95,119.1,119.9,118.45,9395794,1112971778.2,46052.0,1968276.0,20.95
ITI,EQ,04-Aug-2023,110.55,111.0,111.9,110.05,110.25,110.2,110.73,219766,24335157.15,2680.0,90229.0,41.06
ITI,EQ,03-Aug-2023,110.35,109.9,111.3,109.6,110.4,110.55,110.23,175998,19401099.6,2420.0,57778.0,32.83
ITI,EQ,02-Aug-2023,113.1,113.1,113.75,108.85,109.9,110.35,111.19,593265,65967339.8,4987.0,305172.0,51.44
ITI,EQ,01-Aug-2023,112.5,112.5,114.4,112.0,112.9,113.1,113.09,514812,58222140.7,4939.0,190878.0,37.08
ITI,EQ,31-Jul-2023,112.95,113.0,113.5,112.0,112.25,112.5,112.66,354024,39884530.5,4222.0,132057.0,37.3
ITI,EQ,28-Jul-2023,112.85,113.4,114.35,111.4,112.5,112.95,113.06,768781,86917507.55,7180.0,266195.0,34.63
ITI,EQ,27-Jul-2023,108.65,108.95,114.0,108.85,112.85,112.85,112.48,2158252,242757145.9,14582.0,790996.0,36.65
ITI,EQ,26-Jul-2023,108.7,109.2,109.5,108.55,108.9,108.65,108.93,166912,18181765.9,1917.0,69105.0,41.4
ITI,EQ,25-Jul-2023,109.65,109.65,109.95,108.4,108.95,108.7,109.11,190022,20733855.55,2486.0,82317.0,43.32
ITI,EQ,24-Jul-2023,109.8,110.5,111.25,109.2,109.45,109.65,110.35,336583,37140640.7,3360.0,151396.0,44.98
ITI,EQ,21-Jul-2023,108.9,108.15,111.4,108.15,109.85,109.8,109.98,432761,47595434.65,4081.0,131726.0,30.44
ITI,EQ,20-Jul-2023,109.5,109.5,110.3,108.6,109.0,108.9,109.13,206268,22509179.55,2490.0,83450.0,40.46
ITI,EQ,19-Jul-2023,110.75,111.1,111.35,109.1,109.4,109.5,109.79,423827,46530104.7,5323.0,139913.0,33.01
ITI,EQ,18-Jul-2023,108.45,110.7,113.0,109.55,110.4,110.75,111.51,2048719,228442879.25,13831.0,530476.0,25.89
ITI,EQ,17-Jul-2023,107.85,108.9,109.65,108.15,108.4,108.45,108.78,275128,29928219.25,3476.0,102220.0,37.15
ITI,EQ,14-Jul-2023,106.8,107.3,108.65,106.8,107.85,107.85,107.54,176897,19023403.3,2266.0,47157.0,26.66
ITI,EQ,13-Jul-2023,108.0,108.15,110.65,106.4,107.0,106.8,108.42,468583,50804660.9,4427.0,143394.0,30.6
ITI,EQ,12-Jul-2023,108.0,108.45,109.6,107.85,107.9,108.0,108.48,190142,20627088.6,2095.0,75456.0,39.68
ITI,EQ,11-Jul-2023,108.4,108.1,108.95,107.8,107.8,108.0,108.16,205712,22250294.8,1920.0,100396.0,48.8
ITI,EQ,10-Jul-2023,108.65,108.8,109.0,107.4,108.35,108.4,108.1,165275,17865723.15,2646.0,61610.0,37.28
ITI,EQ,07-Jul-2023,109.15,108.7,109.5,108.1,108.2,108.65,108.66,188944,20530979.9,2684.0,75755.0,40.09
ITI,EQ,06-Jul-2023,109.6,109.35,110.0,108.65,109.4,109.15,109.21,221700,24211851.15,2782.0,88315.0,39.84
ITI,EQ,05-Jul-2023,107.25,107.9,112.0,107.3,109.65,109.6,110.2,1084219,119477238.25,9004.0,264646.0,24.41
ITI,EQ,04-Jul-2023,108.4,108.65,108.8,106.65,107.2,107.25,107.44,206355,22170731.25,2600.0,87964.0,42.63
ITI,EQ,03-Jul-2023,107.5,108.0,109.65,107.35,108.6,108.4,108.38,231972,25141734.65,3467.0,80925.0,34.89
ITI,EQ,30-Jun-2023,107.9,108.0,108.5,107.0,107.5,107.5,107.6,184681,19871226.0,2744.0,89478.0,48.45
ITI,EQ,28-Jun-2023,108.6,108.95,108.95,107.6,108.0,107.9,108.13,144612,15636572.2,1695.0,66512.0,45.99
ITI,EQ,27-Jun-2023,108.65,108.9,109.6,108.25,108.35,108.6,108.82,164264,17874828.8,2003.0,60630.0,36.91
ITI,EQ,26-Jun-2023,108.05,108.45,109.0,107.55,108.8,108.65,108.27,179049,19385379.2,3164.0,61712.0,34.47
ITI,EQ,23-Jun-2023,108.75,108.8,108.8,107.2,108.1,108.05,107.87,199015,21467012.7,2690.0,56584.0,28.43
ITI,EQ,22-Jun-2023,110.2,109.95,110.5,108.5,109.25,108.75,109.22,252977,27629503.15,2974.0,90374.0,35.72
ITI,EQ,21-Jun-2023,110.85,111.1,112.1,109.85,110.5,110.2,110.76,507534,56212742.3,5506.0,140568.0,27.7
ITI,EQ,20-Jun-2023,108.75,110.6,115.0,110.25,110.8,110.85,112.38,2513225,282424477.2,16946.0,434430.0,17.29
ITI,EQ,19-Jun-2023,108.3,108.9,109.9,107.8,108.8,108.75,108.8,291968,31767490.8,4352.0,115016.0,39.39
ITI,EQ,16-Jun-2023,107.55,107.5,109.35,107.5,108.0,108.3,108.41,220585,23914637.8,2422.0,87364.0,39.61
ITI,EQ,15-Jun-2023,108.4,108.5,108.7,107.15,107.6,107.55,107.79,209117,22541742.9,2222.0,102536.0,49.03
ITI,EQ,14-Jun-2023,108.5,108.2,109.15,107.8,108.25,108.4,108.37,183728,19910574.85,2246.0,76882.0,41.85
ITI,EQ,13-Jun-2023,108.35,108.95,110.45,108.0,108.45,108.5,109.0,296054,32269440.0,3217.0,101423.0,34.26
ITI,EQ,12-Jun-2023,110.25,108.8,109.0,107.4,108.3,108.35,108.23,478410,51776304.9,4636.0,171935.0,35.94
ITI,EQ,09-Jun-2023,111.45,111.5,113.3,110.0,110.3,110.25,111.21,550899,61264007.3,5108.0,176679.0,32.07
ITI,EQ,08-Jun-2023,113.55,114.65,114.65,110.35,111.55,111.45,111.89,951334,106440463.55,7228.0,335919.0,35.31
ITI,EQ,07-Jun-2023,108.5,108.5,116.0,108.2,113.4,113.55,113.67,5680058,645647541.4,34648.0,1053955.0,18.56
ITI,EQ,06-Jun-2023,108.7,108.7,109.15,107.5,108.5,108.5,108.15,269570,29155272.4,3052.0,101481.0,37.65
ITI,EQ,05-Jun-2023,105.5,105.6,109.5,105.5,108.4,108.7,108.45,985922,106922694.05,8785.0,362287.0,36.75
ITI,EQ,02-Jun-2023,105.8,105.8,106.5,105.0,105.85,105.5,105.54,169577,17897836.35,2121.0,63991.0,37.74
ITI,EQ,01-Jun-2023,105.3,106.0,106.85,105.3,105.7,105.8,105.87,242888,25714172.8,2453.0,86831.0,35.75
ITI,EQ,31-May-2023,104.95,104.8,106.75,104.5,105.4,105.3,105.59,238112,25142407.6,2593.0,87726.0,36.84
ITI,EQ,30-May-2023,106.65,104.8,105.65,104.6,104.95,104.95,104.97,411051,43147501.45,3170.0,201335.0,48.98
ITI,EQ,29-May-2023,106.45,107.25,107.25,106.15,106.8,106.65,106.7,287229,30647131.65,3734.0,102138.0,35.56
ITI,EQ,26-May-2023,107.0,106.25,107.55,106.1,106.45,106.45,106.59,263199,28054383.7,2596.0,103122.0,39.18
ITI,EQ,25-May-2023,107.9,108.05,108.05,106.3,107.2,107.0,106.84,361676,38642162.05,2986.0,92294.0,25.52
ITI,EQ,24-May-2023,109.45,109.45,110.0,107.5,108.1,107.9,108.17,598950,64786224.1,4998.0,131617.0,21.97
ITI,EQ,23-May-2023,106.05,111.1,113.7,108.7,109.65,109.45,111.13,6155969,684083126.9,32582.0,716482.0,11.64
ITI,EQ,22-May-2023,104.6,107.25,109.95,105.25,105.75,106.05,107.11,1415487,151613815.8,10150.0,243226.0,17.18
ITI,EQ,19-May-2023,104.8,105.55,105.9,102.85,105.0,104.6,104.19,385678,40183574.3,3622.0,85159.0,22.08
ITI,EQ,18-May-2023,106.65,107.6,107.9,104.2,104.75,104.8,105.56,463196,48894311.0,4118.0,141005.0,30.44
ITI,EQ,17-May-2023,105.45,106.0,109.6,105.2,106.6,106.65,107.19,1245438,133498187.75,8992.0,180518.0,14.49
ITI,EQ,16-May-2023,105.45,105.9,107.25,104.8,105.35,105.45,105.74,486657,51460491.55,3680.0,138319.0,28.42
ITI,EQ,15-May-2023,105.45,105.15,107.9,103.5,105.9,105.45,105.68,850180,89847347.9,6839.0,138055.0,16.24
ITI,EQ,12-May-2023,107.5,105.6,107.45,105.0,105.7,105.45,105.73,636492,67296480.0,4531.0,149603.0,23.5
ITI,EQ,11-May-2023,104.45,105.4,111.35,105.3,107.5,107.5,109.08,5053845,551292349.0,23745.0,451656.0,8.94
ITI,EQ,10-May-2023,106.65,106.15,107.1,103.4,104.7,104.45,104.59,820010,85763261.1,7750.0,144159.0,17.58
ITI,EQ,09-May-2023,102.9,103.25,112.45,103.25,105.9,106.65,109.46,11749874,1286112963.65,50949.0,785907.0,6.69
ITI,EQ,08-May-2023,105.6,105.6,105.6,102.4,103.25,102.9,103.37,1249731,129179556.6,10026.0,297271.0,23.79
ITI,EQ,05-May-2023,97.2,97.65,111.5,97.15,104.8,105.6,108.26,26036411,2818763045.9,102012.0,1248414.0,4.79
ITI,EQ,04-May-2023,96.5,96.85,99.0,96.55,97.5,97.2,97.68,469887,45898488.8,4433.0,147399.0,31.37
ITI,EQ,03-May-2023,95.75,95.5,97.1,94.95,96.95,96.5,96.06,273167,26240069.45,3205.0,128114.0,46.9
ITI,EQ,02-May-2023,95.15,95.4,96.95,95.1,95.75,95.75,95.9,214259,20548373.4,2579.0,73917.0,34.5
ITI,EQ,28-Apr-2023,94.55,94.7,96.1,94.7,95.15,95.15,95.37,271290,25873720.7,3436.0,78258.0,28.85
ITI,EQ,27-Apr-2023,94.5,94.95,95.55,94.1,94.5,94.55,94.65,173036,16378351.6,2480.0,55293.0,31.95
ITI,EQ,26-Apr-2023,94.35,94.0,96.8,93.5,94.6,94.5,94.96,340796,32361241.55,4227.0,77941.0,22.87
ITI,EQ,25-Apr-2023,93.85,93.85,95.5,93.85,94.1,94.35,94.48,251310,23744068.95,3396.0,60963.0,24.26
ITI,EQ,24-Apr-2023,94.6,95.5,95.55,93.5,93.7,93.85,94.01,232605,21867488.25,2911.0,81370.0,34.98
ITI,EQ,21-Apr-2023,93.6,93.7,97.9,92.9,94.45,94.6,95.47,1715861,163807518.65,14202.0,162985.0,9.5
ITI,EQ,20-Apr-2023,93.7,94.45,94.95,93.0,93.8,93.6,93.61,167604,15689386.45,2714.0,55452.0,33.09
ITI,EQ,19-Apr-2023,94.7,95.0,95.8,93.3,94.2,93.7,94.22,638302,60140678.0,6385.0,147303.0,23.08
ITI,EQ,18-Apr-2023,91.25,91.05,99.6,91.05,94.9,94.7,97.13,9252284,898685037.7,42064.0,420610.0,4.55
ITI,EQ,17-Apr-2023,91.35,91.7,92.2,90.0,91.15,91.25,90.94,128018,11641829.1,2529.0,33355.0,26.05
ITI,EQ,13-Apr-2023,91.85,91.7,92.35,91.0,91.4,91.35,91.53,117259,10733162.2,1934.0,54447.0,46.43
ITI,EQ,12-Apr-2023,91.85,92.25,93.0,91.65,91.8,91.85,92.12,162607,14980169.7,2192.0,63312.0,38.94
ITI,EQ,11-Apr-2023,91.6,91.9,92.3,91.45,91.9,91.85,91.84,103549,9510397.85,1643.0,42252.0,40.8
ITI,EQ,10-Apr-2023,91.5,91.5,92.5,90.7,91.7,91.6,91.39,164153,15002694.0,2153.0,66796.0,40.69
ITI,EQ,06-Apr-2023,91.6,92.0,92.0,90.9,91.55,91.5,91.35,142637,13029648.6,1862.0,63463.0,44.49
ITI,EQ,05-Apr-2023,91.0,91.1,92.85,91.0,91.5,91.6,91.88,285979,26276468.35,3648.0,92360.0,32.3
ITI,EQ,03-Apr-2023,90.15,91.3,91.8,90.25,91.4,91.0,90.84,300017,27252373.85,3352.0,82387.0,27.46
ITI,EQ,31-Mar-2023,90.35,91.9,92.55,89.0,90.35,90.15,90.94,683284,62140217.65,5995.0,145550.0,21.3
ITI,EQ,29-Mar-2023,87.1,88.6,94.8,88.6,90.2,90.35,92.77,7582782,703477126.9,38717.0,239385.0,3.16
ITI,EQ,28-Mar-2023,90.85,90.4,91.2,86.55,87.3,87.1,88.12,856394,75468862.8,9375.0,191551.0,22.37
ITI,EQ,27-Mar-2023,98.2,94.45,96.4,88.15,90.2,90.85,93.61,2884242,270002280.5,14275.0,339866.0,11.78
ITI,EQ,24-Mar-2023,87.65,88.8,99.95,88.3,94.75,98.2,97.26,16645375,1618872941.15,66511.0,521432.0,3.13
ITI,EQ,23-Mar-2023,88.95,88.95,89.25,87.15,88.3,87.65,88.22,100136,8834119.15,2244.0,40192.0,40.14
ITI,EQ,22-Mar-2023,88.7,89.45,89.75,88.65,89.0,88.95,89.07,58278,5190975.45,1289.0,29710.0,50.98
ITI,EQ,21-Mar-2023,89.25,90.45,90.5,88.55,88.85,88.7,89.1,77477,6902932.9,1627.0,34130.0,44.05
ITI,EQ,20-Mar-2023,90.25,90.2,94.35,88.6,89.05,89.25,89.35,95362,8520539.25,2032.0,30732.0,32.23
ITI,EQ,17-Mar-2023,89.4,90.75,90.95,89.0,90.4,90.25,90.09,115663,10420439.1,2145.0,44756.0,38.7
ITI,EQ,16-Mar-2023,90.75,91.9,91.9,88.2,90.25,89.4,89.27,125706,11222098.2,3574.0,39400.0,31.34
ITI,EQ,15-Mar-2023,90.95,91.75,92.2,90.3,91.9,90.75,90.78,89659,8138959.25,2317.0,40221.0,44.86
ITI,EQ,14-Mar-2023,91.95,92.0,94.2,89.7,90.9,90.95,90.94,112143,10198289.65,2573.0,44294.0,39.5
ITI,EQ,13-Mar-2023,94.2,94.45,94.75,91.4,92.15,91.95,92.58,121367,11236230.55,2580.0,62706.0,51.67
ITI,EQ,10-Mar-2023,95.3,94.8,94.8,93.8,94.2,94.2,94.22,82442,7767949.3,1841.0,43801.0,53.13
ITI,EQ,09-Mar-2023,95.35,95.05,96.2,95.05,95.1,95.3,95.52,81495,7784606.85,1940.0,29711.0,36.46
ITI,EQ,08-Mar-2023,95.4,96.4,96.4,94.65,95.55,95.35,95.31,105611,10065713.25,2557.0,35637.0,33.74
ITI,EQ,06-Mar-2023,95.0,95.7,96.5,95.1,95.5,95.4,95.63,174717,16708797.05,2519.0,98421.0,56.33
ITI,EQ,03-Mar-2023,94.65,94.95,95.75,94.6,95.0,95.0,95.14,148785,14154695.5,2520.0,66752.0,44.86
ITI,EQ,02-Mar-2023,95.35,95.5,96.45,94.4,94.75,94.65,95.15,109132,10384366.4,2490.0,45231.0,41.45
ITI,EQ,01-Mar-2023,94.25,94.5,96.55,94.4,95.4,95.35,95.16,188383,17927233.7,3401.0,89055.0,47.27
ITI,EQ,28-Feb-2023,94.6,95.55,95.55,93.3,94.85,94.25,94.19,120148,11316425.7,2634.0,41098.0,34.21
ITI,EQ,27-Feb-2023,97.3,97.7,99.0,94.0,94.8,94.6,95.23,197565,18814625.25,4141.0,65155.0,32.98
ITI,EQ,24-Feb-2023,97.8,98.3,98.7,96.8,96.95,97.3,97.51,157984,15404581.4,3255.0,47426.0,30.02
ITI,EQ,23-Feb-2023,99.25,99.25,100.5,97.25,97.5,97.8,98.17,317574,31177522.25,4850.0,100176.0,31.54
ITI,EQ,22-Feb-2023,97.15,98.0,105.8,98.0,98.4,99.25,102.92,5281584,543606179.1,40892.0,390729.0,7.4
ITI,EQ,21-Feb-2023,97.7,97.85,98.5,96.55,97.35,97.15,97.74,161234,15759469.85,1955.0,115307.0,71.52
ITI,EQ,20-Feb-2023,98.4,98.45,98.9,97.1,97.9,97.7,97.74,108002,10555880.45,2901.0,30457.0,28.2
ITI,EQ,17-Feb-2023,99.4,99.6,99.8,98.05,98.2,98.4,98.93,94646,9363176.4,3073.0,32272.0,34.1
ITI,EQ,16-Feb-2023,98.8,99.7,99.9,99.0,99.6,99.4,99.37,74317,7384795.3,1862.0,34515.0,46.44
ITI,EQ,15-Feb-2023,98.85,98.8,99.75,98.15,98.4,98.8,98.98,76808,7602472.7,1989.0,32738.0,42.62
ITI,EQ,14-Feb-2023,99.45,99.05,99.9,98.4,99.3,98.85,98.91,87787,8683308.55,2386.0,33273.0,37.9
ITI,EQ,13-Feb-2023,100.3,100.7,101.05,99.0,99.0,99.45,99.72,71637,7143950.75,2360.0,29524.0,41.21
ITI,EQ,10-Feb-2023,100.2,100.75,101.35,100.05,100.6,100.3,100.51,87097,8754422.55,2830.0,29148.0,33.47
ITI,EQ,09-Feb-2023,100.75,100.9,101.9,99.55,100.3,100.2,100.43,142631,14324863.45,3591.0,40469.0,28.37
ITI,EQ,08-Feb-2023,100.0,99.95,101.9,99.5,100.7,100.75,100.52,121223,12184828.85,2586.0,48743.0,40.21
ITI,EQ,07-Feb-2023,100.3,100.9,101.15,99.25,100.15,100.0,100.04,94762,9479587.55,2385.0,44100.0,46.54
ITI,EQ,06-Feb-2023,100.05,99.35,102.9,99.35,100.2,100.3,100.38,100704,10108846.95,2983.0,34071.0,33.83
ITI,EQ,03-Feb-2023,100.75,101.4,102.0,98.4,100.7,100.05,99.59,187149,18637453.2,4234.0,54615.0,29.18
ITI,EQ,02-Feb-2023,100.45,100.0,101.75,99.8,100.3,100.75,100.59,126835,12758948.4,4853.0,34668.0,27.33
ITI,EQ,01-Feb-2023,102.9,102.95,104.55,99.5,100.0,100.45,102.19,268752,27462482.0,4669.0,98182.0,36.53
ITI,EQ,31-Jan-2023,100.6,100.65,103.1,100.65,102.85,102.9,102.0,182511,18616542.35,3135.0,71082.0,38.95
ITI,EQ,30-Jan-2023,100.5,100.5,101.45,99.45,100.15,100.6,100.46,180648,18148202.6,3605.0,59779.0,33.09
ITI,EQ,27-Jan-2023,102.0,102.7,103.55,99.55,100.7,100.5,100.65,186123,18733281.5,4689.0,73575.0,39.53
ITI,EQ,25-Jan-2023,103.6,103.35,103.85,101.6,102.5,102.0,102.51,179384,18387910.3,2725.0,73573.0,41.01
ITI,EQ,24-Jan-2023,103.6,103.25,104.35,103.2,103.85,103.6,103.81,179522,18636072.3,2923.0,69469.0,38.7
ITI,EQ,23-Jan-2023,104.3,104.9,105.5,103.2,103.4,103.6,104.14,266288,27732132.85,5228.0,65495.0,24.6
ITI,EQ,20-Jan-2023,105.3,105.8,105.95,103.7,104.45,104.3,104.87,147505,15468820.0,2679.0,52452.0,35.56
ITI,EQ,19-Jan-2023,105.2,104.55,106.65,104.55,105.25,105.3,105.57,462926,48871445.75,6867.0,68308.0,14.76
ITI,EQ,18-Jan-2023,105.15,105.65,107.0,104.15,104.9,105.2,105.8,361194,38213278.25,5291.0,48761.0,13.5
ITI,EQ,17-Jan-2023,106.35,106.3,106.3,104.55,105.0,105.15,105.26,234750,24710410.0,3223.0,71365.0,30.4
ITI,EQ,16-Jan-2023,109.35,107.35,108.3,106.0,106.2,106.35,107.1,587816,62956146.05,8728.0,170168.0,28.95
ITI,EQ,13-Jan-2023,103.65,107.0,111.45,105.8,108.7,109.35,109.43,8375379,916518981.7,49391.0,527875.0,6.3
ITI,EQ,12-Jan-2023,104.1,104.75,104.9,102.9,103.7,103.65,103.61,89379,9260472.9,2113.0,27666.0,30.95
ITI,EQ,11-Jan-2023,103.15,103.8,105.3,103.15,103.75,104.1,104.38,300221,31335883.9,4237.0,81038.0,26.99
ITI,EQ,10-Jan-2023,103.2,103.3,103.9,102.0,103.0,103.15,102.66,91503,9393653.5,2418.0,39350.0,43.0
ITI,EQ,09-Jan-2023,102.65,103.4,104.4,102.8,103.3,103.2,103.37,127798,13210477.85,2220.0,41192.0,32.23
ITI,EQ,06-Jan-2023,104.0,104.3,104.65,101.6,103.0,102.65,103.01,168560,17364019.6,3637.0,67867.0,40.26
ITI,EQ,05-Jan-2023,104.1,104.9,104.95,103.2,104.45,104.0,104.0,120737,12556317.55,2400.0,40697.0,33.71
ITI,EQ,04-Jan-2023,105.2,105.25,105.7,103.6,104.3,104.1,104.5,140233,14654981.9,2428.0,59456.0,42.4
ITI,EQ,03-Jan-2023,106.35,106.8,106.8,104.6,105.25,105.2,105.54,197597,20853549.2,4159.0,77912.0,39.43
ITI,EQ,02-Jan-2023,103.6,103.95,107.0,103.5,106.3,106.35,105.56,312724,33011377.35,4659.0,96188.0,30.76
ITI,EQ,30-Dec-2022,103.1,103.5,104.85,103.3,104.0,103.6,104.03,157517,16385933.1,2444.0,52582.0,33.38
ITI,EQ,29-Dec-2022,104.2,104.15,104.15,101.85,103.0,103.1,102.92,169053,17398951.25,3506.0,64906.0,38.39
ITI,EQ,27-Dec-2024,333.95,331.0,337.3,325.8,327.4,328.2,330.39,2879083,951224513.1,53543.0,436666.0,15.17
ITI,EQ,26-Dec-2024,343.75,342.95,342.95,330.7,330.75,333.95,336.49,2147728,722688660.75,39185.0,420402.0,19.57
ITI,EQ,24-Dec-2024,341.1,340.9,349.7,332.9,340.6,343.75,341.52,4676244,1597028245.45,88265.0,421097.0,9.01
ITI,EQ,23-Dec-2024,341.65,345.05,347.95,333.1,341.7,341.1,340.28,4386210,1492542809.35,70176.0,418382.0,9.54
ITI,EQ,20-Dec-2024,357.45,360.7,363.85,334.2,340.85,341.65,350.43,4975747,1743638544.2,76958.0,642207.0,12.91
ITI,EQ,19-Dec-2024,362.2,360.0,365.4,353.55,358.0,357.45,358.83,5089882,1826378256.15,85999.0,403713.0,7.93
ITI,EQ,18-Dec-2024,365.85,367.55,382.9,355.5,361.85,362.2,368.77,11798342,4350900963.4,105924.0,928959.0,7.87
ITI,EQ,17-Dec-2024,373.0,374.3,377.9,363.0,364.85,365.85,366.77,4391883,1610813350.4,45379.0,733544.0,16.7
ITI,EQ,16-Dec-2024,358.7,360.0,387.35,359.5,372.25,373.0,377.34,22600241,8528027135.35,210045.0,1908228.0,8.44
ITI,EQ,13-Dec-2024,365.45,365.0,369.1,352.5,359.1,358.7,357.52,5960515,2130997658.8,56275.0,532831.0,8.94
ITI,EQ,12-Dec-2024,361.25,356.25,379.2,346.0,366.0,365.45,368.69,19389313,7148561871.35,182936.0,1781167.0,9.19
ITI,EQ,11-Dec-2024,389.9,379.45,379.7,357.35,358.5,361.25,365.5,16732038,6115571382.95,163484.0,2251794.0,13.46
ITI,EQ,10-Dec-2024,368.1,385.0,404.0,379.25,383.5,389.9,393.4,82140681,32313827082.75,744732.0,3955519.0,4.82
ITI,EQ,09-Dec-2024,321.2,324.0,376.65,323.0,371.6,368.1,357.55,99601550,35612538916.05,889108.0,3598889.0,3.61
ITI,EQ,06-Dec-2024,283.5,286.0,340.1,285.05,321.0,321.2,319.99,76144468,24365711525.3,644541.0,4588411.0,6.03
ITI,EQ,05-Dec-2024,289.3,289.3,291.0,282.1,282.85,283.5,286.16,1358082,388634327.15,15235.0,381326.0,28.08
ITI,EQ,04-Dec-2024,287.45,287.25,294.8,286.15,288.4,289.3,289.43,2112481,611414212.7,19527.0,341159.0,16.15
ITI,EQ,03-Dec-2024,286.55,286.8,291.5,283.8,286.7,287.45,287.1,2308062,662638803.6,22256.0,318572.0,13.8
ITI,EQ,02-Dec-2024,286.63,284.0,292.6,279.6,285.8,286.55,286.0,3508455,1003412773.85,38193.0,346669.0,9.88
ITI,EQ,29-Nov-2024,295.67,296.0,297.09,285.1,286.4,286.63,289.63,3515011,1018040137.92,34837.0,503239.0,14.32
ITI,EQ,28-Nov-2024,275.61,275.74,302.8,273.56,294.71,295.67,294.53,17212498,5069543241.77,161176.0,1348501.0,7.83
ITI,EQ,27-Nov-2024,278.43,277.2,279.45,274.3,275.5,275.61,276.41,2031102,561420631.29,20373.0,305017.0,15.02
ITI,EQ,26-Nov-2024,278.84,279.9,285.0,277.0,277.0,278.43,280.08,2579754,722539902.09,25544.0,327760.0,12.71
ITI,EQ,25-Nov-2024,275.07,280.6,283.5,273.88,277.4,278.84,278.65,4598578,1281374609.43,40869.0,502797.0,10.93
ITI,EQ,22-Nov-2024,279.44,279.44,283.0,272.7,274.5,275.07,276.82,3728246,1032041173.35,45505.0,419801.0,11.26
ITI,EQ,21-Nov-2024,292.18,289.0,289.89,270.0,278.5,279.44,283.02,4759938,1347138279.91,42355.0,448613.0,9.42
ITI,EQ,19-Nov-2024,291.4,298.0,301.8,287.65,289.8,292.18,294.35,13041427,3838687877.39,121950.0,728056.0,5.58
ITI,EQ,18-Nov-2024,291.52,298.8,309.8,280.01,290.1,291.4,287.81,12222144,3517666485.46,101216.0,512388.0,4.19
ITI,EQ,14-Nov-2024,292.39,299.84,311.75,276.37,294.13,291.52,286.88,16618080,4767311745.54,148571.0,771944.0,4.65
ITI,EQ,13-Nov-2024,295.03,298.01,324.53,285.0,293.81,292.39,301.24,9936068,2993132347.91,114706.0,983859.0,9.9
ITI,EQ,12-Nov-2024,327.35,327.35,344.64,294.61,295.0,295.03,321.62,42823153,13772747400.11,386569.0,2447709.0,5.72
ITI,EQ,11-Nov-2024,304.24,299.64,344.5,293.38,323.4,327.35,331.43,114616442,37987892537.57,941876.0,3554450.0,3.1
ITI,EQ,08-Nov-2024,266.49,273.95,317.0,273.0,296.7,304.24,296.95,90386249,26840096278.33,674198.0,2612744.0,2.89
ITI,EQ,07-Nov-2024,232.01,235.5,276.7,235.5,274.0,266.49,259.15,34923768,9050508208.67,370698.0,1055216.0,3.02
ITI,EQ,06-Nov-2024,223.91,224.8,233.75,224.4,233.0,232.01,229.01,465845,106681053.21,15497.0,146722.0,31.5
ITI,EQ,05-Nov-2024,221.19,221.85,226.95,220.25,224.0,223.91,223.71,325772,72878218.16,14742.0,70932.0,21.77
ITI,EQ,04-Nov-2024,227.88,227.0,227.0,220.15,220.3,221.19,222.03,232799,51688319.36,8819.0,64958.0,27.9
ITI,EQ,01-Nov-2024,226.4,226.0,228.8,226.0,228.0,227.88,227.65,66754,15196233.17,1930.0,34082.0,51.06
ITI,EQ,31-Oct-2024,228.65,226.55,228.9,223.8,226.6,226.4,226.37,341167,77231522.5,13602.0,78970.0,23.15
ITI,EQ,30-Oct-2024,217.4,216.65,237.4,216.2,226.95,228.65,231.78,3929671,910826968.55,89308.0,245053.0,6.24
ITI,EQ,29-Oct-2024,218.3,216.5,220.5,214.8,217.7,217.4,217.62,223773,48697582.1,11923.0,68644.0,30.68
ITI,EQ,28-Oct-2024,211.55,212.45,220.0,210.35,218.5,218.3,216.45,549991,119044691.55,24670.0,112629.0,20.48
ITI,EQ,25-Oct-2024,220.85,222.8,222.8,210.0,212.0,211.55,213.25,336261,71706896.55,17194.0,113529.0,33.76
ITI,EQ,24-Oct-2024,224.55,223.55,226.5,220.15,221.35,220.85,222.62,275516,61334250.75,13334.0,64347.0,23.36
ITI,EQ,23-Oct-2024,220.6,220.6,229.5,214.15,225.15,224.55,222.77,744413,165834256.45,33909.0,112283.0,15.08
ITI,EQ,22-Oct-2024,233.95,234.6,235.6,219.0,222.8,220.6,225.57,463696,104596926.7,26049.0,133197.0,28.73
ITI,EQ,21-Oct-2024,240.05,242.0,252.4,232.95,235.0,233.95,242.83,876976,212955384.75,32948.0,153372.0,17.49
ITI,EQ,18-Oct-2024,239.35,239.3,242.0,233.55,239.9,240.05,238.44,201771,48109801.3,11600.0,49995.0,24.78
ITI,EQ,17-Oct-2024,245.2,245.2,245.4,238.3,239.0,239.35,241.58,196516,47473549.7,11270.0,63564.0,32.35
ITI,EQ,16-Oct-2024,244.9,244.0,247.5,242.4,245.0,245.2,244.85,237482,58148255.9,10060.0,73974.0,31.15
ITI,EQ,15-Oct-2024,246.85,248.1,248.15,244.0,245.1,244.9,245.54,163002,40023895.45,7700.0,50604.0,31.05
ITI,EQ,14-Oct-2024,248.25,250.0,251.5,245.3,245.9,246.85,247.57,197580,48914572.2,8439.0,69879.0,35.37
ITI,EQ,11-Oct-2024,246.15,248.15,249.4,243.6,248.5,248.25,247.35,220160,54456076.0,9571.0,60757.0,27.6
ITI,EQ,10-Oct-2024,245.95,247.6,249.25,245.0,246.5,246.15,246.82,242136,59765147.55,10297.0,71160.0,29.39
ITI,EQ,09-Oct-2024,243.4,245.35,249.9,244.7,245.7,245.95,247.07,316680,78241700.75,15884.0,102477.0,32.36
ITI,EQ,08-Oct-2024,234.5,231.6,244.9,227.1,243.85,243.4,238.06,576758,137302391.6,22801.0,128275.0,22.24
ITI,EQ,07-Oct-2024,249.4,252.45,253.0,233.3,234.75,234.5,239.07,643014,153723251.65,28694.0,208395.0,32.41
ITI,EQ,04-Oct-2024,258.3,257.45,260.0,247.0,250.0,249.4,251.97,573785,144574736.95,22450.0,221369.0,38.58
ITI,EQ,03-Oct-2024,265.25,259.35,261.6,257.15,258.7,258.3,258.62,415814,107536368.2,15030.0,149266.0,35.9
ITI,EQ,01-Oct-2024,256.35,256.35,269.0,256.35,264.7,265.25,264.84,2060265,545638837.95,42121.0,266155.0,12.92
ITI,EQ,30-Sep-2024,264.25,264.95,268.0,255.1,256.55,256.35,258.2,715629,184773875.4,23568.0,326538.0,45.63
ITI,EQ,27-Sep-2024,275.15,275.8,277.8,262.8,264.6,264.25,268.34,985016,264323539.9,25588.0,475410.0,48.26
ITI,EQ,26-Sep-2024,279.3,279.85,279.95,273.35,275.75,275.15,275.6,272504,75101828.65,10668.0,101043.0,37.08
ITI,EQ,25-Sep-2024,281.4,282.0,284.35,278.0,279.95,279.3,280.93,252286,70875286.45,9705.0,100076.0,39.67
ITI,EQ,24-Sep-2024,282.4,283.9,284.0,280.35,281.7,281.4,281.99,193572,54584870.7,8405.0,82049.0,42.39
ITI,EQ,23-Sep-2024,279.95,280.95,286.45,280.8,282.25,282.4,283.13,398520,112832749.35,11955.0,110924.0,27.83
ITI,EQ,20-Sep-2024,280.4,282.7,282.85,276.0,280.25,279.95,278.73,509551,142024809.4,18513.0,172262.0,33.81
ITI,EQ,19-Sep-2024,284.45,286.1,288.85,279.0,279.9,280.4,282.53,398303,112532960.45,14778.0,125291.0,31.46
ITI,EQ,18-Sep-2024,287.45,288.4,289.6,282.0,283.3,284.45,285.61,230113,65723172.0,11470.0,70496.0,30.64
ITI,EQ,17-Sep-2024,289.65,289.4,289.8,286.0,288.4,287.45,287.55,198711,57139775.75,9006.0,60823.0,30.61
ITI,EQ,16-Sep-2024,293.2,294.0,294.0,289.0,289.4,289.65,290.66,238690,69378413.35,7050.0,75516.0,31.64
ITI,EQ,13-Sep-2024,291.45,292.65,295.95,291.0,293.05,293.2,293.27,366042,107348987.85,12743.0,90860.0,24.82
ITI,EQ,12-Sep-2024,293.15,294.0,295.9,288.75,290.95,291.45,291.65,350902,102340634.9,14004.0,106695.0,30.41
ITI,EQ,11-Sep-2024,300.4,298.0,298.0,291.55,292.25,293.15,294.56,641990,189103518.95,16043.0,177973.0,27.72
ITI,EQ,10-Sep-2024,283.05,283.5,308.0,283.5,299.15,300.4,299.64,5407496,1620289677.9,95372.0,297519.0,5.5
ITI,EQ,09-Sep-2024,289.15,287.3,288.9,278.0,284.5,283.05,282.52,404527,114288390.05,16769.0,158098.0,39.08
ITI,EQ,06-Sep-2024,297.4,297.35,297.35,288.2,289.9,289.15,291.36,350662,102170339.25,15155.0,140673.0,40.12
ITI,EQ,05-Sep-2024,297.5,298.5,301.8,296.2,297.65,297.4,298.37,258517,77132703.6,8546.0,76829.0,29.72
ITI,EQ,04-Sep-2024,299.65,295.8,299.9,295.1,298.85,297.5,297.16,346457,102954608.55,8984.0,104757.0,30.24
ITI,EQ,03-Sep-2024,302.6,301.0,305.85,298.6,298.6,299.65,302.43,465154,140675577.2,12304.0,113474.0,24.39
ITI,EQ,02-Sep-2024,304.75,306.15,306.5,301.15,302.45,302.6,303.64,432139,131215017.7,13019.0,117874.0,27.28
ITI,EQ,30-Aug-2024,299.7,313.0,315.5,302.6,303.7,304.75,308.36,3063051,944512295.75,47273.0,433020.0,14.14
ITI,EQ,29-Aug-2024,304.35,302.45,304.35,297.9,299.85,299.7,300.82,305799,91990612.6,9544.0,95667.0,31.28
ITI,EQ,28-Aug-2024,302.0,302.5,308.0,300.5,304.5,304.35,304.91,833063,254007582.7,21580.0,231564.0,27.8
ITI,EQ,27-Aug-2024,297.1,295.85,306.7,294.3,301.65,302.0,302.61,812221,245782566.85,21662.0,182492.0,22.47
ITI,EQ,26-Aug-2024,299.95,298.0,300.45,296.05,297.0,297.1,297.55,277576,82592204.0,6766.0,92757.0,33.42
ITI,EQ,23-Aug-2024,302.85,302.6,303.4,298.35,299.8,299.95,300.71,496294,149240155.55,13911.0,169663.0,34.19
ITI,EQ,22-Aug-2024,297.6,298.2,314.95,296.4,301.85,302.85,307.22,3114234,956747136.6,55049.0,576062.0,18.5
ITI,EQ,21-Aug-2024,291.8,292.0,301.5,291.85,296.15,297.6,296.0,706902,209241292.05,17807.0,227032.0,32.12
ITI,EQ,20-Aug-2024,286.4,286.4,294.35,285.1,292.4,291.8,289.56,614975,178074124.55,16965.0,188747.0,30.69
ITI,EQ,19-Aug-2024,281.8,283.7,289.15,282.2,287.0,286.4,286.04,418662,119755974.25,10998.0,88255.0,21.08
ITI,EQ,16-Aug-2024,280.15,283.0,286.6,280.55,281.75,281.8,283.53,381517,108170600.45,13661.0,104288.0,27.34
ITI,EQ,14-Aug-2024,286.7,287.7,288.0,279.0,279.3,280.15,281.21,391482,110089640.75,13763.0,93163.0,23.8
ITI,EQ,13-Aug-2024,288.5,288.65,297.2,283.15,285.0,286.7,289.69,685977,198720607.7,19633.0,153172.0,22.33
ITI,EQ,12-Aug-2024,290.2,290.0,293.95,284.35,288.0,288.5,288.88,586209,169346527.75,18638.0,118900.0,20.28
ITI,EQ,09-Aug-2024,290.15,292.0,294.15,288.4,291.1,290.2,290.89,480671,139821442.5,12034.0,148091.0,30.81
ITI,EQ,08-Aug-2024,294.25,294.25,296.5,287.5,289.75,290.15,292.92,663053,194224081.95,17071.0,145787.0,21.99
ITI,EQ,07-Aug-2024,279.85,284.75,296.45,281.5,295.65,294.25,289.93,939187,272297107.1,24083.0,229447.0,24.43
ITI,EQ,06-Aug-2024,284.5,286.3,293.4,279.0,280.6,279.85,286.01,574695,164365707.95,19071.0,136257.0,23.71
ITI,EQ,05-Aug-2024,300.85,295.0,297.0,282.1,283.5,284.5,289.21,982302,284091844.85,30964.0,319740.0,32.55
ITI,EQ,02-Aug-2024,304.3,300.95,304.95,295.3,301.65,300.85,301.36,643764,194007053.45,16647.0,199481.0,30.99
ITI,EQ,01-Aug-2024,309.15,309.8,310.9,302.05,304.0,304.3,306.81,817713,250884429.85,18600.0,294028.0,35.96
ITI,EQ,31-Jul-2024,310.5,311.8,315.4,307.35,309.6,309.15,310.51,1153750,358251374.5,25049.0,323164.0,28.01
ITI,EQ,30-Jul-2024,308.1,308.0,321.5,306.8,310.3,310.5,315.08,2481259,781783867.9,48771.0,664377.0,26.78
ITI,EQ,29-Jul-2024,308.05,310.0,313.8,305.55,308.5,308.1,309.17,1099503,339936014.55,22508.0,311655.0,28.35
ITI,EQ,26-Jul-2024,303.85,305.0,314.9,302.7,307.35,308.05,309.06,2129296,658079441.0,39412.0,446059.0,20.95
ITI,EQ,25-Jul-2024,305.4,302.9,308.1,300.15,304.4,303.85,304.12,837721,254769330.6,19125.0,220797.0,26.36
ITI,EQ,24-Jul-2024,295.0,295.45,309.6,294.0,305.3,305.4,303.15,1338085,405636221.1,33101.0,267047.0,19.96
ITI,EQ,23-Jul-2024,302.85,302.9,312.0,282.7,295.5,295.0,298.05,2232358,665352895.1,54882.0,358773.0,16.07
ITI,EQ,22-Jul-2024,292.1,292.0,316.4,288.1,302.1,302.85,307.31,6830224,2098969070.4,114390.0,605651.0,8.87
ITI,EQ,19-Jul-2024,303.35,304.3,306.5,290.15,293.65,292.1,298.08,1278024,380959733.0,32135.0,405088.0,31.7
ITI,EQ,18-Jul-2024,313.25,313.1,313.2,301.65,303.45,303.35,305.57,2194245,670500154.95,35286.0,774537.0,35.3
ITI,EQ,16-Jul-2024,318.95,320.3,322.95,311.9,312.5,313.25,317.1,1439027,456308979.15,29394.0,473387.0,32.9
ITI,EQ,15-Jul-2024,319.1,321.6,328.95,314.0,319.45,318.95,321.86,2935271,944760585.4,53464.0,625216.0,21.3
ITI,EQ,12-Jul-2024,308.55,310.35,341.5,306.6,319.5,319.1,326.96,18686221,6109668950.7,257996.0,3020456.0,16.16
ITI,EQ,11-Jul-2024,306.0,308.0,313.8,305.85,309.2,308.55,308.92,1225032,378434004.85,25338.0,260914.0,21.3
ITI,EQ,10-Jul-2024,309.85,311.7,313.95,300.05,306.0,306.0,306.21,1270522,389052574.25,29413.0,505429.0,39.78
ITI,EQ,09-Jul-2024,312.7,314.2,321.85,309.1,310.8,309.85,314.28,1508621,474127686.0,28560.0,476800.0,31.61
ITI,EQ,08-Jul-2024,310.3,311.2,320.5,310.6,313.8,312.7,315.18,1967944,620250790.4,35531.0,627776.0,31.9
ITI,EQ,05-Jul-2024,309.55,310.05,317.9,308.15,310.6,310.3,312.7,1776509,555521294.2,30867.0,542074.0,30.51
ITI,EQ,04-Jul-2024,308.85,310.4,314.2,308.9,309.1,309.55,310.58,852498,264767321.15,13509.0,271651.0,31.87
ITI,EQ,03-Jul-2024,310.0,311.5,317.95,308.1,308.65,308.85,312.68,1711378,535111421.95,31635.0,401967.0,23.49
ITI,EQ,02-Jul-2024,309.6,311.0,313.95,305.0,309.6,310.0,309.62,1126008,348632242.1,19812.0,286091.0,25.41
ITI,EQ,01-Jul-2024,308.9,310.2,316.0,306.65,309.2,309.6,310.5,1329569,412832028.1,23884.0,266277.0,20.03
ITI,EQ,28-Jun-2024,306.8,310.6,313.8,306.3,308.3,308.9,309.7,1418712,439376309.4,24682.0,313671.0,22.11
ITI,EQ,27-Jun-2024,308.1,308.7,328.95,304.25,307.0,306.8,317.81,8670569,2755560269.75,122469.0,1621656.0,18.7
ITI,EQ,26-Jun-2024,306.3,308.35,315.3,304.25,307.5,308.1,309.33,1460973,451919425.3,27751.0,309855.0,21.21
ITI,EQ,25-Jun-2024,312.35,313.5,315.95,305.0,306.55,306.3,310.5,1199484,372442270.15,22057.0,440047.0,36.69
ITI,EQ,24-Jun-2024,304.05,303.8,321.1,299.65,311.8,312.35,314.23,4674877,1468991742.05,70323.0,1107585.0,23.69
ITI,EQ,21-Jun-2024,306.55,307.7,309.6,302.25,304.0,304.05,305.42,986226,301211667.75,17274.0,258733.0,26.23
ITI,EQ,20-Jun-2024,304.2,304.95,313.9,301.0,306.0,306.55,308.52,2055923,634292914.15,32825.0,378862.0,18.43
ITI,EQ,19-Jun-2024,307.45,309.2,310.7,297.4,304.25,304.2,304.83,1452328,442717579.45,23581.0,369663.0,25.45
ITI,EQ,18-Jun-2024,304.85,307.0,322.9,305.25,308.9,307.45,315.69,5948101,1877726680.05,77805.0,1222390.0,20.55
ITI,EQ,14-Jun-2024,305.95,306.55,312.9,303.1,303.85,304.85,307.77,1334756,410793069.7,23564.0,348902.0,26.14
ITI,EQ,13-Jun-2024,305.9,306.0,311.85,303.3,305.0,305.95,306.75,1473898,452122896.7,23038.0,386253.0,26.21
ITI,EQ,12-Jun-2024,301.85,303.0,308.9,300.05,305.0,305.9,304.78,1311855,399821291.25,20501.0,317747.0,24.22
ITI,EQ,11-Jun-2024,295.4,297.0,309.4,295.55,301.3,301.85,304.68,2749961,837844620.7,45154.0,532891.0,19.38
ITI,EQ,10-Jun-2024,297.45,300.4,301.7,293.7,294.5,295.4,297.44,1583587,471021540.05,24517.0,252633.0,15.95
ITI,EQ,07-Jun-2024,293.45,290.0,302.0,290.0,296.55,297.45,296.48,1643655,487315167.55,27921.0,197700.0,12.03
ITI,EQ,06-Jun-2024,275.55,278.35,299.95,278.35,293.4,293.45,292.34,2302968,673253549.9,45021.0,349506.0,15.18
ITI,EQ,05-Jun-2024,274.7,280.0,286.45,257.55,275.0,275.55,272.59,1448728,394903955.95,35737.0,231344.0,15.97
ITI,EQ,04-Jun-2024,305.45,305.95,305.95,248.0,276.3,274.7,280.16,2063640,578142547.35,48370.0,390531.0,18.92
ITI,EQ,03-Jun-2024,297.1,312.0,312.95,302.15,304.3,305.45,306.84,1968021,603866883.2,34942.0,477246.0,24.25
ITI,EQ,31-May-2024,303.45,303.45,305.0,293.4,296.0,297.1,297.59,1498126,445827467.9,23154.0,305761.0,20.41
ITI,EQ,30-May-2024,291.4,292.1,311.95,291.0,302.4,303.45,305.94,7469083,2285086732.8,92529.0,595894.0,7.98
ITI,EQ,29-May-2024,300.8,288.9,295.0,281.25,290.8,291.4,291.36,1542188,449333805.8,29276.0,361943.0,23.47
ITI,EQ,28-May-2024,305.35,307.3,308.8,297.2,301.0,300.8,301.29,1103861,332584668.75,23204.0,246992.0,22.38
ITI,EQ,27-May-2024,307.5,310.0,312.55,301.2,305.4,305.35,306.98,1611170,494593051.5,28067.0,375762.0,23.32
ITI,EQ,24-May-2024,319.0,320.0,320.4,305.6,308.45,307.5,312.27,1561787,487694745.05,25235.0,563177.0,36.06
ITI,EQ,23-May-2024,318.35,319.95,327.4,311.3,318.15,319.0,319.62,2397792,766389093.45,42392.0,393911.0,16.43
ITI,EQ,22-May-2024,305.75,308.0,333.0,306.35,317.8,318.35,324.29,17136645,5557267337.7,204084.0,2026150.0,11.82
ITI,EQ,21-May-2024,312.75,314.8,314.8,304.25,305.05,305.75,308.37,1738120,535989372.3,23511.0,536983.0,30.89
ITI,EQ,18-May-2024,307.7,310.0,318.0,310.0,312.6,312.75,314.56,597771,188032931.0,10414.0,301397.0,50.42
ITI,EQ,17-May-2024,304.75,308.0,311.3,304.4,308.0,307.7,307.14,2386160,732893901.4,31279.0,337748.0,14.15
ITI,EQ,16-May-2024,313.55,314.55,315.9,302.6,305.0,304.75,308.83,4780439,1476327601.65,59519.0,788204.0,16.49
ITI,EQ,15-May-2024,285.6,285.8,322.8,285.8,312.8,313.55,314.96,37204637,11718021679.45,324435.0,2129412.0,5.72
ITI,EQ,14-May-2024,279.9,282.0,288.8,280.35,284.85,285.6,284.45,844807,240302081.3,17926.0,175239.0,20.74
ITI,EQ,13-May-2024,277.9,277.5,284.0,270.15,282.2,279.9,278.03,1059623,294607524.3,28064.0,127126.0,12.0
ITI,EQ,10-May-2024,277.3,280.5,282.9,268.55,276.55,277.9,277.89,1248738,347012718.2,29847.0,169988.0,13.61
ITI,EQ,09-May-2024,288.55,289.3,290.85,272.95,277.3,277.3,282.46,822420,232300991.45,20139.0,212642.0,25.86
ITI,EQ,08-May-2024,292.6,281.05,291.7,281.05,288.25,288.55,287.71,1283137,369176182.55,25069.0,183067.0,14.27
ITI,EQ,07-May-2024,292.35,292.3,303.0,285.15,290.0,292.6,293.31,2321373,680877679.5,46403.0,257709.0,11.1
ITI,EQ,06-May-2024,300.1,302.0,302.65,286.75,291.45,292.35,293.55,1289095,378419968.4,26483.0,250501.0,19.43
ITI,EQ,03-May-2024,304.8,306.65,307.4,297.0,300.1,300.1,301.6,1474001,444559500.75,21059.0,309782.0,21.02
ITI,EQ,02-May-2024,307.0,308.55,309.05,303.45,304.8,304.8,305.74,1569143,479743325.35,22902.0,353254.0,22.51
ITI,EQ,30-Apr-2024,305.55,307.95,312.75,303.05,307.2,307.0,308.99,4987971,1541210775.6,58860.0,708721.0,14.21
ITI,EQ,29-Apr-2024,292.95,294.45,318.8,291.25,305.8,305.55,310.37,18996938,5896168075.35,173362.0,1745170.0,9.19
ITI,EQ,26-Apr-2024,293.5,293.7,298.95,289.5,292.8,292.95,293.76,1901268,558519969.9,26911.0,311922.0,16.41
ITI,EQ,25-Apr-2024,296.0,294.9,297.7,290.75,292.8,293.5,293.95,2001554,588359250.5,26466.0,297037.0,14.84
ITI,EQ,24-Apr-2024,293.3,295.0,302.95,290.5,295.35,296.0,297.05,7126050,2116773543.8,76433.0,604752.0,8.49
ITI,EQ,23-Apr-2024,279.45,280.8,312.7,276.6,294.2,293.3,301.04,29556348,8897727154.6,272569.0,1934897.0,6.55
ITI,EQ,22-Apr-2024,248.2,253.0,285.5,251.45,280.0,279.45,277.32,22381623,6206862191.05,219634.0,1516551.0,6.78
ITI,EQ,19-Apr-2024,251.85,250.0,253.9,243.15,248.5,248.2,248.1,781923,193996715.65,15047.0,145083.0,18.55
ITI,EQ,18-Apr-2024,253.9,255.9,261.5,250.0,252.0,251.85,256.62,767159,196871638.8,17412.0,159570.0,20.8
ITI,EQ,16-Apr-2024,252.05,247.0,258.15,245.1,254.5,253.9,254.69,667206,169932410.55,14902.0,150001.0,22.48
ITI,EQ,15-Apr-2024,262.8,258.0,258.0,246.75,252.0,252.05,252.33,861469,217374911.65,17594.0,183791.0,21.33
ITI,EQ,12-Apr-2024,268.25,268.2,269.9,261.4,262.9,262.8,265.37,548868,145654760.35,12868.0,184659.0,33.64
ITI,EQ,10-Apr-2024,266.55,268.0,277.2,265.5,268.3,268.25,270.38,1160702,313827053.7,22370.0,240953.0,20.76
ITI,EQ,09-Apr-2024,270.3,271.1,274.0,263.55,267.5,266.55,268.87,649979,174759725.55,14404.0,188437.0,28.99
ITI,EQ,08-Apr-2024,275.65,277.2,278.3,268.8,271.0,270.3,273.18,702370,191871242.15,13969.0,215354.0,30.66
ITI,EQ,05-Apr-2024,270.75,272.05,277.9,268.8,274.8,275.65,274.29,1192199,327003217.95,19616.0,257580.0,21.61
ITI,EQ,04-Apr-2024,273.2,275.05,277.75,267.15,271.35,270.75,272.34,978441,266466893.1,18369.0,192096.0,19.63
ITI,EQ,03-Apr-2024,272.6,275.0,281.0,272.0,273.3,273.2,275.64,1607346,443045601.75,24163.0,379412.0,23.6
ITI,EQ,02-Apr-2024,270.6,271.05,277.1,267.55,272.5,272.6,272.43,1810680,493284660.5,25226.0,361266.0,19.95
ITI,EQ,01-Apr-2024,252.7,255.0,272.95,253.65,269.9,270.6,265.51,2661555,706677342.75,44855.0,492216.0,18.49
ITI,EQ,28-Mar-2024,253.85,256.15,262.0,249.5,252.5,252.7,256.54,1770095,454094583.75,25685.0,436516.0,24.66
ITI,EQ,27-Mar-2024,252.65,254.0,260.0,251.6,252.7,253.85,255.53,1808337,462081512.4,29050.0,496952.0,27.48
ITI,EQ,26-Mar-2024,261.0,258.0,259.9,251.1,252.0,252.65,253.24,1536697,389148694.7,25143.0,445693.0,29.0
ITI,EQ,22-Mar-2024,256.1,252.3,264.85,252.3,260.5,261.0,260.2,1939846,504749929.25,33137.0,348215.0,17.95
ITI,EQ,21-Mar-2024,248.55,251.9,260.9,251.9,256.4,256.1,256.52,1540350,395125953.6,28409.0,258532.0,16.78
ITI,EQ,20-Mar-2024,251.75,253.9,256.5,245.4,247.7,248.55,251.19,1884617,473392507.4,40196.0,179575.0,9.53
ITI,EQ,19-Mar-2024,255.85,257.5,258.3,249.15,252.5,251.75,252.89,1337633,338272801.35,27267.0,230039.0,17.2
ITI,EQ,18-Mar-2024,259.95,259.95,271.0,252.3,255.35,255.85,260.7,4416096,1151287824.9,72938.0,417712.0,9.46
ITI,EQ,15-Mar-2024,276.55,269.8,274.4,249.05,259.5,259.95,259.37,5647031,1464691714.35,84835.0,602519.0,10.67
ITI,EQ,14-Mar-2024,233.75,233.55,280.0,226.55,272.3,276.55,264.41,9532753,2520576624.4,116360.0,723938.0,7.59
ITI,EQ,13-Mar-2024,261.45,259.0,262.45,230.0,232.9,233.75,244.68,2135085,522418844.45,49552.0,513894.0,24.07
ITI,EQ,12-Mar-2024,264.95,265.0,269.3,255.85,260.85,261.45,263.1,1371428,360828350.55,29144.0,293872.0,21.43
ITI,EQ,11-Mar-2024,280.25,280.95,281.1,263.05,264.8,264.95,271.12,1165019,315856082.55,24471.0,335515.0,28.8
ITI,EQ,07-Mar-2024,283.7,283.0,287.95,279.0,280.3,280.25,282.12,849717,239719932.5,17641.0,195909.0,23.06
ITI,EQ,06-Mar-2024,289.55,289.0,291.55,282.0,283.0,283.7,285.77,779745,222831625.25,18562.0,191472.0,24.56
ITI,EQ,05-Mar-2024,293.05,293.0,296.9,287.2,288.85,289.55,292.07,1032046,301424631.05,21874.0,223405.0,21.65
ITI,EQ,04-Mar-2024,295.2,296.5,299.0,290.8,292.5,293.05,293.83,1047439,307767148.95,21967.0,201404.0,19.23
ITI,EQ,02-Mar-2024,292.3,291.75,299.75,291.0,295.15,295.2,295.38,199777,59009135.15,4125.0,86453.0,43.27
ITI,EQ,01-Mar-2024,298.45,298.45,302.4,288.5,291.0,292.3,294.39,2111485,621606401.0,37632.0,549075.0,26.0
ITI,EQ,29-Feb-2024,301.65,302.5,304.5,292.6,299.2,298.45,297.85,912471,271775145.7,22655.0,189377.0,20.75
ITI,EQ,28-Feb-2024,315.1,315.5,315.6,300.0,301.05,301.65,306.37,1013122,310388986.6,21821.0,275178.0,27.16
ITI,EQ,27-Feb-2024,318.5,318.5,324.8,312.8,314.0,315.1,317.87,1767172,561735555.7,30550.0,264504.0,14.97
ITI,EQ,26-Feb-2024,314.65,316.0,323.0,309.3,317.5,318.5,315.62,1591004,502159973.2,26726.0,240784.0,15.13
ITI,EQ,23-Feb-2024,312.4,315.0,322.5,312.75,314.0,314.65,316.18,1261974,399012082.75,21673.0,191634.0,15.19
ITI,EQ,22-Feb-2024,314.65,316.95,318.95,305.5,313.1,312.4,311.74,1517324,473013619.05,29072.0,279831.0,18.44
ITI,EQ,21-Feb-2024,325.4,326.0,327.75,311.0,314.6,314.65,317.97,1538225,489106261.75,26776.0,421105.0,27.38
ITI,EQ,20-Feb-2024,327.25,329.55,334.45,322.0,325.6,325.4,327.5,2036970,667115205.4,33280.0,310226.0,15.23
ITI,EQ,19-Feb-2024,312.5,318.0,334.85,317.8,327.0,327.25,327.76,4253822,1394221570.15,68835.0,548292.0,12.89
ITI,EQ,16-Feb-2024,315.9,315.9,320.6,308.55,312.75,312.5,312.73,1621272,507016504.45,28405.0,310035.0,19.12
ITI,EQ,15-Feb-2024,296.55,304.0,324.5,303.1,313.3,315.9,315.64,6446645,2034812005.55,92144.0,677493.0,10.51
ITI,EQ,14-Feb-2024,292.65,290.0,303.25,285.1,297.0,296.55,294.93,2196709,647882603.45,36736.0,291210.0,13.26
ITI,EQ,13-Feb-2024,281.25,285.0,315.05,284.15,295.75,292.65,299.81,8913923,2672492039.3,153305.0,656960.0,7.37
ITI,EQ,12-Feb-2024,327.55,327.55,329.4,265.45,282.0,281.25,303.16,3242511,982996532.15,65983.0,863893.0,26.64
ITI,EQ,09-Feb-2024,343.35,345.6,346.25,321.2,328.25,327.55,330.45,1895565,626398664.6,38452.0,627769.0,33.12
ITI,EQ,08-Feb-2024,348.7,351.4,353.5,340.6,343.5,343.35,345.57,1412150,488001801.95,27855.0,389923.0,27.61
ITI,EQ,07-Feb-2024,353.65,356.95,361.0,344.4,348.85,348.7,352.2,1538047,541695549.75,28762.0,447202.0,29.08
ITI,EQ,06-Feb-2024,344.05,345.6,358.5,342.5,354.0,353.65,351.08,2938304,1031573316.6,47493.0,633811.0,21.57
ITI,EQ,05-Feb-2024,341.9,344.1,366.0,340.05,343.8,344.05,353.88,6340451,2243771473.9,88982.0,1260508.0,19.88
ITI,EQ,02-Feb-2024,342.0,345.4,351.3,340.15,341.05,341.9,343.82,1458117,501336374.45,24976.0,362740.0,24.88
ITI,EQ,01-Feb-2024,341.05,345.2,352.85,339.35,343.0,342.0,344.65,2431058,837873652.1,35163.0,491063.0,20.2
ITI,EQ,31-Jan-2024,338.65,340.8,348.65,338.6,340.95,341.05,342.17,2225502,761497157.85,29893.0,494855.0,22.24
ITI,EQ,30-Jan-2024,333.1,335.45,364.0,335.4,337.65,338.65,351.21,8297105,2914045932.85,110193.0,1348114.0,16.25
ITI,EQ,29-Jan-2024,341.65,344.9,344.9,332.0,334.3,333.1,336.64,1442072,485465894.85,25770.0,517951.0,35.92
ITI,EQ,25-Jan-2024,343.5,345.9,351.9,337.85,341.1,341.65,343.7,1755999,603540516.25,29187.0,380453.0,21.67
ITI,EQ,24-Jan-2024,330.9,330.5,348.5,322.5,343.0,343.5,339.12,3992944,1354102549.95,74352.0,590642.0,14.79
ITI,EQ,23-Jan-2024,353.4,357.0,358.3,327.1,330.55,330.9,338.39,3572618,1208936920.15,52682.0,858665.0,24.03
ITI,EQ,20-Jan-2024,342.8,345.95,370.0,342.85,353.95,353.4,360.06,5574450,2007119801.35,72403.0,919562.0,16.5
ITI,EQ,19-Jan-2024,347.05,352.05,363.7,340.9,342.0,342.8,348.28,6125770,2133502277.85,66432.0,1172763.0,19.14
ITI,EQ,18-Jan-2024,366.65,366.6,374.95,337.0,347.3,347.05,352.17,9359912,3296247608.45,108253.0,1710632.0,18.28
ITI,EQ,17-Jan-2024,373.85,362.0,384.3,353.8,364.0,366.65,370.54,16361263,6062486399.3,166666.0,1759435.0,10.75
ITI,EQ,16-Jan-2024,315.3,317.7,378.35,313.4,371.0,373.85,361.58,45108044,16310062443.45,355961.0,4776469.0,10.59
ITI,EQ,15-Jan-2024,305.95,308.5,324.3,303.0,315.35,315.3,315.77,6894924,2177176742.45,75261.0,1604243.0,23.27
ITI,EQ,12-Jan-2024,306.55,308.5,309.55,305.0,305.6,305.95,307.18,770547,236694676.5,11815.0,242838.0,31.52
ITI,EQ,11-Jan-2024,306.35,308.7,312.7,304.15,306.8,306.55,308.05,2071205,638040549.2,21093.0,354162.0,17.1
ITI,EQ,10-Jan-2024,307.4,308.2,311.9,302.2,307.0,306.35,306.35,1426217,436919087.15,18657.0,291165.0,20.42
ITI,EQ,09-Jan-2024,302.65,303.55,311.35,303.55,307.0,307.4,307.98,2853451,878818327.65,32052.0,539378.0,18.9
ITI,EQ,08-Jan-2024,311.6,313.25,315.0,301.55,303.6,302.65,305.9,1602645,490253037.6,19480.0,578520.0,36.1
ITI,EQ,05-Jan-2024,313.85,315.1,319.9,308.0,310.25,311.6,314.4,2143338,673859297.15,22218.0,489808.0,22.85
ITI,EQ,04-Jan-2024,311.8,313.4,321.0,310.55,313.6,313.85,315.1,2617339,824733957.8,27057.0,551628.0,21.08
ITI,EQ,03-Jan-2024,311.2,312.0,315.45,307.55,310.95,311.8,311.4,1897284,590807554.9,21385.0,409529.0,21.59
ITI,EQ,02-Jan-2024,307.25,311.0,322.6,305.6,311.65,311.2,313.33,5960845,1867721912.75,59361.0,1152603.0,19.34
ITI,EQ,01-Jan-2024,304.55,305.45,313.95,303.7,305.85,307.25,307.94,2622245,807497447.6,29701.0,494392.0,18.85
ITI,EQ,29-Dec-2023,301.35,303.15,316.6,300.0,304.45,304.55,308.07,5645283,1739115327.3,61444.0,959409.0,16.99
ITI,EQ,26-Dec-2025,313.1,314.2,328.0,310.25,312.7,313.95,319.06,2700046,861486202.5,46793.0,426412.0,15.79
ITI,EQ,24-Dec-2025,310.35,311.7,317.55,310.1,312.0,313.1,313.36,1354456,424439039.3,22550.0,187253.0,13.82
ITI,EQ,23-Dec-2025,312.6,313.0,313.9,308.4,310.2,310.35,310.38,520665,161605400.7,8639.0,138747.0,26.65
ITI,EQ,22-Dec-2025,313.8,313.9,317.5,308.35,311.9,312.6,312.37,1593951,497907580.8,27327.0,296555.0,18.61
ITI,EQ,19-Dec-2025,294.25,312.95,331.75,308.2,309.85,313.8,322.91,32273744,10421464929.7,288612.0,1692155.0,5.24
ITI,EQ,18-Dec-2025,299.5,299.4,299.7,293.4,294.65,294.25,295.25,242009,71453021.2,8263.0,89661.0,37.05
ITI,EQ,17-Dec-2025,301.85,301.95,303.95,298.15,299.1,299.5,300.25,260950,78350494.05,7519.0,78547.0,30.10
ITI,EQ,16-Dec-2025,303.6,304.2,304.4,300.5,301.7,301.85,301.98,256384,77424010.8,6097.0,106967.0,41.72
ITI,EQ,15-Dec-2025,305.1,306.95,306.95,302.4,302.6,303.6,303.66,216061,65609436.8,6400.0,84879.0,39.28
ITI,EQ,12-Dec-2025,302.55,303.95,306.7,302.5,304.8,305.1,304.45,359037,109308383.7,7705.0,103007.0,28.69
ITI,EQ,11-Dec-2025,301.35,303.0,303.75,299.5,302.5,302.55,301.88,290040,87558680.85,7996.0,76412.0,26.35
ITI,EQ,10-Dec-2025,304.8,307.9,311.2,300.3,301.4,301.35,304.86,501778,152971935.85,11981.0,154235.0,30.74
ITI,EQ,09-Dec-2025,306.0,304.5,306.0,296.0,303.35,304.8,301.06,800474,240986990.95,17931.0,156835.0,19.59
ITI,EQ,08-Dec-2025,301.6,304.5,317.55,301.75,302.05,306.0,309.87,3210923,994984310.05,56852.0,271578.0,8.46
ITI,EQ,05-Dec-2025,303.0,303.95,305.2,298.2,302.25,301.6,301.19,328884,99057405.15,9938.0,83387.0,25.35
ITI,EQ,04-Dec-2025,305.05,305.2,307.25,302.2,302.25,303.0,303.51,289139,87756167.75,6555.0,113177.0,39.14
ITI,EQ,03-Dec-2025,305.95,307.8,308.8,303.0,306.0,305.05,304.97,363876,110969459.2,8842.0,99835.0,27.44
ITI,EQ,02-Dec-2025,308.4,309.0,309.6,304.65,305.55,305.95,306.28,409365,125379984.05,9026.0,126144.0,30.81
ITI,EQ,01-Dec-2025,309.4,311.0,314.4,307.1,309.0,308.4,309.78,411764,127554957.0,9968.0,119555.0,29.03
ITI,EQ,28-Nov-2025,314.1,314.0,314.0,307.85,309.55,309.4,310.0,544313,168737072.75,11130.0,171174.0,31.45
ITI,EQ,27-Nov-2025,309.6,308.9,324.55,308.9,312.55,314.1,316.7,2600915,823697065.65,36691.0,316258.0,12.16
ITI,EQ,26-Nov-2025,311.05,308.0,313.15,306.6,308.9,309.6,309.67,1040434,322190396.05,17138.0,165224.0,15.88
ITI,EQ,25-Nov-2025,325.15,322.95,323.0,308.3,310.0,311.05,313.9,3863075,1212607170.55,47787.0,516887.0,13.38
ITI,EQ,24-Nov-2025,297.25,297.7,332.95,297.0,319.85,325.15,325.84,33742009,10994394057.2,309328.0,1656105.0,4.91
ITI,EQ,21-Nov-2025,305.65,305.5,307.5,295.05,296.5,297.25,300.91,445987,134203109.95,10318.0,209270.0,46.92
ITI,EQ,20-Nov-2025,308.15,307.5,311.45,305.0,305.4,305.65,308.11,361242,111300814.35,8967.0,138773.0,38.42
ITI,EQ,19-Nov-2025,311.95,313.95,313.95,305.0,306.15,308.15,309.28,262131,81071318.95,7300.0,101641.0,38.77
ITI,EQ,18-Nov-2025,316.2,317.1,318.5,310.25,310.55,311.95,313.14,221284,69292954.55,6547.0,96963.0,43.82
ITI,EQ,17-Nov-2025,316.55,316.55,319.9,314.5,315.4,316.2,316.82,297463,94243276.0,7208.0,120782.0,40.60
ITI,EQ,14-Nov-2025,323.0,318.0,321.0,314.05,316.0,316.55,316.79,416302,131879682.2,9841.0,144913.0,34.81
ITI,EQ,13-Nov-2025,321.85,323.65,327.6,321.05,321.25,323.0,323.96,559373,181212720.8,12034.0,129869.0,23.22
ITI,EQ,12-Nov-2025,316.25,317.8,328.95,317.3,320.7,321.85,324.31,1400939,454344528.9,26241.0,238707.0,17.04
ITI,EQ,11-Nov-2025,317.55,319.5,319.5,312.7,316.3,316.25,315.4,248279,78306026.3,6105.0,74498.0,30.01
ITI,EQ,10-Nov-2025,314.55,315.8,320.8,314.7,317.1,317.55,317.67,435176,138243688.1,9665.0,94868.0,21.80
ITI,EQ,07-Nov-2025,315.85,315.0,318.35,310.85,314.75,314.55,314.7,413254,130050003.3,11667.0,110723.0,26.79
ITI,EQ,06-Nov-2025,323.4,324.8,325.0,314.5,315.35,315.85,318.15,437667,139244161.3,12452.0,130346.0,29.78
ITI,EQ,04-Nov-2025,327.0,327.0,328.0,321.1,324.0,323.4,324.01,345430,111923332.1,7775.0,110749.0,32.06
ITI,EQ,03-Nov-2025,324.7,324.8,330.4,323.55,326.8,327.0,326.44,514697,168016248.65,10529.0,100765.0,19.58
ITI,EQ,31-Oct-2025,329.2,330.5,330.9,323.0,323.6,324.7,326.78,445498,145578010.9,10339.0,169836.0,38.12
ITI,EQ,30-Oct-2025,332.6,332.6,335.0,328.05,329.65,329.2,330.71,428317,141647689.4,8104.0,146492.0,34.20
ITI,EQ,29-Oct-2025,329.95,332.0,336.95,328.3,332.0,332.6,332.79,862202,286934209.65,15545.0,187811.0,21.78
ITI,EQ,28-Oct-2025,332.6,333.5,333.5,328.25,328.9,329.95,330.32,491563,162373942.35,12398.0,133316.0,27.12
ITI,EQ,27-Oct-2025,329.75,331.05,340.4,329.2,331.5,332.6,333.74,1305006,435536980.35,25931.0,206118.0,15.79
ITI,EQ,24-Oct-2025,328.7,328.7,333.8,327.35,329.95,329.75,330.24,947372,312861464.4,18384.0,212213.0,22.40
ITI,EQ,23-Oct-2025,335.35,336.05,337.75,327.1,327.85,328.7,331.52,779795,258514934.85,14341.0,242669.0,31.12
ITI,EQ,21-Oct-2025,333.95,336.6,342.0,333.45,334.0,335.35,337.33,418348,141121410.85,8411.0,111628.0,26.68
ITI,EQ,20-Oct-2025,336.35,337.0,337.8,328.65,333.65,333.95,332.66,862608,286951032.5,18444.0,206249.0,23.91
ITI,EQ,17-Oct-2025,336.55,332.0,340.5,331.15,334.9,336.35,335.75,2035585,683450820.1,28716.0,299195.0,14.70
ITI,EQ,16-Oct-2025,325.1,325.5,351.4,325.5,335.1,336.55,344.41,15343202,5284427653.2,178299.0,1065314.0,6.94
ITI,EQ,15-Oct-2025,327.6,326.95,330.4,322.25,325.0,325.1,325.06,1055084,342968407.35,20598.0,214934.0,20.37
ITI,EQ,14-Oct-2025,340.45,338.0,339.75,324.1,325.0,327.6,332.56,1544814,513737346.0,27738.0,444167.0,28.75
ITI,EQ,13-Oct-2025,340.5,339.0,345.6,332.35,336.7,340.45,338.49,2603750,881335911.6,35653.0,302071.0,11.60
ITI,EQ,10-Oct-2025,337.7,337.7,358.45,331.2,339.0,340.5,346.93,15760713,5467832119.0,179095.0,1187735.0,7.54
ITI,EQ,09-Oct-2025,356.65,356.35,358.5,336.0,337.75,337.7,343.73,8966017,3081931959.7,112146.0,1241785.0,13.85
ITI,EQ,08-Oct-2025,324.15,340.0,372.85,333.0,350.35,356.65,361.69,70864481,25631119840.95,664661.0,4367331.0,6.16
ITI,EQ,07-Oct-2025,317.45,320.4,331.7,318.5,322.3,324.15,325.3,1750161,569318995.65,31237.0,482241.0,27.55
ITI,EQ,06-Oct-2025,315.85,319.0,329.8,313.15,318.5,317.45,320.32,1031847,330520790.1,23818.0,331446.0,32.12
ITI,EQ,03-Oct-2025,307.05,307.0,317.7,305.8,315.4,315.85,313.26,580011,181695650.0,14234.0,184269.0,31.77
ITI,EQ,01-Oct-2025,301.6,302.0,308.5,301.1,308.5,307.05,305.11,229386,69987811.5,7004.0,79416.0,34.62
ITI,EQ,30-Sep-2025,301.15,301.25,304.65,299.3,301.15,301.6,301.69,193860,58485080.75,6251.0,75789.0,39.09
ITI,EQ,29-Sep-2025,303.35,304.55,307.75,299.05,301.0,301.15,303.04,320399,97093198.55,13342.0,120371.0,37.57
ITI,EQ,26-Sep-2025,310.55,309.9,310.75,301.5,303.85,303.35,305.53,333812,101988778.0,11253.0,122289.0,36.63
ITI,EQ,25-Sep-2025,316.6,315.4,317.0,309.1,310.95,310.55,312.68,403393,126131054.75,11142.0,150782.0,37.38
ITI,EQ,24-Sep-2025,322.55,321.05,323.45,315.15,316.0,316.6,319.0,315968,100794019.9,8227.0,122287.0,38.70
ITI,EQ,23-Sep-2025,323.25,324.8,333.25,318.0,322.7,322.55,325.83,937274,305393837.9,21243.0,304626.0,32.50
ITI,EQ,22-Sep-2025,320.35,320.35,329.9,319.05,323.0,323.25,324.7,914854,297056051.8,21335.0,345132.0,37.73
ITI,EQ,19-Sep-2025,316.65,316.8,323.0,314.65,320.45,320.35,320.04,605954,193930294.65,11519.0,201360.0,33.23
ITI,EQ,18-Sep-2025,319.95,321.2,321.9,315.2,316.8,316.65,317.76,354496,112644504.35,8335.0,152231.0,42.94
ITI,EQ,17-Sep-2025,323.05,324.45,326.0,318.1,320.05,319.95,320.88,394371,126543989.0,10883.0,154250.0,39.11
ITI,EQ,16-Sep-2025,322.55,323.5,326.4,318.5,323.15,323.05,322.38,654902,211125653.95,15246.0,197527.0,30.16
ITI,EQ,15-Sep-2025,309.5,310.85,331.5,310.85,322.8,322.55,325.7,3904949,1271858470.4,67050.0,882541.0,22.60
ITI,EQ,12-Sep-2025,307.3,308.2,312.3,306.0,310.45,309.5,309.14,287372,88837299.95,7362.0,113692.0,39.56
ITI,EQ,11-Sep-2025,308.8,309.0,310.1,305.55,306.7,307.3,307.8,241535,74344681.75,6522.0,96640.0,40.01
ITI,EQ,10-Sep-2025,309.0,309.9,314.0,307.2,308.9,308.8,309.87,370568,114828366.35,9317.0,100578.0,27.14
ITI,EQ,09-Sep-2025,314.1,315.1,315.1,307.0,309.0,309.0,309.3,258510,79956153.45,7800.0,89460.0,34.61
ITI,EQ,08-Sep-2025,308.05,309.25,317.15,304.5,313.75,314.1,311.42,596915,185890086.6,14514.0,150512.0,25.21
ITI,EQ,05-Sep-2025,310.65,311.9,316.0,306.05,307.5,308.05,309.74,509760,157892506.8,11852.0,113100.0,22.19
ITI,EQ,04-Sep-2025,315.25,317.9,319.85,307.1,310.3,310.65,312.73,1417471,443279014.15,27354.0,231889.0,16.36
ITI,EQ,03-Sep-2025,301.9,303.4,322.0,303.0,315.0,315.25,315.91,4472628,1412946786.95,67752.0,577919.0,12.92
ITI,EQ,02-Sep-2025,284.4,285.55,311.9,284.0,303.0,301.9,305.53,5079876,1552058967.5,69376.0,465033.0,9.15
ITI,EQ,01-Sep-2025,284.15,285.75,286.5,282.0,284.7,284.4,283.82,153975,43700942.1,5964.0,57188.0,37.14
ITI,EQ,29-Aug-2025,283.05,282.85,286.1,280.05,285.0,284.15,283.35,156844,44440992.5,6152.0,44169.0,28.16
ITI,EQ,28-Aug-2025,288.05,287.85,287.85,282.1,282.85,283.05,284.39,183347,52142624.15,6761.0,68750.0,37.50
ITI,EQ,26-Aug-2025,294.0,293.7,294.1,287.0,287.2,288.05,289.42,151915,43967431.75,5716.0,72906.0,47.99
ITI,EQ,25-Aug-2025,295.9,298.8,298.8,293.15,293.8,294.0,294.59,154589,45540269.4,5094.0,60832.0,39.35
ITI,EQ,22-Aug-2025,297.6,297.6,302.25,293.2,295.85,295.9,296.88,372083,110462319.0,9469.0,89384.0,24.02
ITI,EQ,21-Aug-2025,295.15,296.5,304.4,295.05,296.35,297.6,298.92,350435,104750846.6,10024.0,100416.0,28.65
ITI,EQ,20-Aug-2025,295.2,296.35,297.9,294.15,295.7,295.15,295.45,155580,45965498.1,5199.0,68342.0,43.93
ITI,EQ,19-Aug-2025,294.15,296.0,296.4,292.75,295.4,295.2,294.61,170409,50205007.55,5983.0,64834.0,38.05
ITI,EQ,18-Aug-2025,291.3,299.9,304.0,292.75,294.0,294.15,296.07,571528,169209941.55,15333.0,126226.0,22.09
ITI,EQ,14-Aug-2025,302.6,300.0,300.2,289.55,291.7,291.3,292.68,505036,147813233.55,16081.0,192076.0,38.03
ITI,EQ,13-Aug-2025,302.6,303.6,310.85,300.15,301.85,302.6,304.02,480010,145930310.25,12395.0,132517.0,27.61
ITI,EQ,12-Aug-2025,300.85,303.3,309.0,301.25,302.1,302.6,304.27,502609,152926434.85,13213.0,127658.0,25.40
ITI,EQ,11-Aug-2025,303.65,300.5,303.0,292.3,302.9,300.85,296.94,628048,186492801.0,17631.0,170069.0,27.08
ITI,EQ,08-Aug-2025,320.3,320.0,320.0,300.5,302.0,303.65,310.87,1086308,337700763.9,23811.0,253955.0,23.38
ITI,EQ,07-Aug-2025,299.55,305.0,325.75,305.0,317.2,320.3,320.03,12671623,4055352686.7,144335.0,860558.0,6.79
ITI,EQ,06-Aug-2025,289.6,293.0,304.05,293.0,298.8,299.55,302.35,1905933,576256431.35,18483.0,321880.0,16.89
ITI,EQ,05-Aug-2025,292.55,293.75,295.2,288.1,288.1,289.6,290.96,135685,39478922.2,5749.0,54796.0,40.38
ITI,EQ,04-Aug-2025,285.85,286.0,294.0,285.25,293.0,292.55,290.27,157798,45804770.6,6088.0,60667.0,38.45
ITI,EQ,01-Aug-2025,290.55,291.9,293.0,285.0,288.0,285.85,288.49,111402,32137966.0,5073.0,58061.0,52.12
ITI,EQ,31-Jul-2025,293.95,292.5,293.85,286.45,290.55,290.55,290.75,138897,40384266.55,5038.0,60614.0,43.64
ITI,EQ,30-Jul-2025,300.25,301.95,302.4,292.2,295.5,293.95,296.1,164346,48662338.1,6235.0,70909.0,43.15
ITI,EQ,29-Jul-2025,293.55,297.0,302.0,291.55,302.0,300.25,296.49,175641,52075527.65,6268.0,64574.0,36.76
ITI,EQ,28-Jul-2025,303.4,303.4,305.65,292.2,293.65,293.55,297.6,274114,81577511.6,8655.0,132937.0,48.50
ITI,EQ,25-Jul-2025,306.65,306.0,307.7,301.1,302.5,303.4,303.66,195690,59422698.6,6301.0,92702.0,47.37
ITI,EQ,24-Jul-2025,313.8,315.85,316.85,304.3,306.4,306.65,309.82,272008,84273916.25,7150.0,132504.0,48.71
ITI,EQ,23-Jul-2025,313.15,314.45,317.95,312.25,316.25,313.8,314.01,177936,55874567.85,5288.0,83694.0,47.04
ITI,EQ,22-Jul-2025,314.6,315.0,319.75,312.0,314.3,313.15,314.96,169649,53432242.15,4750.0,85280.0,50.27
ITI,EQ,21-Jul-2025,316.0,320.0,320.7,313.95,315.0,314.6,316.43,165815,52469446.0,4677.0,82224.0,49.59
ITI,EQ,18-Jul-2025,316.35,317.95,322.0,315.05,316.3,316.0,317.78,213863,67961952.5,5288.0,81942.0,38.32
ITI,EQ,17-Jul-2025,318.1,318.55,320.2,315.2,316.55,316.35,317.35,146460,46479248.85,3829.0,73983.0,50.51
ITI,EQ,16-Jul-2025,318.2,318.3,321.4,317.0,317.5,318.1,319.09,174998,55839344.9,4391.0,76595.0,43.77
ITI,EQ,15-Jul-2025,319.3,320.0,322.4,317.15,318.0,318.2,319.85,188684,60351436.05,5235.0,85033.0,45.07
ITI,EQ,14-Jul-2025,315.5,316.85,326.9,311.95,317.85,319.3,319.39,605716,193461320.3,14181.0,109162.0,18.02
ITI,EQ,11-Jul-2025,318.7,319.9,320.45,315.0,315.9,315.5,316.63,164314,52026493.1,5041.0,82370.0,50.13
ITI,EQ,10-Jul-2025,318.45,318.95,322.4,318.0,319.4,318.7,319.75,187433,59931348.8,3953.0,90934.0,48.52
ITI,EQ,09-Jul-2025,318.8,318.95,322.4,317.1,318.85,318.45,319.18,202451,64618261.15,4799.0,98715.0,48.76
ITI,EQ,08-Jul-2025,323.15,323.45,325.45,318.0,318.7,318.8,320.65,195468,62677327.2,5563.0,111087.0,56.83
ITI,EQ,07-Jul-2025,326.9,326.95,327.7,322.9,323.1,323.15,324.19,187340,60733183.05,4844.0,105519.0,56.32
ITI,EQ,04-Jul-2025,327.2,329.0,331.55,325.0,326.65,326.9,327.54,283790,92952781.8,6059.0,134695.0,47.46
ITI,EQ,03-Jul-2025,326.65,329.0,331.45,324.5,326.5,327.2,327.79,415861,136314483.6,9067.0,167869.0,40.37
ITI,EQ,02-Jul-2025,329.9,331.0,336.0,323.25,327.0,326.65,327.7,744341,243919914.15,13891.0,184629.0,24.80
ITI,EQ,01-Jul-2025,336.65,339.95,342.75,326.0,330.75,329.9,332.96,1961867,653231561.05,28770.0,723080.0,36.86
ITI,EQ,30-Jun-2025,320.65,321.95,336.65,321.85,336.65,336.65,331.86,1519684,504316104.6,17530.0,708048.0,46.59
ITI,EQ,27-Jun-2025,320.55,323.45,325.95,319.5,322.0,320.65,322.48,386218,124548380.2,9169.0,127438.0,33.00
ITI,EQ,26-Jun-2025,323.3,325.0,327.75,319.05,320.65,320.55,321.87,281108,90480514.55,6643.0,137467.0,48.90
ITI,EQ,25-Jun-2025,319.85,319.9,328.6,316.3,322.5,323.3,323.44,705098,228053387.65,12238.0,237293.0,33.65
ITI,EQ,24-Jun-2025,315.35,318.7,325.35,318.5,319.0,319.85,321.09,610502,196027604.2,12220.0,199235.0,32.63
ITI,EQ,23-Jun-2025,309.65,306.2,322.7,305.25,316.0,315.35,317.43,1472591,467449791.35,24903.0,280958.0,19.08
ITI,EQ,20-Jun-2025,307.05,307.0,314.45,303.0,311.3,309.65,309.18,486932,150548328.0,12744.0,105870.0,21.74
ITI,EQ,19-Jun-2025,315.3,315.0,318.5,305.1,306.3,307.05,310.42,527981,163893707.95,11576.0,180456.0,34.18
ITI,EQ,18-Jun-2025,322.35,321.4,321.45,314.4,315.0,315.3,316.49,412912,130683396.45,9255.0,163600.0,39.62
ITI,EQ,17-Jun-2025,318.85,323.4,333.7,319.25,321.8,322.35,326.8,1140893,372847083.35,23103.0,311773.0,27.33
ITI,EQ,16-Jun-2025,321.55,322.0,324.15,309.0,319.85,318.85,315.63,765015,241459749.0,16308.0,214930.0,28.09
ITI,EQ,13-Jun-2025,329.25,322.0,324.5,318.75,323.05,321.55,322.11,607956,195826950.5,10740.0,175692.0,28.90
ITI,EQ,12-Jun-2025,327.65,328.8,340.75,326.55,328.5,329.25,332.88,1327590,441925484.6,24074.0,341261.0,25.71
ITI,EQ,11-Jun-2025,329.55,330.75,333.0,325.55,327.55,327.65,329.17,512948,168847501.4,9890.0,205543.0,40.07
ITI,EQ,10-Jun-2025,330.6,332.95,334.85,327.5,330.2,329.55,330.49,888561,293656504.1,14724.0,366227.0,41.22
ITI,EQ,09-Jun-2025,325.3,328.85,341.55,325.5,330.5,330.6,337.52,2280212,769618341.9,24051.0,622182.0,27.29
ITI,EQ,06-Jun-2025,327.4,330.8,333.0,324.5,325.9,325.3,327.26,563458,184399942.2,11036.0,238639.0,42.35
ITI,EQ,05-Jun-2025,330.25,331.65,338.7,326.5,328.0,327.4,331.61,724233,240159907.5,15319.0,319865.0,44.17
ITI,EQ,04-Jun-2025,333.0,334.7,336.8,325.25,330.95,330.25,330.43,840723,277802777.6,14839.0,329034.0,39.14
ITI,EQ,03-Jun-2025,329.3,330.0,345.75,330.0,333.05,333.0,338.75,2281176,772744737.45,31978.0,614008.0,26.92
ITI,EQ,02-Jun-2025,346.6,335.0,337.7,329.3,329.3,329.3,330.79,3313450,1096040919.75,27817.0,763222.0,23.03
ITI,EQ,30-May-2025,364.85,362.0,362.0,346.6,346.6,346.6,348.99,1886334,658303517.75,23304.0,695377.0,36.86
ITI,EQ,29-May-2025,340.15,350.15,368.7,350.15,364.5,364.85,361.33,9675077,3495884949.6,137768.0,1576665.0,16.30
ITI,EQ,28-May-2025,309.25,312.5,340.15,312.3,340.15,340.15,333.49,10410279,3471704515.2,118852.0,1498076.0,14.39
ITI,EQ,27-May-2025,281.15,282.9,309.25,281.2,309.25,309.25,306.9,11599169,3559828407.6,85564.0,1918622.0,16.54
ITI,EQ,26-May-2025,278.75,280.0,284.5,279.0,281.0,281.15,281.25,321679,90473679.2,8372.0,138318.0,43.00
ITI,EQ,23-May-2025,280.15,281.5,282.9,277.6,278.55,278.75,279.52,417556,116713487.1,9373.0,155386.0,37.21
ITI,EQ,22-May-2025,276.75,275.05,291.75,272.55,279.0,280.15,282.13,988101,278770256.35,21424.0,251642.0,25.47
ITI,EQ,21-May-2025,272.9,273.45,280.3,270.1,276.15,276.75,275.86,398850,110025077.1,10463.0,115407.0,28.93
ITI,EQ,20-May-2025,281.4,283.05,283.25,270.9,273.2,272.9,275.49,414036,114063950.25,11785.0,194697.0,47.02
ITI,EQ,19-May-2025,279.5,283.0,289.4,280.1,281.1,281.4,284.56,630828,179505388.4,14120.0,279286.0,44.27
ITI,EQ,16-May-2025,272.8,274.15,284.2,273.15,279.9,279.5,280.18,829904,232525521.65,19545.0,336036.0,40.49
ITI,EQ,15-May-2025,270.1,271.5,275.45,269.5,272.35,272.8,273.02,438148,119624687.15,10928.0,189274.0,43.20
ITI,EQ,14-May-2025,262.35,263.0,273.7,263.0,269.5,270.1,269.37,751332,202389145.55,16582.0,269150.0,35.82
ITI,EQ,13-May-2025,256.05,257.3,266.8,255.55,261.6,262.35,262.03,565384,148147989.15,16299.0,204803.0,36.22
ITI,EQ,12-May-2025,241.25,256.7,265.35,249.65,257.55,256.05,257.03,620169,159404308.5,16313.0,266568.0,42.98
ITI,EQ,09-May-2025,245.75,236.55,242.35,236.5,241.8,241.25,239.66,213516,51171990.95,7406.0,106342.0,49.81
ITI,EQ,08-May-2025,249.15,252.0,252.95,245.0,245.9,245.75,249.04,146240,36419334.1,5590.0,75504.0,51.63
ITI,EQ,07-May-2025,248.55,245.0,255.25,240.1,250.0,249.15,248.2,219128,54387720.4,8408.0,95365.0,43.52
ITI,EQ,06-May-2025,258.0,258.0,260.55,247.0,248.35,248.55,252.99,220408,55760165.85,7887.0,124988.0,56.71
ITI,EQ,05-May-2025,256.6,258.3,260.4,255.65,258.3,258.0,257.75,135856,35016781.15,5348.0,61020.0,44.92
ITI,EQ,02-May-2025,255.34,257.0,262.8,254.0,256.1,256.6,258.16,201694,52070147.9,6316.0,75457.0,37.41
ITI,EQ,30-Apr-2025,263.16,263.49,263.49,253.12,255.0,255.34,257.31,158902,40887826.69,5230.0,99034.0,62.32
ITI,EQ,29-Apr-2025,260.91,261.09,268.48,261.09,263.49,263.16,264.52,218450,57785369.46,7519.0,91725.0,41.99
ITI,EQ,28-Apr-2025,264.07,264.07,264.07,256.01,260.6,260.91,260.31,241459,62855180.81,7734.0,119871.0,49.64
ITI,EQ,25-Apr-2025,277.97,280.75,281.0,264.07,264.07,264.07,266.33,620855,165354031.79,11086.0,254076.0,40.92
ITI,EQ,24-Apr-2025,281.29,281.0,284.48,276.1,278.0,277.97,280.19,296847,83173522.5,7329.0,158538.0,53.41
ITI,EQ,23-Apr-2025,283.32,287.0,292.39,277.02,281.0,281.29,284.6,867973,247023669.53,16983.0,392535.0,45.22
ITI,EQ,22-Apr-2025,269.83,270.1,283.32,268.11,283.32,283.32,280.21,785426,220085603.59,8997.0,350223.0,44.59
ITI,EQ,21-Apr-2025,264.47,266.99,275.98,262.5,270.2,269.83,270.22,547643,147982048.7,10942.0,213612.0,39.01
ITI,EQ,17-Apr-2025,268.2,268.49,271.9,262.5,264.99,264.47,266.42,606684,161634600.11,13868.0,300331.0,49.50
ITI,EQ,16-Apr-2025,255.43,257.31,268.2,252.8,268.2,268.2,266.83,813243,216999585.21,5835.0,351164.0,43.18
ITI,EQ,15-Apr-2025,252.07,255.99,258.0,252.0,255.5,255.43,255.04,265034,67594255.93,6594.0,161475.0,60.93
ITI,EQ,10-Jan-2025,440.4,447.7,468.0,424.55,441.6,442.7,450.32,39381394,17734190812.0,528738.0,1620871.0,4.12
ITI,EQ,09-Jan-2025,479.5,480.9,489.4,431.55,439.0,440.4,453.07,16277374,7374759777.4,232513.0,2515491.0,15.45
ITI,EQ,08-Jan-2025,489.95,470.0,522.0,452.2,481.4,479.5,489.53,61472738,30092507410.95,788068.0,3584438.0,5.83
ITI,EQ,07-Jan-2025,544.35,575.15,592.7,489.95,489.95,489.95,531.86,21365884,11363574134.8,229981.0,3567808.0,16.70
ITI,EQ,06-Jan-2025,457.1,473.4,548.5,473.4,548.5,544.35,522.59,83978332,43885828391.4,1048920.0,3017013.0,3.59
ITI,EQ,03-Jan-2025,380.95,385.5,457.1,379.05,457.1,457.1,425.22,89246558,37949732622.1,871899.0,7735669.0,8.67
ITI,EQ,02-Jan-2025,381.75,384.75,394.2,375.05,382.9,380.95,380.87,12054836,4591360031.6,150550.0,777871.0,6.45
ITI,EQ,01-Jan-2025,387.15,390.0,402.5,377.5,383.0,381.75,388.51,27842475,10817189327.15,350752.0,1480147.0,5.32
ITI,EQ,31-Dec-2024,379.2,378.55,413.85,371.2,386.1,387.15,392.14,82837891,32484332948.9,1115301.0,2611785.0,3.15
ITI,EQ,30-Dec-2024,328.2,327.7,389.0,325.7,375.1,379.2,372.48,58754985,21885309360.5,708626.0,2808196.0,4.78
ITI,EQ,17-Apr-2026,291.04,292.1,307.93,291.28,297.7,297.33,299.4,3123698,935247476.87,43582.0,709773.0,22.72
ITI,EQ,16-Apr-2026,291.6,294.0,296.75,289.25,292.1,291.04,291.82,808172,235841050.22,12670.0,237718.0,29.41
ITI,EQ,15-Apr-2026,289.07,294.75,296.99,290.88,291.75,291.6,292.9,1331304,389936339.45,16785.0,359870.0,27.03
ITI,EQ,13-Apr-2026,292.46,287.14,291.0,278.49,289.51,289.07,286.29,1863100,533389812.57,26862.0,289721.0,15.55
ITI,EQ,10-Apr-2026,297.39,296.0,298.08,290.15,291.4,292.46,293.8,7160762,2103804293.0,77169.0,590560.0,8.25
ITI,EQ,09-Apr-2026,266.75,268.3,303.9,265.22,293.8,297.39,296.69,96009610,28484762430.81,689394.0,1842653.0,1.92
ITI,EQ,08-Apr-2026,256.84,268.39,268.39,261.63,267.05,266.75,265.94,982278,261226110.65,13189.0,237674.0,24.2
ITI,EQ,07-Apr-2026,258.22,257.0,261.95,255.21,256.25,256.84,258.07,500345,129125152.92,9475.0,178793.0,35.73
ITI,EQ,06-Apr-2026,254.83,254.99,259.54,250.61,257.4,258.22,256.02,581799,148949578.87,14516.0,108743.0,18.69
ITI,EQ,02-Apr-2026,255.34,250.01,256.87,245.87,254.2,254.83,250.8,571761,143399188.93,11171.0,113622.0,19.87
ITI,EQ,01-Apr-2026,239.05,248.79,256.8,245.03,255.53,255.34,253.09,931855,235840968.25,20126.0,162852.0,17.48
ITI,EQ,30-Mar-2026,252.0,251.1,251.1,237.0,238.7,239.05,243.45,764353,186079234.3,16305.0,236055.0,30.88
ITI,EQ,27-Mar-2026,260.6,260.15,260.6,250.0,250.9,252.0,254.99,725989,185119707.7,18146.0,203319.0,28.01
ITI,EQ,25-Mar-2026,256.05,257.0,263.2,257.0,259.9,260.6,260.98,703395,183569769.15,14575.0,200111.0,28.45
ITI,EQ,24-Mar-2026,253.45,262.0,262.3,251.05,258.95,256.05,256.22,941119,241132657.6,17062.0,149270.0,15.86
ITI,EQ,23-Mar-2026,270.6,266.0,269.0,250.05,254.85,253.45,257.26,1289598,331758122.85,24676.0,243554.0,18.89
ITI,EQ,20-Mar-2026,274.55,272.55,274.4,267.1,269.0,270.6,270.14,2147397,580087941.05,35174.0,204753.0,9.53
ITI,EQ,19-Mar-2026,264.4,261.6,285.7,257.5,274.6,274.55,275.29,30474771,8389338003.4,276737.0,890290.0,2.92
ITI,EQ,18-Mar-2026,275.25,275.0,276.55,261.35,263.3,264.4,267.0,7475145,1995875074.45,81693.0,699923.0,9.36
ITI,EQ,17-Mar-2026,277.15,293.15,297.7,270.0,281.9,275.25,283.61,40480691,11480550076.05,306778.0,1837946.0,4.54
ITI,EQ,16-Mar-2026,242.3,243.05,289.8,240.0,287.6,277.15,270.98,87087971,23599107366.85,613340.0,2632598.0,3.02
ITI,EQ,13-Mar-2026,258.95,261.0,261.0,240.45,241.65,242.3,246.1,488634,120250774.1,17292.0,221304.0,45.29
ITI,EQ,12-Mar-2026,253.4,253.35,262.6,246.35,258.2,258.95,255.69,428538,109571089.1,15816.0,84516.0,19.72
ITI,EQ,11-Mar-2026,256.8,256.8,263.9,252.1,252.1,253.4,259.14,249594,64679910.75,9633.0,86871.0,34.8
ITI,EQ,10-Mar-2026,250.8,254.0,257.7,251.25,257.05,256.8,254.48,198775,50585185.1,7225.0,73010.0,36.73
ITI,EQ,09-Mar-2026,259.15,253.0,253.9,246.1,251.0,250.8,248.99,245110,61029182.8,10386.0,71842.0,29.31
ITI,EQ,06-Mar-2026,256.7,258.05,268.2,256.1,258.5,259.15,262.55,441526,115924074.4,14208.0,101599.0,23.01
ITI,EQ,05-Mar-2026,253.3,255.0,262.55,252.5,257.4,256.7,256.59,377816,96942888.45,13977.0,114957.0,30.43
ITI,EQ,04-Mar-2026,260.5,255.3,257.05,250.55,254.5,253.3,253.33,278853,70641185.05,11172.0,119179.0,42.74
ITI,EQ,02-Mar-2026,270.3,251.1,267.0,251.1,263.5,260.5,261.23,379240,99069852.1,11998.0,156948.0,41.38
ITI,EQ,27-Feb-2026,273.6,273.0,274.65,268.0,269.0,270.3,271.7,114609,31139012.7,4404.0,44575.0,38.89
ITI,EQ,26-Feb-2026,270.8,272.0,277.6,272.0,273.0,273.6,273.84,245016,67095481.85,6853.0,61776.0,25.21
ITI,EQ,25-Feb-2026,273.5,274.9,278.2,270.0,271.7,270.8,273.73,203931,55821912.65,6252.0,78308.0,38.4
ITI,EQ,24-Feb-2026,278.45,276.0,278.35,272.15,273.55,273.5,273.92,191152,52359611.9,5953.0,72254.0,37.8
ITI,EQ,23-Feb-2026,280.6,280.9,282.75,276.5,278.9,278.45,279.4,155455,43434583.45,5712.0,56465.0,36.32
ITI,EQ,20-Feb-2026,281.75,283.0,283.35,278.5,279.9,280.6,280.74,185673,52126079.75,5288.0,57305.0,30.86
ITI,EQ,19-Feb-2026,285.8,288.0,288.0,280.0,281.6,281.75,283.48,180101,51055886.6,5218.0,69608.0,38.65
ITI,EQ,18-Feb-2026,283.85,286.9,289.9,284.9,285.5,285.8,286.44,223911,64137458.3,6159.0,72296.0,32.29
ITI,EQ,17-Feb-2026,282.75,283.5,287.0,282.85,284.9,283.85,284.89,188239,53628096.9,5669.0,62658.0,33.29
ITI,EQ,16-Feb-2026,289.1,289.8,289.8,281.55,282.75,282.75,283.83,352116,99940347.4,9561.0,141159.0,40.09
ITI,EQ,13-Feb-2026,293.6,291.95,291.95,285.8,288.0,289.1,288.55,243309,70207839.95,9590.0,74733.0,30.72
ITI,EQ,12-Feb-2026,293.5,293.0,296.55,288.75,292.0,293.6,292.92,360751,105669478.6,9057.0,121180.0,33.59
ITI,EQ,11-Feb-2026,296.0,297.8,298.0,291.4,293.4,293.5,293.66,231689,68037641.9,5917.0,80751.0,34.85
ITI,EQ,10-Feb-2026,294.0,296.0,305.6,294.5,295.65,296.0,299.37,737642,220826664.55,13761.0,194560.0,26.38
ITI,EQ,09-Feb-2026,289.9,290.25,295.35,290.25,294.5,294.0,293.46,447703,131384289.95,9557.0,174780.0,39.04
ITI,EQ,06-Feb-2026,293.35,291.9,291.9,287.6,290.0,289.9,289.27,281882,81540799.85,6313.0,82288.0,29.19
ITI,EQ,05-Feb-2026,290.75,290.8,300.8,288.8,291.0,293.35,295.03,940925,277600588.0,21089.0,157347.0,16.72
ITI,EQ,04-Feb-2026,289.3,289.5,292.0,287.0,291.3,290.75,290.5,288425,83787068.2,6313.0,89894.0,31.17
ITI,EQ,03-Feb-2026,283.45,295.0,295.95,285.9,289.4,289.3,289.29,317971,91984813.0,9224.0,123018.0,38.69
ITI,EQ,02-Feb-2026,282.8,284.5,287.9,276.5,285.0,283.45,282.0,406319,114582697.9,12130.0,92142.0,22.68
ITI,EQ,01-Feb-2026,288.95,290.7,298.85,281.3,283.5,282.8,290.38,656217,190552488.55,18965.0,137761.0,20.99
ITI,EQ,30-Jan-2026,291.35,288.5,295.8,285.7,289.6,288.95,290.45,567610,164860958.1,13710.0,125243.0,22.06
ITI,EQ,29-Jan-2026,292.9,295.0,296.0,286.05,290.8,291.35,290.3,541792,157282216.9,12726.0,150693.0,27.81
ITI,EQ,28-Jan-2026,279.05,282.0,302.0,281.8,293.7,292.9,294.02,2246016,660367537.0,47061.0,198500.0,8.84
ITI,EQ,27-Jan-2026,279.65,280.0,283.5,271.0,281.2,279.05,276.71,470325,130144120.0,15539.0,107164.0,22.79
ITI,EQ,23-Jan-2026,290.7,292.0,292.0,277.0,278.5,279.65,284.35,302733,86081494.35,8748.0,116189.0,38.38
ITI,EQ,22-Jan-2026,286.6,291.9,293.8,288.0,290.2,290.7,290.55,340402,98905308.9,7998.0,80471.0,23.64
ITI,EQ,21-Jan-2026,290.55,290.55,291.75,281.25,289.4,286.6,286.61,605205,173458014.2,14240.0,138792.0,22.93
ITI,EQ,20-Jan-2026,297.6,297.0,300.7,289.0,290.5,290.55,293.56,617105,181156478.8,14159.0,143478.0,23.25
ITI,EQ,19-Jan-2026,301.95,299.1,300.0,296.2,297.25,297.6,297.67,286699,85342670.4,7115.0,79972.0,27.89
ITI,EQ,16-Jan-2026,301.05,302.35,304.9,300.5,301.0,301.95,302.43,507557,153502412.3,9176.0,119832.0,23.61
ITI,EQ,14-Jan-2026,305.0,305.0,305.0,300.1,300.85,301.05,301.79,640265,193223585.65,11965.0,196611.0,30.71
ITI,EQ,13-Jan-2026,296.1,298.8,317.85,298.35,303.0,305.0,311.76,15723808,4901993325.05,150524.0,734384.0,4.67
ITI,EQ,12-Jan-2026,298.55,300.5,300.5,289.3,297.0,296.1,293.79,531006,156006007.1,14514.0,140383.0,26.44
ITI,EQ,09-Jan-2026,303.6,303.0,304.35,296.5,300.0,298.55,299.88,419831,125899172.3,11339.0,139980.0,33.34
ITI,EQ,08-Jan-2026,310.1,310.1,311.35,301.1,302.6,303.6,306.0,338433,103561526.55,7496.0,132250.0,39.08
ITI,EQ,07-Jan-2026,309.45,310.0,310.95,307.2,309.05,310.1,309.15,278370,86058261.25,6073.0,89805.0,32.26
ITI,EQ,06-Jan-2026,312.25,313.45,314.25,308.15,309.5,309.45,310.13,305608,94777304.15,8076.0,122944.0,40.23
ITI,EQ,05-Jan-2026,312.05,313.0,321.45,311.3,312.5,312.25,314.09,530592,166656091.3,10674.0,161323.0,30.4
ITI,EQ,02-Jan-2026,310.85,311.95,314.4,310.35,312.65,312.05,312.22,422132,131796246.7,9178.0,152923.0,36.23
ITI,EQ,01-Jan-2026,309.85,312.4,314.85,310.1,310.55,310.85,311.9,419012,130689382.35,8795.0,128123.0,30.58
ITI,EQ,31-Dec-2025,310.25,311.75,316.95,308.15,310.0,309.85,312.33,582173,181832360.15,12382.0,169288.0,29.08
ITI,EQ,30-Dec-2025,312.55,313.35,315.0,307.2,310.3,310.25,310.03,509591,157990463.4,12064.0,152674.0,29.96
ITI,EQ,29-Dec-2025,313.95,314.35,314.35,306.05,311.85,312.55,310.78,796799,247629468.45,16166.0,232411.0,29.17
